step,timestamp_ns,experiment_time_s,reference_index,tick_dt_ms,solver_ms,px4_collective_command_newton,px4_collective_normalized,px4_thrust_body_z,state_raw_0,state_raw_1,state_raw_2,state_raw_3,state_raw_4,state_raw_5,state_raw_6,state_raw_7,state_raw_8,state_raw_9,state_raw_10,state_raw_11,state_raw_12,state_raw_13,state_raw_14,state_raw_15,state_raw_16,state_raw_17,state_used_0,state_used_1,state_used_2,state_used_3,state_used_4,state_used_5,state_used_6,state_used_7,state_used_8,state_used_9,state_used_10,state_used_11,state_used_12,state_used_13,state_used_14,state_used_15,state_used_16,state_used_17,control_raw_0,control_raw_1,control_raw_2,control_raw_3,control_used_0,control_used_1,control_used_2,control_used_3,reference_0,reference_1,reference_2,reference_3,reference_4,reference_5,reference_6,reference_7,reference_8,reference_9,reference_10,reference_11,reference_12,reference_13,reference_14,reference_15,reference_16,reference_17
0,1774965285214778042,0.0,0,0.0,0.4079179998370819,42.189759772215865,0.6804799963260624,-0.6804799963260624,-2.6605435778037645e-05,0.0005465015419758856,0.05917173624038696,-0.007780639920383692,0.008445526473224163,0.02541697956621647,0.9946462978894017,-0.10333568687422834,0.000710535558747556,0.10333526646126923,0.994646411347661,0.0006050175444663594,-0.000769251530389121,-0.0005283550816929843,0.9999995645464058,-0.00034342892467975616,-0.00023315260477829725,-0.0005886843428015709,-2.6605435778037645e-05,0.0005465015419758856,0.05917173624038696,-0.007780639920383692,0.008445526473224163,0.02541697956621647,0.9946462978894017,-0.10333568687422834,0.000710535558747556,0.10333526646126923,0.994646411347661,0.0006050175444663594,-0.000769251530389121,-0.0005283550816929843,0.9999995645464058,-0.00034342892467975616,-0.00023315260477829725,-0.0005886843428015709,42.189759772215865,-0.0003724854313773666,0.004047576718928239,5.224356836087748e-06,42.189759772215865,-0.0003724854313773666,0.004047576718928239,5.224356836087748e-06,0.0037951108533889055,0.004124825820326805,0.056886106729507446,0.0,0.0,0.0,0.9946358451028738,-0.10343855971779574,0.0,0.10343855971779574,0.9946358451028738,0.0,0.0,0.0,1.0,0.0,0.0,0.0
1,1774965285224854916,0.010076874,10,10.076874,0.28820999978051987,42.18963982160901,0.680478061638855,-0.680478061638855,-2.6605435778037645e-05,0.0005465015419758856,0.05917173624038696,-0.007780639920383692,0.008445526473224163,0.02541697956621647,0.9946462978894017,-0.10333568687422834,0.000710535558747556,0.10333526646126923,0.994646411347661,0.0006050175444663594,-0.000769251530389121,-0.0005283550816929843,0.9999995645464058,-0.00034342892467975616,-0.00023315260477829725,-0.0005886843428015709,-2.6605435778037645e-05,0.0005465015419758856,0.05917173624038696,-0.007780639920383692,0.008445526473224163,0.02541697956621647,0.9946462978894017,-0.10333568687422834,0.000710535558747556,0.10333526646126923,0.994646411347661,0.0006050175444663594,-0.000769251530389121,-0.0005283550816929843,0.9999995645464058,-0.00034342892467975616,-0.00023315260477829725,-0.0005886843428015709,42.18963982160901,-0.0003724824339076288,0.004047583010875111,5.224356735402758e-06,42.18963982160901,-0.0003724824339076288,0.004047583010875111,5.224356735402758e-06,0.0037951108533889055,0.004124825820326805,0.056886106729507446,0.0,0.0,0.0,0.9946358451028738,-0.10343855971779574,0.0,0.10343855971779574,0.9946358451028738,0.0,0.0,0.0,1.0,0.0,0.0,0.0
2,1774965285234822859,0.020044817,20,9.967943,0.4688970002462156,42.19068887812009,0.6804949819051628,-0.6804949819051628,-0.0004769840161316097,-0.0001903813099488616,0.059265702962875366,-0.00813684705644846,0.007502466440200806,0.02515420690178871,0.9946478344264323,-0.10332104053690383,0.0007178430756934898,0.10332056453266358,0.9946479163433094,0.0006713449464260291,-0.0007833651335929048,-0.0005935838490759562,0.9999995169985388,3.130472032353282e-05,-0.0018137004226446152,0.0004820924950763583,-0.0004769840161316097,-0.0001903813099488616,0.059265702962875366,-0.00813684705644846,0.007502466440200806,0.02515420690178871,0.9946478344264323,-0.10332104053690383,0.0007178430756934898,0.10332056453266358,0.9946479163433094,0.0006713449464260291,-0.0007833651335929048,-0.0005935838490759562,0.9999995169985388,3.130472032353282e-05,-0.0018137004226446152,0.0004820924950763583,42.19068887812009,-0.0009328461963722603,0.0045615534117324445,-0.00016723341538352914,42.19068887812009,-0.0009328461963722603,0.0045615534117324445,-0.00016723341538352914,0.0037951108533889055,0.004124825820326805,0.056886106729507446,0.0,0.0,0.0,0.9946358451028738,-0.10343855971779574,0.0,0.10343855971779574,0.9946358451028738,0.0,0.0,0.0,1.0,0.0,0.0,0.0
3,1774965285244920967,0.030142925,30,10.098108,0.5066869998699985,42.190563732962424,0.6804929634348779,-0.6804929634348779,-0.0004769840161316097,-0.0001903813099488616,0.059265702962875366,-0.00813684705644846,0.007502466440200806,0.02515420690178871,0.9946478344264323,-0.10332104053690383,0.0007178430756934898,0.10332056453266358,0.9946479163433094,0.0006713449464260291,-0.0007833651335929048,-0.0005935838490759562,0.9999995169985388,3.130472032353282e-05,-0.0018137004226446152,0.0004820924950763583,-0.0004769840161316097,-0.0001903813099488616,0.059265702962875366,-0.00813684705644846,0.007502466440200806,0.02515420690178871,0.9946478344264323,-0.10332104053690383,0.0007178430756934898,0.10332056453266358,0.9946479163433094,0.0006713449464260291,-0.0007833651335929048,-0.0005935838490759562,0.9999995169985388,3.130472032353282e-05,-0.0018137004226446152,0.0004820924950763583,42.190563732962424,-0.00093284396136487,0.0045615602743559235,-0.000167233415715441,42.190563732962424,-0.00093284396136487,0.0045615602743559235,-0.000167233415715441,0.0037951108533889055,0.004124825820326805,0.056886106729507446,0.0,0.0,0.0,0.9946358451028738,-0.10343855971779574,0.0,0.10343855971779574,0.9946358451028738,0.0,0.0,0.0,1.0,0.0,0.0,0.0
4,1774965285254805436,0.040027394,40,9.884469,0.46248099988588365,42.19234546380269,0.6805217010290756,-0.6805217010290756,-0.0007678911788389087,-0.0007032280554994941,0.05932071805000305,-0.008350743912160397,0.006873867474496365,0.02490655705332756,0.9946473577545026,-0.10332549541681857,0.0007245660407828357,0.10332499037977039,0.9946474257090608,0.0007029796782777589,-0.0007933234373258833,-0.000624351102599059,0.9999994904116938,-0.0005305048543959856,-0.0006023998721502721,-0.0005227953661233187,-0.0007678911788389087,-0.0007032280554994941,0.05932071805000305,-0.008350743912160397,0.006873867474496365,0.02490655705332756,0.9946473577545026,-0.10332549541681857,0.0007245660407828357,0.10332499037977039,0.9946474257090608,0.0007029796782777589,-0.0007933234373258833,-0.000624351102599059,0.9999994904116938,-0.0005305048543959856,-0.0006023998721502721,-0.0005227953661233187,42.19234546380269,-0.0010740775886991642,0.004336216311902315,-1.2949760727546297e-05,42.19234546380269,-0.0010740775886991642,0.004336216311902315,-1.2949760727546297e-05,0.0037951108533889055,0.004124825820326805,0.056886106729507446,0.0,0.0,0.0,0.9946358451028738,-0.10343855971779574,0.0,0.10343855971779574,0.9946358451028738,0.0,0.0,0.0,1.0,0.0,0.0,0.0
5,1774965285264933912,0.05015587,50,10.128476,0.48595200041745557,42.192217040304804,0.6805196296823356,-0.6805196296823356,-0.0007678911788389087,-0.0007032280554994941,0.05932071805000305,-0.008350743912160397,0.006873867474496365,0.02490655705332756,0.9946473577545026,-0.10332549541681857,0.0007245660407828357,0.10332499037977039,0.9946474257090608,0.0007029796782777589,-0.0007933234373258833,-0.000624351102599059,0.9999994904116938,-0.0005305048543959856,-0.0006023998721502721,-0.0005227953661233187,-0.0007678911788389087,-0.0007032280554994941,0.05932071805000305,-0.008350743912160397,0.006873867474496365,0.02490655705332756,0.9946473577545026,-0.10332549541681857,0.0007245660407828357,0.10332499037977039,0.9946474257090608,0.0007029796782777589,-0.0007933234373258833,-0.000624351102599059,0.9999994904116938,-0.0005305048543959856,-0.0006023998721502721,-0.0005227953661233187,42.192217040304804,-0.0010740759120930474,0.0043362235387690105,-1.2949761225173478e-05,42.192217040304804,-0.0010740759120930474,0.0043362235387690105,-1.2949761225173478e-05,0.0037951108533889055,0.004124825820326805,0.056886106729507446,0.0,0.0,0.0,0.9946358451028738,-0.10343855971779574,0.0,0.10343855971779574,0.9946358451028738,0.0,0.0,0.0,1.0,0.0,0.0,0.0
6,1774965285274775770,0.059997728,59,9.841858,0.2726880002228427,42.19552338872161,0.6805729578826066,-0.6805729578826066,-0.0011912998743355274,-0.001504100626334548,0.05936819314956665,-0.008750386536121368,0.005987043492496014,0.024555301293730736,0.9946494994518342,-0.10330588999352952,0.0007232423179830312,0.10330533220922988,0.9946495220331759,0.0007703264085167092,-0.00079895169852262,-0.0006914899924131516,0.9999994417587961,0.001326572266407311,-0.0005199418519623578,0.001638184068724513,-0.0011912998743355274,-0.001504100626334548,0.05936819314956665,-0.008750386536121368,0.005987043492496014,0.024555301293730736,0.9946494994518342,-0.10330588999352952,0.0007232423179830312,0.10330533220922988,0.9946495220331759,0.0007703264085167092,-0.00079895169852262,-0.0006914899924131516,0.9999994417587961,0.001326572266407311,-0.0005199418519623578,0.001638184068724513,42.19552338872161,-0.0020048018663577217,0.004418386092454521,-0.0003529433664418062,42.19552338872161,-0.0020048018663577217,0.004418386092454521,-0.0003529433664418062,0.0037951108533889055,0.004124825820326805,0.056886106729507446,0.0,0.0,0.0,0.9946358451028738,-0.10343855971779574,0.0,0.10343855971779574,0.9946358451028738,0.0,0.0,0.0,1.0,0.0,0.0,0.0
7,1774965285284926543,0.070148501,70,10.150773,0.3577350007617497,42.195392172735836,0.6805708414957393,-0.6805708414957393,-0.0011912998743355274,-0.001504100626334548,0.05936819314956665,-0.008750386536121368,0.005987043492496014,0.024555301293730736,0.9946494994518342,-0.10330588999352952,0.0007232423179830312,0.10330533220922988,0.9946495220331759,0.0007703264085167092,-0.00079895169852262,-0.0006914899924131516,0.9999994417587961,0.001326572266407311,-0.0005199418519623578,0.001638184068724513,-0.0011912998743355274,-0.001504100626334548,0.05936819314956665,-0.008750386536121368,0.005987043492496014,0.024555301293730736,0.9946494994518342,-0.10330588999352952,0.0007232423179830312,0.10330533220922988,0.9946495220331759,0.0007703264085167092,-0.00079895169852262,-0.0006914899924131516,0.9999994417587961,0.001326572266407311,-0.0005199418519623578,0.001638184068724513,42.195392172735836,-0.0020048010801465553,0.004418393806246881,-0.00035294336723384033,42.195392172735836,-0.0020048010801465553,0.004418393806246881,-0.00035294336723384033,0.0037951108533889055,0.004124825820326805,0.056886106729507446,0.0,0.0,0.0,0.9946358451028738,-0.10343855971779574,0.0,0.10343855971779574,0.9946358451028738,0.0,0.0,0.0,1.0,0.0,0.0,0.0
8,1774965285294801695,0.080023653,80,9.875152,0.3324109993627644,42.19802854639221,0.6806133636514873,-0.6806133636514873,-0.0014871727908030152,-0.0020870473235845566,0.05938401818275452,-0.00905916839838028,0.005306667648255825,0.0243135504424572,0.9946491666893524,-0.10330751039181019,0.0007240049104570047,0.10330692571399092,0.994649166595782,0.000803226098118589,-0.0008031102197364726,-0.000724133447659686,0.9999994153221732,0.000863201217725873,-0.0002283158537466079,-0.0006229796563275158,-0.0014871727908030152,-0.0020870473235845566,0.05938401818275452,-0.00905916839838028,0.005306667648255825,0.0243135504424572,0.9946491666893524,-0.10330751039181019,0.0007240049104570047,0.10330692571399092,0.994649166595782,0.000803226098118589,-0.0008031102197364726,-0.000724133447659686,0.9999994153221732,0.000863201217725873,-0.0002283158537466079,-0.0006229796563275158,42.19802854639221,-0.002195412305087637,0.004426180353270734,-1.2493127705151201e-05,42.19802854639221,-0.002195412305087637,0.004426180353270734,-1.2493127705151201e-05,0.0037951108533889055,0.004124825820326805,0.056886106729507446,0.0,0.0,0.0,0.9946358451028738,-0.10343855971779574,0.0,0.10343855971779574,0.9946358451028738,0.0,0.0,0.0,1.0,0.0,0.0,0.0
9,1774965285304933628,0.090155586,90,10.131933,0.30104899997240864,42.197896738908184,0.6806112377243255,-0.6806112377243255,-0.0014871727908030152,-0.0020870473235845566,0.05938401818275452,-0.00905916839838028,0.005306667648255825,0.0243135504424572,0.9946491666893524,-0.10330751039181019,0.0007240049104570047,0.10330692571399092,0.994649166595782,0.000803226098118589,-0.0008031102197364726,-0.000724133447659686,0.9999994153221732,0.000863201217725873,-0.0002283158537466079,-0.0006229796563275158,-0.0014871727908030152,-0.0020870473235845566,0.05938401818275452,-0.00905916839838028,0.005306667648255825,0.0243135504424572,0.9946491666893524,-0.10330751039181019,0.0007240049104570047,0.10330692571399092,0.994649166595782,0.000803226098118589,-0.0008031102197364726,-0.000724133447659686,0.9999994153221732,0.000863201217725873,-0.0002283158537466079,-0.0006229796563275158,42.197896738908184,-0.0021954122158612662,0.0044261883470314446,-1.2493128713532405e-05,42.197896738908184,-0.0021954122158612662,0.0044261883470314446,-1.2493128713532405e-05,0.0037951108533889055,0.004124825820326805,0.056886106729507446,0.0,0.0,0.0,0.9946358451028738,-0.10343855971779574,0.0,0.10343855971779574,0.9946358451028738,0.0,0.0,0.0,1.0,0.0,0.0,0.0
10,1774965285314931619,0.100153577,100,9.997991,0.3451309994488838,42.19888769312711,0.6806272208568889,-0.6806272208568889,-0.001633907319046557,-0.0023736117873340845,0.05939468741416931,-0.009146247059106827,0.004967082757502794,0.02420765720307827,0.994650413708321,-0.10329672367787168,0.0007241418729751758,0.10329612384544684,0.9946503999876697,0.0008219470445882532,-0.0008051723054072341,-0.0007427489178104263,0.9999994000106716,-6.771794869564474e-05,-0.0007908640545792878,0.0007730621146038175,-0.001633907319046557,-0.0023736117873340845,0.05939468741416931,-0.009146247059106827,0.004967082757502794,0.02420765720307827,0.994650413708321,-0.10329672367787168,0.0007241418729751758,0.10329612384544684,0.9946503999876697,0.0008219470445882532,-0.0008051723054072341,-0.0007427489178104263,0.9999994000106716,-6.771794869564474e-05,-0.0007908640545792878,0.0007730621146038175,42.19888769312711,-0.0021194413035945203,0.004592615708463775,-0.00023060690862156604,42.19888769312711,-0.0021194413035945203,0.004592615708463775,-0.00023060690862156604,0.0037951108533889055,0.004124825820326805,0.056886106729507446,0.0,0.0,0.0,0.9946358451028738,-0.10343855971779574,0.0,0.10343855971779574,0.9946358451028738,0.0,0.0,0.0,1.0,0.0,0.0,0.0
11,1774965285324878442,0.1101004,110,9.946823,0.3112109998255619,42.19999645337328,0.6806451040866658,-0.6806451040866658,-0.001779547892510891,-0.0026571075432002544,0.05940738320350647,-0.009275929071009159,0.004638149868696928,0.024088939651846886,0.994651140062741,-0.10328930987895801,0.0007305970597410445,0.10328868665740876,0.9946511143160014,0.0008448277398589786,-0.0008139507743182496,-0.0007648464621897726,0.9999993762468485,0.0006747115403413773,-0.000831298646517098,0.00010807617218233645,-0.001779547892510891,-0.0026571075432002544,0.05940738320350647,-0.009275929071009159,0.004638149868696928,0.024088939651846886,0.994651140062741,-0.10328930987895801,0.0007305970597410445,0.10328868665740876,0.9946511143160014,0.0008448277398589786,-0.0008139507743182496,-0.0007648464621897726,0.9999993762468485,0.0006747115403413773,-0.000831298646517098,0.00010807617218233645,42.19999645337328,-0.00247045527138124,0.00465316852128386,-0.00013684837897884008,42.19999645337328,-0.00247045527138124,0.00465316852128386,-0.00013684837897884008,0.0037951108533889055,0.004124825820326805,0.056886106729507446,0.0,0.0,0.0,0.9946358451028738,-0.10343855971779574,0.0,0.10343855971779574,0.9946358451028738,0.0,0.0,0.0,1.0,0.0,0.0,0.0
12,1774965285334909425,0.120131383,120,10.030983,0.33610899936320493,42.20186249407727,0.6806752015173753,-0.6806752015173753,-0.0020753464195877314,-0.0032793078571558,0.0594174861907959,-0.009576518088579178,0.0039031743071973324,0.023916445672512054,0.9946516316765808,-0.10328509857771029,0.0007322788308361202,0.10328443780033125,0.9946515724103138,0.0008891722038625492,-0.0008202003617644551,-0.0008087835685608078,0.9999993365700979,0.0002846306306309998,2.878077793866396e-07,-0.0016017429297789931,-0.0020753464195877314,-0.0032793078571558,0.0594174861907959,-0.009576518088579178,0.0039031743071973324,0.023916445672512054,0.9946516316765808,-0.10328509857771029,0.0007322788308361202,0.10328443780033125,0.9946515724103138,0.0008891722038625492,-0.0008202003617644551,-0.0008087835685608078,0.9999993365700979,0.0002846306306309998,2.878077793866396e-07,-0.0016017429297789931,42.20186249407727,-0.0027240149369682455,0.0045247983194726,0.00011617726028785274,42.20186249407727,-0.0027240149369682455,0.0045247983194726,0.00011617726028785274,0.0037951108533889055,0.004124825820326805,0.056886106729507446,0.0,0.0,0.0,0.9946358451028738,-0.10343855971779574,0.0,0.10343855971779574,0.9946358451028738,0.0,0.0,0.0,1.0,0.0,0.0,0.0
13,1774965285344892987,0.130114945,130,9.983562,0.5045469997639884,42.20214647997916,0.6806797819351478,-0.6806797819351478,-0.0022223738487809896,-0.0035859488416463137,0.05942600965499878,-0.009746186435222626,0.0034787296317517757,0.023868627846240997,0.9946522686531811,-0.10327785433737802,0.0007242254616800494,0.10327717901645195,0.9946521815160192,0.0009150605525085872,-0.0008148579452361302,-0.0008353710931008765,0.9999993190805935,0.0011662619654089212,0.0008522971766069531,0.00016087788389995694,-0.0022223738487809896,-0.0035859488416463137,0.05942600965499878,-0.009746186435222626,0.0034787296317517757,0.023868627846240997,0.9946522686531811,-0.10327785433737802,0.0007242254616800494,0.10327717901645195,0.9946521815160192,0.0009150605525085872,-0.0008148579452361302,-0.0008353710931008765,0.9999993190805935,0.0011662619654089212,0.0008522971766069531,0.00016087788389995694,42.20214647997916,-0.003140726379408463,0.004332008120006442,-0.00015406155760583015,42.20214647997916,-0.003140726379408463,0.004332008120006442,-0.00015406155760583015,0.0037951108533889055,0.004124825820326805,0.056886106729507446,0.0,0.0,0.0,0.9946358451028738,-0.10343855971779574,0.0,0.10343855971779574,0.9946358451028738,0.0,0.0,0.0,1.0,0.0,0.0,0.0
14,1774965285354894391,0.140116349,140,10.001404,0.45286300064617535,42.203480923575825,0.6807013052189649,-0.6807013052189649,-0.002368505112826824,-0.0038891155272722244,0.05943658947944641,-0.009899708442389965,0.003124550450593233,0.02373628132045269,0.994652988117841,-0.10327061175244268,0.0007250596390023945,0.10326991979302536,0.994652885160954,0.0009345811582749863,-0.0008176974998886999,-0.0008547070961380087,0.9999993004230165,-0.00020307676459196955,-0.0006547223892994225,0.0001528393040644005,-0.002368505112826824,-0.0038891155272722244,0.05943658947944641,-0.009899708442389965,0.003124550450593233,0.02373628132045269,0.994652988117841,-0.10327061175244268,0.0007250596390023945,0.10326991979302536,0.994652885160954,0.0009345811582749863,-0.0008176974998886999,-0.0008547070961380087,0.9999993004230165,-0.00020307676459196955,-0.0006547223892994225,0.0001528393040644005,42.203480923575825,-0.002963604821477485,0.0047492962152037976,-0.00015870916354877027,42.203480923575825,-0.002963604821477485,0.0047492962152037976,-0.00015870916354877027,0.0037951108533889055,0.004124825820326805,0.056886106729507446,0.0,0.0,0.0,0.9946358451028738,-0.10343855971779574,0.0,0.10343855971779574,0.9946358451028738,0.0,0.0,0.0,1.0,0.0,0.0,0.0
15,1774965285364946636,0.150168594,150,10.052245,0.4994669998268364,42.206466701506116,0.680749462927518,-0.680749462927518,-0.0026429560966789722,-0.004497949965298176,0.05943608283996582,-0.010096997953951359,0.002439530799165368,0.02349717542529106,0.9946547238866175,-0.10325559137268714,0.0007181780722657826,0.10325487157855795,0.994654578978833,0.0009760589126260062,-0.0008151224432213482,-0.000896686203170829,0.9999992657644423,-0.0009759418317116797,4.107528366148472e-05,-0.0001669384364504367,-0.0026429560966789722,-0.004497949965298176,0.05943608283996582,-0.010096997953951359,0.002439530799165368,0.02349717542529106,0.9946547238866175,-0.10325559137268714,0.0007181780722657826,0.10325487157855795,0.994654578978833,0.0009760589126260062,-0.0008151224432213482,-0.000896686203170829,0.9999992657644423,-0.0009759418317116797,4.107528366148472e-05,-0.0001669384364504367,42.206466701506116,-0.0030998202573755016,0.0046107095995714465,-0.00012289225224625458,42.206466701506116,-0.0030998202573755016,0.0046107095995714465,-0.00012289225224625458,0.0037951108533889055,0.004124825820326805,0.056886106729507446,0.0,0.0,0.0,0.9946358451028738,-0.10343855971779574,0.0,0.10343855971779574,0.9946358451028738,0.0,0.0,0.0,1.0,0.0,0.0,0.0
16,1774965285374887568,0.160109526,160,9.940932,0.3144849997624988,42.20753303760651,0.6807666618968792,-0.6807666618968792,-0.002778991824015975,-0.004797475878149271,0.05943891406059265,-0.010192898102104664,0.002123726299032569,0.02339976839721203,0.9946558844318241,-0.10324479420124888,0.0007097123293638812,0.10324407177184658,0.9946557211962506,0.0009887322336805428,-0.000808000624497509,-0.0009101747146464008,0.9999992593583228,-0.0002938488032668829,0.0005192598327994347,0.000570706557482481,-0.002778991824015975,-0.004797475878149271,0.05943891406059265,-0.010192898102104664,0.002123726299032569,0.02339976839721203,0.9946558844318241,-0.10324479420124888,0.0007097123293638812,0.10324407177184658,0.9946557211962506,0.0009887322336805428,-0.000808000624497509,-0.0009101747146464008,0.9999992593583228,-0.0002938488032668829,0.0005192598327994347,0.000570706557482481,42.20753303760651,-0.00340871476029768,0.0044962517222119445,-0.00024224698193633666,42.20753303760651,-0.00340871476029768,0.0044962517222119445,-0.00024224698193633666,0.0037951108533889055,0.004124825820326805,0.056886106729507446,0.0,0.0,0.0,0.9946358451028738,-0.10343855971779574,0.0,0.10343855971779574,0.9946358451028738,0.0,0.0,0.0,1.0,0.0,0.0,0.0
17,1774965285384897015,0.170118973,170,10.009447,0.32183700022869743,42.20855807991528,0.6807831948373432,-0.6807831948373432,-0.002914260607212782,-0.005093560088425875,0.05944374203681946,-0.010320112109184265,0.0018369812751188874,0.023301679641008377,0.9946567746659402,-0.10323596179937433,0.0007085865200756603,0.10323522045890443,0.9946565877548902,0.0010134025709525527,-0.0008094196201251028,-0.0009348366198447255,0.999999235459986,0.0016248986357823014,-0.00015441325376741588,-0.0003070718958042562,-0.002914260607212782,-0.005093560088425875,0.05944374203681946,-0.010320112109184265,0.0018369812751188874,0.023301679641008377,0.9946567746659402,-0.10323596179937433,0.0007085865200756603,0.10323522045890443,0.9946565877548902,0.0010134025709525527,-0.0008094196201251028,-0.0009348366198447255,0.999999235459986,0.0016248986357823014,-0.00015441325376741588,-0.0003070718958042562,42.20855807991528,-0.004051064198382106,0.0046950789411125725,-0.00011771485718505687,42.20855807991528,-0.004051064198382106,0.0046950789411125725,-0.00011771485718505687,0.0037951108533889055,0.004124825820326805,0.056886106729507446,0.0,0.0,0.0,0.9946358451028738,-0.10343855971779574,0.0,0.10343855971779574,0.9946358451028738,0.0,0.0,0.0,1.0,0.0,0.0,0.0
18,1774965285394873569,0.180095527,180,9.976554,0.5597509998551686,42.21144874195652,0.6808298184186535,-0.6808298184186535,-0.0031932941637933254,-0.00567474402487278,0.05943852663040161,-0.010594555176794529,0.0013039812911301851,0.023078594356775284,0.9946578928427963,-0.10322429751664797,0.0007083836605799206,0.10322353619302427,0.9946576821798905,0.0010382947400029967,-0.000811776426993956,-0.0009596261825687256,0.9999992100680283,-0.001292424276471138,9.516750287730247e-05,0.00024589081294834614,-0.0031932941637933254,-0.00567474402487278,0.05943852663040161,-0.010594555176794529,0.0013039812911301851,0.023078594356775284,0.9946578928427963,-0.10322429751664797,0.0007083836605799206,0.10322353619302427,0.9946576821798905,0.0010382947400029967,-0.000811776426993956,-0.0009596261825687256,0.9999992100680283,-0.001292424276471138,9.516750287730247e-05,0.00024589081294834614,42.21144874195652,-0.0035767270140763196,0.004704710728466372,-0.0002100831958918563,42.21144874195652,-0.0035767270140763196,0.004704710728466372,-0.0002100831958918563,0.0037951108533889055,0.004124825820326805,0.056886106729507446,0.0,0.0,0.0,0.9946358451028738,-0.10343855971779574,0.0,0.10343855971779574,0.9946358451028738,0.0,0.0,0.0,1.0,0.0,0.0,0.0
19,1774965285404923758,0.190145716,190,10.050189,0.30945799971959786,42.212780009203414,0.6808512904710228,-0.6808512904710228,-0.0033320977818220854,-0.0059602223336696625,0.059438854455947876,-0.010710634291172028,0.001019426854327321,0.022965246811509132,0.994658177679037,-0.1032221848352799,0.0007121065914258845,0.10322141194543599,0.9946579605973566,0.0010480925030096032,-0.000816488704679711,-0.0009689891060004618,0.9999991972029105,-0.0005923907738178968,-0.0008631829405203462,-1.3690171726921108e-05,-0.0033320977818220854,-0.0059602223336696625,0.059438854455947876,-0.010710634291172028,0.001019426854327321,0.022965246811509132,0.994658177679037,-0.1032221848352799,0.0007121065914258845,0.10322141194543599,0.9946579605973566,0.0010480925030096032,-0.000816488704679711,-0.0009689891060004618,0.9999991972029105,-0.0005923907738178968,-0.0008631829405203462,-1.3690171726921108e-05,42.212780009203414,-0.0038751883275541955,0.004985136303054458,-0.00017287287094983717,42.212780009203414,-0.0038751883275541955,0.004985136303054458,-0.00017287287094983717,0.0037951108533889055,0.004124825820326805,0.056886106729507446,0.0,0.0,0.0,0.9946358451028738,-0.10343855971779574,0.0,0.10343855971779574,0.9946358451028738,0.0,0.0,0.0,1.0,0.0,0.0,0.0
20,1774965285414924315,0.200146273,200,10.000557,0.3807860002780217,42.2135167463429,0.6808631733281112,-0.6808631733281112,-0.003470300929620862,-0.006242589559406042,0.05944126844406128,-0.010846855118870735,0.0006915417034178972,0.022893782705068588,0.9946587783604239,-0.1032172354847134,0.000714418587096673,0.10321645440949467,0.9946585561065366,0.001055351784511555,-0.0008195327196178709,-0.0009759751165560864,0.9999991879191618,-0.0007136790081858635,-0.00041796540608629584,-0.0005416260100901127,-0.003470300929620862,-0.006242589559406042,0.05944126844406128,-0.010846855118870735,0.0006915417034178972,0.022893782705068588,0.9946587783604239,-0.1032172354847134,0.000714418587096673,0.10321645440949467,0.9946585561065366,0.001055351784511555,-0.0008195327196178709,-0.0009759751165560864,0.9999991879191618,-0.0007136790081858635,-0.00041796540608629584,-0.0005416260100901127,42.2135167463429,-0.003970857928392334,0.0049143426568453745,-9.769448239669794e-05,42.2135167463429,-0.003970857928392334,0.0049143426568453745,-9.769448239669794e-05,0.0037951108533889055,0.004124825820326805,0.056886106729507446,0.0,0.0,0.0,0.9946358451028738,-0.10343855971779574,0.0,0.10343855971779574,0.9946358451028738,0.0,0.0,0.0,1.0,0.0,0.0,0.0
21,1774965285424877170,0.210099128,210,9.952855,0.2890820005632122,42.21406910494721,0.6808720823378581,-0.6808720823378581,-0.0036156855057924986,-0.006523862015455961,0.05945312976837158,-0.01100405864417553,0.00036597222788259387,0.022819101810455322,0.9946593465357827,-0.10321123242312624,0.0007176382057618481,0.10321043534612984,0.9946591115627408,0.0010709689808536711,-0.000824341160185104,-0.0009911815191701832,0.9999991690101875,0.0006111941183917224,-0.00037273572525009513,-1.462792897655163e-05,-0.0036156855057924986,-0.006523862015455961,0.05945312976837158,-0.01100405864417553,0.00036597222788259387,0.022819101810455322,0.9946593465357827,-0.10321123242312624,0.0007176382057618481,0.10321043534612984,0.9946591115627408,0.0010709689808536711,-0.000824341160185104,-0.0009911815191701832,0.9999991690101875,0.0006111941183917224,-0.00037273572525009513,-1.462792897655163e-05,42.21406910494721,-0.004448916158116664,0.00495114097792392,-0.0001816013262248793,42.21406910494721,-0.004448916158116664,0.00495114097792392,-0.0001816013262248793,0.0037951108533889055,0.004124825820326805,0.056886106729507446,0.0,0.0,0.0,0.9946358451028738,-0.10343855971779574,0.0,0.10343855971779574,0.9946358451028738,0.0,0.0,0.0,1.0,0.0,0.0,0.0
22,1774965285434955004,0.220176962,220,10.077834,0.4552020000119228,42.2164508076857,0.6809104968981565,-0.6809104968981565,-0.0039048714097589254,-0.007077174261212349,0.05948182940483093,-0.011281177401542664,-0.0001405994116794318,0.02257261797785759,0.9946607029290441,-0.10319833065507256,0.0007184876926005926,0.10319751209314898,0.9946604435769139,0.0010959501712689357,-0.0008277512312778101,-0.0010159523814830115,0.999999141334087,-0.0001881470379885286,-0.0008986184257082641,-0.00035561059485189617,-0.0039048714097589254,-0.007077174261212349,0.05948182940483093,-0.011281177401542664,-0.0001405994116794318,0.02257261797785759,0.9946607029290441,-0.10319833065507256,0.0007184876926005926,0.10319751209314898,0.9946604435769139,0.0010959501712689357,-0.0008277512312778101,-0.0010159523814830115,0.999999141334087,-0.0001881470379885286,-0.0008986184257082641,-0.00035561059485189617,42.2164508076857,-0.004495462589913165,0.005160070405923958,-0.0001408876005521841,42.2164508076857,-0.004495462589913165,0.005160070405923958,-0.0001408876005521841,0.0037951108533889055,0.004124825820326805,0.056886106729507446,0.0,0.0,0.0,0.9946358451028738,-0.10343855971779574,0.0,0.10343855971779574,0.9946358451028738,0.0,0.0,0.0,1.0,0.0,0.0,0.0
23,1774965285444866014,0.230087972,230,9.91101,0.3299689997220412,42.21780212135138,0.680932292279861,-0.680932292279861,-0.004048832692205906,-0.007348593790084124,0.059499531984329224,-0.01136452704668045,-0.0003475410339888185,0.022425763309001923,0.9946607672371318,-0.10319710799784132,0.000724843750631466,0.10319627321318148,0.9946605012159363,0.001107652451857049,-0.0008352797927472962,-0.0010269372350647614,0.9999991238534912,9.608083928469568e-05,-0.000611953844781965,-0.0006174899754114449,-0.004048832692205906,-0.007348593790084124,0.059499531984329224,-0.01136452704668045,-0.0003475410339888185,0.022425763309001923,0.9946607672371318,-0.10319710799784132,0.000724843750631466,0.10319627321318148,0.9946605012159363,0.001107652451857049,-0.0008352797927472962,-0.0010269372350647614,0.9999991238534912,9.608083928469568e-05,-0.000611953844781965,-0.0006174899754114449,42.21780212135138,-0.004676407174613759,0.005131641952117522,-0.00010260968224073399,42.21780212135138,-0.004676407174613759,0.005131641952117522,-0.00010260968224073399,0.0037951108533889055,0.004124825820326805,0.056886106729507446,0.0,0.0,0.0,0.9946358451028738,-0.10343855971779574,0.0,0.10343855971779574,0.9946358451028738,0.0,0.0,0.0,1.0,0.0,0.0,0.0
24,1774965285454877121,0.240099079,240,10.011107,0.3201400004400057,42.21762666023793,0.6809294622619021,-0.6809294622619021,-0.004206094890832901,-0.007629963103681803,0.059544652700424194,-0.011532377451658249,-0.00061758141964674,0.022345539182424545,0.9946612486346156,-0.10319288131350701,0.0007310104678070993,0.10319202502423841,0.9946609691291839,0.001125667630119567,-0.00084326819462843,-0.0010442234767858195,0.99999909924776,0.0011389038991183043,-0.000789047684520483,4.09674430557061e-05,-0.004206094890832901,-0.007629963103681803,0.059544652700424194,-0.011532377451658249,-0.00061758141964674,0.022345539182424545,0.9946612486346156,-0.10319288131350701,0.0007310104678070993,0.10319202502423841,0.9946609691291839,0.001125667630119567,-0.00084326819462843,-0.0010442234767858195,0.99999909924776,0.0011389038991183043,-0.000789047684520483,4.09674430557061e-05,42.21762666023793,-0.005079018159440441,0.005236285005249235,-0.00020482078518655437,42.21762666023793,-0.005079018159440441,0.005236285005249235,-0.00020482078518655437,0.0037951108533889055,0.004124825820326805,0.056886106729507446,0.0,0.0,0.0,0.9946358451028738,-0.10343855971779574,0.0,0.10343855971779574,0.9946358451028738,0.0,0.0,0.0,1.0,0.0,0.0,0.0
25,1774965285464939976,0.250161934,250,10.062855,0.3280479995737551,42.217446689217056,0.6809265595035009,-0.6809265595035009,-0.00436312286183238,-0.00790809653699398,0.059590816497802734,-0.011709648184478283,-0.0009010051726363599,0.022263526916503906,0.9946617755855954,-0.10318776544649566,0.0007326514943542259,0.10318689226882061,0.9946614785674966,0.0011436103924032512,-0.0008467465493810647,-0.0010619054679694697,0.9999990776882289,0.0006921341409906745,-0.00010196762741543353,-6.32068986305967e-05,-0.00436312286183238,-0.00790809653699398,0.059590816497802734,-0.011709648184478283,-0.0009010051726363599,0.022263526916503906,0.9946617755855954,-0.10318776544649566,0.0007326514943542259,0.10318689226882061,0.9946614785674966,0.0011436103924032512,-0.0008467465493810647,-0.0010619054679694697,0.9999990776882289,0.0006921341409906745,-0.00010196762741543353,-6.32068986305967e-05,42.217446689217056,-0.005111545170219836,0.0051152372283478666,-0.00019334510454082545,42.217446689217056,-0.005111545170219836,0.0051152372283478666,-0.00019334510454082545,0.0037951108533889055,0.004124825820326805,0.056886106729507446,0.0,0.0,0.0,0.9946358451028738,-0.10343855971779574,0.0,0.10343855971779574,0.9946358451028738,0.0,0.0,0.0,1.0,0.0,0.0,0.0
26,1774965285474852274,0.260074232,260,9.912298,0.29519400050048716,42.216276001007955,0.6809076774356122,-0.6809076774356122,-0.004675725474953651,-0.008454318158328533,0.05968666076660156,-0.011946461163461208,-0.0013524810783565044,0.02216614969074726,0.9946634129436868,-0.10317114444175557,0.0007225961387008536,0.10317025451967332,0.9946630721354032,0.001176329801358584,-0.0008401028845020329,-0.0010955017684518235,0.9999990470511038,0.0010223712306469679,0.0010732407681643963,0.00038594348006881773,-0.004675725474953651,-0.008454318158328533,0.05968666076660156,-0.011946461163461208,-0.0013524810783565044,0.02216614969074726,0.9946634129436868,-0.10317114444175557,0.0007225961387008536,0.10317025451967332,0.9946630721354032,0.001176329801358584,-0.0008401028845020329,-0.0010955017684518235,0.9999990470511038,0.0010223712306469679,0.0010732407681643963,0.00038594348006881773,42.216276001007955,-0.005447248832913359,0.004867889242642088,-0.00027414068427402614,42.216276001007955,-0.005447248832913359,0.004867889242642088,-0.00027414068427402614,0.0037951108533889055,0.004124825820326805,0.056886106729507446,0.0,0.0,0.0,0.9946358451028738,-0.10343855971779574,0.0,0.10343855971779574,0.9946358451028738,0.0,0.0,0.0,1.0,0.0,0.0,0.0
27,1774965285484939753,0.270161711,270,10.087479,0.49887400018633343,42.21441005447974,0.6808775815238668,-0.6808775815238668,-0.004820737522095442,-0.008720551617443562,0.0597628653049469,-0.012078987434506416,-0.0015799037646502256,0.02215786837041378,0.9946644318738683,-0.10316142240020976,0.0007230099582914255,0.1031605183698523,0.9946640734897906,0.00119256372974068,-0.0008421784775099871,-0.0011116146190566813,0.9999990275237615,0.00023252028040587902,-3.541479236446321e-05,0.0004826626682188362,-0.004820737522095442,-0.008720551617443562,0.0597628653049469,-0.012078987434506416,-0.0015799037646502256,0.02215786837041378,0.9946644318738683,-0.10316142240020976,0.0007230099582914255,0.1031605183698523,0.9946640734897906,0.00119256372974068,-0.0008421784775099871,-0.0011116146190566813,0.9999990275237615,0.00023252028040587902,-3.541479236446321e-05,0.0004826626682188362,42.21441005447974,-0.005375767635627341,0.005183515580182516,-0.00029650597958121066,42.21441005447974,-0.005375767635627341,0.005183515580182516,-0.00029650597958121066,0.0037951108533889055,0.004124825820326805,0.056886106729507446,0.0,0.0,0.0,0.9946358451028738,-0.10343855971779574,0.0,0.10343855971779574,0.9946358451028738,0.0,0.0,0.0,1.0,0.0,0.0,0.0
28,1774965285494862934,0.280084892,280,9.923181,0.417379999817058,42.21276665925481,0.6808510751492711,-0.6808510751492711,-0.004965526517480612,-0.008983430452644825,0.059839993715286255,-0.012209498323500156,-0.0017751260893419385,0.022130722180008888,0.9946652375520783,-0.10315417473928723,0.0007237258144883255,0.10315326038703998,0.9946648671436181,0.0012038609643182027,-0.0008440477004503302,-0.001122783930830172,0.9999990134694837,0.0010023348731920123,-4.971564339939505e-05,0.0002519752597436309,-0.004965526517480612,-0.008983430452644825,0.059839993715286255,-0.012209498323500156,-0.0017751260893419385,0.022130722180008888,0.9946652375520783,-0.10315417473928723,0.0007237258144883255,0.10315326038703998,0.9946648671436181,0.0012038609643182027,-0.0008440477004503302,-0.001122783930830172,0.9999990134694837,0.0010023348731920123,-4.971564339939505e-05,0.0002519752597436309,42.21276665925481,-0.005674774097633204,0.005226560823997751,-0.0002677669666208104,42.21276665925481,-0.005674774097633204,0.005226560823997751,-0.0002677669666208104,0.0037951108533889055,0.004124825820326805,0.056886106729507446,0.0,0.0,0.0,0.9946358451028738,-0.10343855971779574,0.0,0.10343855971779574,0.9946358451028738,0.0,0.0,0.0,1.0,0.0,0.0,0.0
29,1774965285504925887,0.290147845,290,10.062953,0.3102429991486133,42.211347254597904,0.6808281815257726,-0.6808281815257726,-0.005109746940433979,-0.009242554195225239,0.0599178671836853,-0.01229941938072443,-0.0019443279597908258,0.022084569558501244,0.9946658766337123,-0.103148517086592,0.0007219741955102107,0.10314759634609683,0.9946654935588896,0.0012137769150309275,-0.0008433217876700465,-0.001132832512283086,0.999999002749089,-0.0003263924445491284,0.00031373047386296093,0.0004642799904104322,-0.005109746940433979,-0.009242554195225239,0.0599178671836853,-0.01229941938072443,-0.0019443279597908258,0.022084569558501244,0.9946658766337123,-0.103148517086592,0.0007219741955102107,0.10314759634609683,0.9946654935588896,0.0012137769150309275,-0.0008433217876700465,-0.001132832512283086,0.999999002749089,-0.0003263924445491284,0.00031373047386296093,0.0004642799904104322,42.211347254597904,-0.005439005064361453,0.005161245013459707,-0.0003041935109157378,42.211347254597904,-0.005439005064361453,0.005161245013459707,-0.0003041935109157378,0.0037951108533889055,0.004124825820326805,0.056886106729507446,0.0,0.0,0.0,0.9946358451028738,-0.10343855971779574,0.0,0.10343855971779574,0.9946358451028738,0.0,0.0,0.0,1.0,0.0,0.0,0.0
30,1774965285514956364,0.300178322,300,10.030477,0.34108999989257427,42.20953182927863,0.680798900472236,-0.680798900472236,-0.0052534304559230804,-0.00949812214821577,0.05998864769935608,-0.012430542148649693,-0.0021262862719595432,0.02208157815039158,0.9946657198238501,-0.10314817137628007,0.00072389746560933,0.10314724301080203,0.9946653310566159,0.0012202179489166909,-0.0008458989965936803,-0.0011390409435730886,0.999998993519785,-2.888824383262545e-05,-0.00020753576245624572,-0.001265106606297195,-0.0052534304559230804,-0.00949812214821577,0.05998864769935608,-0.012430542148649693,-0.0021262862719595432,0.02208157815039158,0.9946657198238501,-0.10314817137628007,0.00072389746560933,0.10314724301080203,0.9946653310566159,0.0012202179489166909,-0.0008458989965936803,-0.0011390409435730886,0.999998993519785,-2.888824383262545e-05,-0.00020753576245624572,-0.001265106606297195,42.20953182927863,-0.0056041660564292006,0.005334434394956884,-4.507440983853895e-05,42.20953182927863,-0.0056041660564292006,0.005334434394956884,-4.507440983853895e-05,0.0037951108533889055,0.004124825820326805,0.056886106729507446,0.0,0.0,0.0,0.9946358451028738,-0.10343855971779574,0.0,0.10343855971779574,0.9946358451028738,0.0,0.0,0.0,1.0,0.0,0.0,0.0
