step,timestamp_ns,experiment_time_s,reference_index,tick_dt_ms,solver_ms,px4_collective_command_newton,px4_collective_normalized,px4_thrust_body_z,state_raw_0,state_raw_1,state_raw_2,state_raw_3,state_raw_4,state_raw_5,state_raw_6,state_raw_7,state_raw_8,state_raw_9,state_raw_10,state_raw_11,state_raw_12,state_raw_13,state_raw_14,state_raw_15,state_raw_16,state_raw_17,state_used_0,state_used_1,state_used_2,state_used_3,state_used_4,state_used_5,state_used_6,state_used_7,state_used_8,state_used_9,state_used_10,state_used_11,state_used_12,state_used_13,state_used_14,state_used_15,state_used_16,state_used_17,control_raw_0,control_raw_1,control_raw_2,control_raw_3,control_internal_0,control_internal_1,control_internal_2,control_internal_3,control_used_0,control_used_1,control_used_2,control_used_3,reference_0,reference_1,reference_2,reference_3,reference_4,reference_5,reference_6,reference_7,reference_8,reference_9,reference_10,reference_11,reference_12,reference_13,reference_14,reference_15,reference_16,reference_17
0,1775260611977726169,0.0,0,0.0,26.39468999404926,47.769852460853784,0.7704814913040933,-0.7704814913040933,0.023065024986863136,0.028918316587805748,0.10001485049724579,0.0012403617147356272,0.012610238045454025,0.03174317255616188,0.99458560377894,-0.10392070683111787,-0.00019269753332922142,0.10392061132063035,0.9945855293431163,-0.00045282331058867607,0.00023871187361590614,0.00043034629237212983,0.9999998789093517,2.4768751245574094e-05,0.0003370227350387722,-0.00023677981516811997,0.023065024986863136,0.028918316587805748,0.10001485049724579,0.0012403617147356272,0.012610238045454025,0.03174317255616188,0.99458560377894,-0.10392070683111787,-0.00019269753332922142,0.10392061132063035,0.9945855293431163,-0.00045282331058867607,0.00023871187361590614,0.00043034629237212983,0.9999998789093517,2.4768751245574094e-05,0.0003370227350387722,-0.00023677981516811997,47.769852460853784,0.0009065324834505986,0.0018723613125996678,-0.0026993359412447004,-0.6110809525404567,0.0202073701021964,0.0292411126073168,0.003723061850290465,47.769852460853784,0.0009065324834505986,0.0018723613125996678,-0.0026993359412447004,0.017815880477428436,0.024871161207556725,0.09026731550693512,0.0,0.0,0.0,0.9945779329770817,-0.10399379880815673,-0.00031917830922447137,0.1039937679028391,0.994577981118793,-0.00011198813846393513,0.0003290937749975825,7.818838464791495e-05,0.9999999427919323,0.0,0.0,0.0
1,1775260612030934040,0.053207871,53,53.207871,8.134632997098379,46.181352628551075,0.7448605262669529,-0.7448605262669529,0.023065024986863136,0.028918316587805748,0.10001485049724579,0.0012403617147356272,0.012610238045454025,0.03174317255616188,0.99458560377894,-0.10392070683111787,-0.00019269753332922142,0.10392061132063035,0.9945855293431163,-0.00045282331058867607,0.00023871187361590614,0.00043034629237212983,0.9999998789093517,2.4768751245574094e-05,0.0003370227350387722,-0.00023677981516811997,0.023065024986863136,0.028918316587805748,0.10001485049724579,0.0012403617147356272,0.012610238045454025,0.03174317255616188,0.99458560377894,-0.10392070683111787,-0.00019269753332922142,0.10392061132063035,0.9945855293431163,-0.00045282331058867607,0.00023871187361590614,0.00043034629237212983,0.9999998789093517,2.4768751245574094e-05,0.0003370227350387722,-0.00023677981516811997,46.181352628551075,0.0011239272895971,0.0021855511350074176,-0.002705058744664619,-1.0212442207830263,0.02593601637323035,0.03528803069752819,0.0036290664165972344,46.181352628551075,0.0011239272895971,0.0021855511350074176,-0.002705058744664619,0.017815880477428436,0.024871161207556725,0.09026731550693512,0.0,0.0,0.0,0.9945779329770817,-0.10399379880815673,-0.00031917830922447137,0.1039937679028391,0.994577981118793,-0.00011198813846393513,0.0003290937749975825,7.818838464791495e-05,0.9999999427919323,0.0,0.0,0.0
2,1775260612043884615,0.066158446,66,12.950575,8.057748011196963,45.14074920147705,0.7280766000238234,-0.7280766000238234,0.023249784484505653,0.02901887707412243,0.10010255873203278,0.0013984269462525845,0.012682376429438591,0.03170351684093475,0.9945857203371555,-0.10392018022518679,-0.00019680705571711692,0.10392008051623414,0.9945856425459145,-0.0004628138318403911,0.0002438371055101425,0.00043985580148414756,0.9999998735351733,-0.00028759517590515316,-0.0006076523568481207,0.0005316943279467523,0.023249784484505653,0.02901887707412243,0.10010255873203278,0.0013984269462525845,0.012682376429438591,0.03170351684093475,0.9945857203371555,-0.10392018022518679,-0.00019680705571711692,0.10392008051623414,0.9945856425459145,-0.0004628138318403911,0.0002438371055101425,0.00043985580148414756,0.9999998735351733,-0.00028759517590515316,-0.0006076523568481207,0.0005316943279467523,45.14074920147705,0.0012308085118113473,0.0024553480079755083,-0.002741214618570295,-1.2899362872935922,0.028752480694225133,0.04049713864136553,0.003035216375113466,45.14074920147705,0.0012308085118113473,0.0024553480079755083,-0.002741214618570295,0.017815880477428436,0.024871161207556725,0.09026731550693512,0.0,0.0,0.0,0.9945779329770817,-0.10399379880815673,-0.00031917830922447137,0.1039937679028391,0.994577981118793,-0.00011198813846393513,0.0003290937749975825,7.818838464791495e-05,0.9999999427919323,0.0,0.0,0.0
3,1775260612057642780,0.079916611,79,13.758165,8.275407992186956,44.44485853702131,0.7168525570487309,-0.7168525570487309,0.02380402199923992,0.029299797490239143,0.10032235085964203,0.0019721505232155323,0.01285222265869379,0.031366631388664246,0.9945850208157503,-0.10392728790509542,-0.00022143557600475764,0.10392716700066162,0.9945849317845421,-0.0005012608217000083,0.0002723310620329298,0.00047553329888026016,0.9999998498519459,-0.0004996903007850051,0.000738921167794615,-0.00024660894996486604,0.02380402199923992,0.029299797490239143,0.10032235085964203,0.0019721505232155323,0.01285222265869379,0.031366631388664246,0.9945850208157503,-0.10392728790509542,-0.00022143557600475764,0.10392716700066162,0.9945849317845421,-0.0005012608217000083,0.0002723310620329298,0.00047553329888026016,0.9999998498519459,-0.0004996903007850051,0.000738921167794615,-0.00024660894996486604,44.44485853702131,0.001341486302688486,0.0023826589720424745,-0.0027426168252762625,-1.4696207817256117,0.03166898971867406,0.03909369378174543,0.0030121855250590567,44.44485853702131,0.001341486302688486,0.0023826589720424745,-0.0027426168252762625,0.017815880477428436,0.024871161207556725,0.09026731550693512,0.0,0.0,0.0,0.9945779329770817,-0.10399379880815673,-0.00031917830922447137,0.1039937679028391,0.994577981118793,-0.00011198813846393513,0.0003290937749975825,7.818838464791495e-05,0.9999999427919323,0.0,0.0,0.0
4,1775260612078195213,0.100469044,100,20.552433,8.66745899838861,44.010171045287514,0.7098414684723793,-0.7098414684723793,0.02552306279540062,0.030055882409214973,0.1007949560880661,0.003697094740346074,0.013293641619384289,0.030634483322501183,0.9945804674594692,-0.10397075325130056,-0.00035194186843135605,0.10397055504695207,0.9945804032303605,-0.0005411468542848514,0.000406297782299842,0.0005016224763261454,0.9999997916485128,-0.0007089669816195965,-0.00011111871572211385,0.000493271800223738,0.02552306279540062,0.030055882409214973,0.1007949560880661,0.003697094740346074,0.013293641619384289,0.030634483322501183,0.9945804674594692,-0.10397075325130056,-0.00035194186843135605,0.10397055504695207,0.9945804032303605,-0.0005411468542848514,0.000406297782299842,0.0005016224763261454,0.9999997916485128,-0.0007089669816195965,-0.00011111871572211385,0.000493271800223738,44.010171045287514,0.001379251120298203,0.002568272755180871,-0.002767058063392745,-1.5818605431961847,0.03266414358371346,0.04267743521505061,0.0026107450756523297,44.010171045287514,0.001379251120298203,0.002568272755180871,-0.002767058063392745,0.017815880477428436,0.024871161207556725,0.09026731550693512,0.0,0.0,0.0,0.9945779329770817,-0.10399379880815673,-0.00031917830922447137,0.1039937679028391,0.994577981118793,-0.00011198813846393513,0.0003290937749975825,7.818838464791495e-05,0.9999999427919323,0.0,0.0,0.0
5,1775260612098123603,0.120397434,120,19.92839,8.716901997104287,43.65830877199715,0.704166270516083,-0.704166270516083,0.025917408987879753,0.030186552554368973,0.10082016885280609,0.004089053720235825,0.01317282672971487,0.030446330085396767,0.994578732455128,-0.10398600144005532,-0.00038292812768551173,0.10398578675465653,0.9945786801691522,-0.0005434036032940025,0.0004373584796499232,0.0005006385795401158,0.9999997790392711,0.00036003621062263846,0.0010920701315626502,0.00038924202090129256,0.025917408987879753,0.030186552554368973,0.10082016885280609,0.004089053720235825,0.01317282672971487,0.030446330085396767,0.994578732455128,-0.10398600144005532,-0.00038292812768551173,0.10398578675465653,0.9945786801691522,-0.0005434036032940025,0.0004373584796499232,0.0005006385795401158,0.9999997790392711,0.00036003621062263846,0.0010920701315626502,0.00038924202090129256,43.65830877199715,0.001375973334301423,0.0024499672657787813,-0.0027705538988614677,-1.6727141756922157,0.032577769503023386,0.040393249865293517,0.002553326963078493,43.65830877199715,0.001375973334301423,0.0024499672657787813,-0.0027705538988614677,0.017815880477428436,0.024871161207556725,0.09026731550693512,0.0,0.0,0.0,0.9945779329770817,-0.10399379880815673,-0.00031917830922447137,0.1039937679028391,0.994577981118793,-0.00011198813846393513,0.0003290937749975825,7.818838464791495e-05,0.9999999427919323,0.0,0.0,0.0
6,1775260612118143267,0.140417098,140,20.019664,8.702047009137459,43.448188911689876,0.700777240511127,-0.700777240511127,0.0265085119754076,0.03037131577730179,0.10080038011074066,0.004722805693745613,0.013294586911797523,0.030114779248833656,0.9945759487424243,-0.10401330336914372,-0.0004399162003222157,0.10401306327002136,0.9945759259388592,-0.0005374317675330743,0.0004934299856678103,0.0004887596723375659,0.9999997588204174,0.00023860688088461757,0.0006170147098600864,-0.00012000938295386732,0.0265085119754076,0.03037131577730179,0.10080038011074066,0.004722805693745613,0.013294586911797523,0.030114779248833656,0.9945759487424243,-0.10401330336914372,-0.0004399162003222157,0.10401306327002136,0.9945759259388592,-0.0005374317675330743,0.0004934299856678103,0.0004887596723375659,0.9999997588204174,0.00023860688088461757,0.0006170147098600864,-0.00012000938295386732,43.448188911689876,0.001382124952426913,0.0025328052358414167,-0.0027685720463304776,-1.7269687918235685,0.03273987293529979,0.04199264545189718,0.002585878332485675,43.448188911689876,0.001382124952426913,0.0025328052358414167,-0.0027685720463304776,0.017815880477428436,0.024871161207556725,0.09026731550693512,0.0,0.0,0.0,0.9945779329770817,-0.10399379880815673,-0.00031917830922447137,0.1039937679028391,0.994577981118793,-0.00011198813846393513,0.0003290937749975825,7.818838464791495e-05,0.9999999427919323,0.0,0.0,0.0
7,1775260612138120319,0.16039415,160,19.977052,11.602476006373763,43.38618897603919,0.6997772415490192,-0.6997772415490192,0.027070507407188416,0.03054627776145935,0.10066850483417511,0.005354098044335842,0.013251076452434063,0.029747001826763153,0.9945749358277636,-0.10402288772574586,-0.00047390759280502965,0.10402262827508801,0.9945749277860261,-0.0005427357602913017,0.000527793410960656,0.0004904942684310911,0.9999997404247443,-0.0007842921768315136,-0.0007277070544660091,-6.113841664046049e-05,0.027070507407188416,0.03054627776145935,0.10066850483417511,0.005354098044335842,0.013251076452434063,0.029747001826763153,0.9945749358277636,-0.10402288772574586,-0.00047390759280502965,0.10402262827508801,0.9945749277860261,-0.0005427357602913017,0.000527793410960656,0.0004904942684310911,0.9999997404247443,-0.0007842921768315136,-0.0007277070544660091,-6.113841664046049e-05,43.38618897603919,0.0014073166468913866,0.002732545762639321,-0.0027770910193938227,-1.7429776674433104,0.0334037080522146,0.04584913924073466,0.0024459566002585846,43.38618897603919,0.0014073166468913866,0.002732545762639321,-0.0027770910193938227,0.017815880477428436,0.024871161207556725,0.09026731550693512,0.0,0.0,0.0,0.9945779329770817,-0.10399379880815673,-0.00031917830922447137,0.1039937679028391,0.994577981118793,-0.00011198813846393513,0.0003290937749975825,7.818838464791495e-05,0.9999999427919323,0.0,0.0,0.0
8,1775260612158864145,0.181137976,181,20.743826,8.132048998959363,43.32957070283517,0.6988640435941157,-0.6988640435941157,0.02743351273238659,0.030661432072520256,0.10058264434337616,0.005725936032831669,0.013279803097248077,0.02958972193300724,0.9945733420043542,-0.10403706950561364,-0.0004952519982849479,0.10403679938468247,0.9945733452585909,-0.0005431449835258255,0.0005490716046975403,0.0004886730889350993,0.9999997298594671,-0.0005401102243922651,0.0004854242433793843,-0.001014462555758655,0.02743351273238659,0.030661432072520256,0.10058264434337616,0.005725936032831669,0.013279803097248077,0.02958972193300724,0.9945733420043542,-0.10403706950561364,-0.0004952519982849479,0.10403679938468247,0.9945733452585909,-0.0005431449835258255,0.0005490716046975403,0.0004886730889350993,0.9999997298594671,-0.0005401102243922651,0.0004854242433793843,-0.001014462555758655,43.32957070283517,0.0014248848143202833,0.0025989644770111507,-0.0027604421980652128,-1.757596955092808,0.033866652952391406,0.04327001618249224,0.0027194087995455873,43.32957070283517,0.0014248848143202833,0.0025989644770111507,-0.0027604421980652128,0.017815880477428436,0.024871161207556725,0.09026731550693512,0.0,0.0,0.0,0.9945779329770817,-0.10399379880815673,-0.00031917830922447137,0.1039937679028391,0.994577981118793,-0.00011198813846393513,0.0003290937749975825,7.818838464791495e-05,0.9999999427919323,0.0,0.0,0.0
9,1775260612178142927,0.200416758,200,19.278782,8.451596004306339,43.266763405124586,0.6978510226632998,-0.6978510226632998,0.027790850028395653,0.030803009867668152,0.10042895376682281,0.006108875852078199,0.013349748216569424,0.029379872605204582,0.994572057573446,-0.1040485948859684,-0.0005152892219996306,0.10404831366875888,0.9945720708963857,-0.0005454742697534832,0.0005692481235113735,0.0004888984916635154,0.9999997184673738,0.00034474581480026245,-8.106554741971195e-05,-1.9946563043049537e-05,0.027790850028395653,0.030803009867668152,0.10042895376682281,0.006108875852078199,0.013349748216569424,0.029379872605204582,0.994572057573446,-0.1040485948859684,-0.0005152892219996306,0.10404831366875888,0.9945720708963857,-0.0005454742697534832,0.0005692481235113735,0.0004888984916635154,0.9999997184673738,0.00034474581480026245,-8.106554741971195e-05,-1.9946563043049537e-05,43.266763405124586,0.0013651937112880669,0.00266151444860087,-0.002778769477561663,-1.7738142980062876,0.03229371190167941,0.0444777008762038,0.0024183883977805854,43.266763405124586,0.0013651937112880669,0.00266151444860087,-0.002778769477561663,0.017815880477428436,0.024871161207556725,0.09026731550693512,0.0,0.0,0.0,0.9945779329770817,-0.10399379880815673,-0.00031917830922447137,0.1039937679028391,0.994577981118793,-0.00011198813846393513,0.0003290937749975825,7.818838464791495e-05,0.9999999427919323,0.0,0.0,0.0
10,1775260612198112576,0.220386407,220,19.969649,7.459408006980084,43.24319323223625,0.6974708585844557,-0.6974708585844557,0.02832185849547386,0.031039895489811897,0.10019288957118988,0.006673133932054043,0.01352129876613617,0.029033087193965912,0.9945714044346029,-0.10405622561516359,-0.0005459016749958692,0.10405593150237769,0.9945714372841711,-0.0005421019538701575,0.0005993471547758957,0.0004823548022101329,0.9999997040584094,0.00045211653923615813,-0.0003205725224688649,0.000775410677306354,0.02832185849547386,0.031039895489811897,0.10019288957118988,0.006673133932054043,0.01352129876613617,0.029033087193965912,0.9945714044346029,-0.10405622561516359,-0.0005459016749958692,0.10405593150237769,0.9945714372841711,-0.0005421019538701575,0.0005993471547758957,0.0004823548022101329,0.9999997040584094,0.00045211653923615813,-0.0003205725224688649,0.000775410677306354,43.24319323223625,0.0013440030897404836,0.0027131476116866735,-0.002798471961152974,-1.7799003037762142,0.03173531045105943,0.04547460909473426,0.002094780656240245,43.24319323223625,0.0013440030897404836,0.0027131476116866735,-0.002798471961152974,0.017815880477428436,0.024871161207556725,0.09026731550693512,0.0,0.0,0.0,0.9945779329770817,-0.10399379880815673,-0.00031917830922447137,0.1039937679028391,0.994577981118793,-0.00011198813846393513,0.0003290937749975825,7.818838464791495e-05,0.9999999427919323,0.0,0.0,0.0
11,1775260612217786690,0.240060521,240,19.674114,14.726201989105903,43.240052271047624,0.697420197920123,-0.697420197920123,0.028498267754912376,0.0311316829174757,0.1000918596982956,0.006842184811830521,0.013576646335422993,0.028887754306197166,0.994570842264677,-0.10406031004064342,-0.0005653108897830123,0.10406000647772307,0.9945708868520474,-0.0005422761348546929,0.0006186711610056458,0.0004805057784045188,0.9999996931800526,3.556425144779496e-05,0.001391050056554377,-3.6346450542623643e-06,0.028498267754912376,0.0311316829174757,0.1000918596982956,0.006842184811830521,0.013576646335422993,0.028887754306197166,0.994570842264677,-0.10406031004064342,-0.0005653108897830123,0.10406000647772307,0.9945708868520474,-0.0005422761348546929,0.0006186711610056458,0.0004805057784045188,0.9999996931800526,3.556425144779496e-05,0.001391050056554377,-3.6346450542623643e-06,43.240052271047624,0.0014023993654189908,0.0025050007949846747,-0.00278557702840265,-1.7807113248920818,0.03327413105509222,0.041455810713423615,0.002306576293338864,43.240052271047624,0.0014023993654189908,0.0025050007949846747,-0.00278557702840265,0.017815880477428436,0.024871161207556725,0.09026731550693512,0.0,0.0,0.0,0.9945779329770817,-0.10399379880815673,-0.00031917830922447137,0.1039937679028391,0.994577981118793,-0.00011198813846393513,0.0003290937749975825,7.818838464791495e-05,0.9999999427919323,0.0,0.0,0.0
12,1775260612238501073,0.260774904,260,20.714383,7.961686002090573,43.2500741773978,0.6975818415709323,-0.6975818415709323,0.02902744524180889,0.031434573233127594,0.0997772365808487,0.00741732120513916,0.01360385213047266,0.028503675013780594,0.9945682785751773,-0.10408495911086746,-0.0006112406474765193,0.10408463170640703,0.9945683512826191,-0.0005451107339491685,0.0006646583695016344,0.00047852909341600594,0.9999996646195403,0.0004210733459331095,0.0006954042473807931,-0.0013356587151065469,0.02902744524180889,0.031434573233127594,0.0997772365808487,0.00741732120513916,0.01360385213047266,0.028503675013780594,0.9945682785751773,-0.10408495911086746,-0.0006112406474765193,0.10408463170640703,0.9945683512826191,-0.0005451107339491685,0.0006646583695016344,0.00047852909341600594,0.9999996646195403,0.0004210733459331095,0.0006954042473807931,-0.0013356587151065469,43.2500741773978,0.0013575599853578439,0.002556677215386454,-0.0027640920725082703,-1.778123589105764,0.032092552930315585,0.04245355412335493,0.002659460640220919,43.2500741773978,0.0013575599853578439,0.002556677215386454,-0.0027640920725082703,0.017815880477428436,0.024871161207556725,0.09026731550693512,0.0,0.0,0.0,0.9945779329770817,-0.10399379880815673,-0.00031917830922447137,0.1039937679028391,0.994577981118793,-0.00011198813846393513,0.0003290937749975825,7.818838464791495e-05,0.9999999427919323,0.0,0.0,0.0
13,1775260612258086498,0.280360329,280,19.585425,7.287058993824758,43.27686824435714,0.6980140039412441,-0.6980140039412441,0.02938254363834858,0.031669583171606064,0.09952013194561005,0.007748014759272337,0.01357122603803873,0.028214527294039726,0.994567641505428,-0.10409046220698825,-0.0006382753146343756,0.10409012556504726,0.9945677350523837,-0.0005398149014536283,0.0006909976025416386,0.00047044427766177507,0.9999996506021904,0.00015230212011374533,0.0015828362666070461,0.0009460807777941227,0.02938254363834858,0.031669583171606064,0.09952013194561005,0.007748014759272337,0.01357122603803873,0.028214527294039726,0.994567641505428,-0.10409046220698825,-0.0006382753146343756,0.10409012556504726,0.9945677350523837,-0.0005398149014536283,0.0006909976025416386,0.00047044427766177507,0.9999996506021904,0.00015230212011374533,0.0015828362666070461,0.0009460807777941227,43.27686824435714,0.001385571010333881,0.002458939635981652,-0.002803287908690728,-1.771205148291313,0.03283068120771646,0.04056648406324641,0.0020156800748923863,43.27686824435714,0.001385571010333881,0.002458939635981652,-0.002803287908690728,0.017815880477428436,0.024871161207556725,0.09026731550693512,0.0,0.0,0.0,0.9945779329770817,-0.10399379880815673,-0.00031917830922447137,0.1039937679028391,0.994577981118793,-0.00011198813846393513,0.0003290937749975825,7.818838464791495e-05,0.9999999427919323,0.0,0.0,0.0
14,1775260612277756942,0.300030773,300,19.670444,8.212162996642292,43.35888840262087,0.6993369097196914,-0.6993369097196914,0.029892874881625175,0.032031212002038956,0.09904967248439789,0.008291118778288364,0.013632268644869328,0.02781033143401146,0.994566032389492,-0.1041065997069286,-0.0006716893546429761,0.10410624909061661,0.9945661506702883,-0.0005374878596287862,0.0007239953990641358,0.00046464013012544915,0.9999996299700755,-0.00023023960238788277,7.283325248863548e-05,-0.0006306236027739942,0.029892874881625175,0.032031212002038956,0.09904967248439789,0.008291118778288364,0.013632268644869328,0.02781033143401146,0.994566032389492,-0.1041065997069286,-0.0006716893546429761,0.10410624909061661,0.9945661506702883,-0.0005374878596287862,0.0007239953990641358,0.00046464013012544915,0.9999996299700755,-0.00023023960238788277,7.283325248863548e-05,-0.0006306236027739942,43.35888840262087,0.0013542868164869016,0.0026262166829896703,-0.0027855185079657327,-1.7500268922467677,0.03200630051711694,0.04379618863619072,0.0023075374750262958,43.35888840262087,0.0013542868164869016,0.0026262166829896703,-0.0027855185079657327,0.017815880477428436,0.024871161207556725,0.09026731550693512,0.0,0.0,0.0,0.9945779329770817,-0.10399379880815673,-0.00031917830922447137,0.1039937679028391,0.994577981118793,-0.00011198813846393513,0.0003290937749975825,7.818838464791495e-05,0.9999999427919323,0.0,0.0,0.0
15,1775260612298875057,0.321148888,321,21.118115,11.528864008141682,43.38040787342084,0.6996839979584007,-0.6996839979584007,0.030225636437535286,0.032275017350912094,0.09873528778553009,0.00867620948702097,0.01366199180483818,0.0275160763412714,0.9945641699721002,-0.10412432262608196,-0.0006930892107065365,0.10412396672607827,0.9945643068371133,-0.0005312683383390596,0.000744639605807916,0.0004562132821187767,0.9999996186906186,0.0007064578821882606,0.0008437935030087829,-0.0010365661000832915,0.030225636437535286,0.032275017350912094,0.09873528778553009,0.00867620948702097,0.01366199180483818,0.0275160763412714,0.9945641699721002,-0.10412432262608196,-0.0006930892107065365,0.10412396672607827,0.9945643068371133,-0.0005312683383390596,0.000744639605807916,0.0004562132821187767,0.9999996186906186,0.0007064578821882606,0.0008437935030087829,-0.0010365661000832915,43.38040787342084,0.0013067823305606293,0.0025216465301720146,-0.0027755565338040493,-1.7444703940371495,0.030754493259240075,0.041777198542872776,0.002471160093708097,43.38040787342084,0.0013067823305606293,0.0025216465301720146,-0.0027755565338040493,0.017815880477428436,0.024871161207556725,0.09026731550693512,0.0,0.0,0.0,0.9945779329770817,-0.10399379880815673,-0.00031917830922447137,0.1039937679028391,0.994577981118793,-0.00011198813846393513,0.0003290937749975825,7.818838464791495e-05,0.9999999427919323,0.0,0.0,0.0
16,1775260612318213851,0.340487682,340,19.338794,11.533433003933169,43.46860877303171,0.7011065931134147,-0.7011065931134147,0.030391478911042213,0.032396670430898666,0.09858904778957367,0.008868244476616383,0.013672227039933205,0.027344802394509315,0.9945636780237949,-0.1041287622312781,-0.0007109086341315707,0.10412839749692337,0.9945638278866226,-0.0005322154483116221,0.0007624628227533474,0.00045529640172458415,0.9999996056777758,-0.0005259914323687553,0.0004783307667821646,-0.00012247177073732018,0.030391478911042213,0.032396670430898666,0.09858904778957367,0.008868244476616383,0.013672227039933205,0.027344802394509315,0.9945636780237949,-0.1041287622312781,-0.0007109086341315707,0.10412839749692337,0.9945638278866226,-0.0005322154483116221,0.0007624628227533474,0.00045529640172458415,0.9999996056777758,-0.0005259914323687553,0.0004783307667821646,-0.00012247177073732018,43.46860877303171,0.0013546714409525585,0.0025692961163726004,-0.002793645163033328,-1.7216962215061489,0.032016435890403865,0.0426971937795388,0.0021740594553383715,43.46860877303171,0.0013546714409525585,0.0025692961163726004,-0.002793645163033328,0.017815880477428436,0.024871161207556725,0.09026731550693512,0.0,0.0,0.0,0.9945779329770817,-0.10399379880815673,-0.00031917830922447137,0.1039937679028391,0.994577981118793,-0.00011198813846393513,0.0003290937749975825,7.818838464791495e-05,0.9999999427919323,0.0,0.0,0.0
17,1775260612339412125,0.361685956,361,21.198274,11.553602002095431,43.528601490903384,0.7020742175952158,-0.7020742175952158,0.03069300390779972,0.032661374658346176,0.09819389879703522,0.009152978658676147,0.013790247961878777,0.026912538334727287,0.9945631746724951,-0.10413338292292096,-0.0007350082992858024,0.10413300644691237,0.994563342739807,-0.0005332328577174941,0.0007865395268780318,0.00045379516659728187,0.9999995877127139,4.424759390531108e-05,0.0003694396582432091,-0.0001326567871728912,0.03069300390779972,0.032661374658346176,0.09819389879703522,0.009152978658676147,0.013790247961878777,0.026912538334727287,0.9945631746724951,-0.10413338292292096,-0.0007350082992858024,0.10413300644691237,0.994563342739807,-0.0005332328577174941,0.0007865395268780318,0.00045379516659728187,0.9999995877127139,4.424759390531108e-05,0.0003694396582432091,-0.0001326567871728912,43.528601490903384,0.001310730464025402,0.0025731580047682963,-0.002797393551326626,-1.7062056254528073,0.03085853189958953,0.04277175725871824,0.002112493233781145,43.528601490903384,0.001310730464025402,0.0025731580047682963,-0.002797393551326626,0.017815880477428436,0.024871161207556725,0.09026731550693512,0.0,0.0,0.0,0.9945779329770817,-0.10399379880815673,-0.00031917830922447137,0.1039937679028391,0.994577981118793,-0.00011198813846393513,0.0003290937749975825,7.818838464791495e-05,0.9999999427919323,0.0,0.0,0.0
18,1775260612360469938,0.382743769,382,21.057813,10.145541993551888,43.56802376852198,0.7027100607826127,-0.7027100607826127,0.030843118205666542,0.03279398754239082,0.09799940884113312,0.009281708858907223,0.013840432278811932,0.026715433225035667,0.9945626340601538,-0.1041388741507785,-0.0007388197272145715,0.10413849909142803,0.994562806931148,-0.0005292530365278297,0.0007899182674053346,0.00044943575382327614,0.9999995870182848,0.0005414038896560669,-0.0006213856977410614,-0.0003193611919414252,0.030843118205666542,0.03279398754239082,0.09799940884113312,0.009281708858907223,0.013840432278811932,0.026715433225035667,0.9945626340601538,-0.1041388741507785,-0.0007388197272145715,0.10413849909142803,0.994562806931148,-0.0005292530365278297,0.0007899182674053346,0.00044943575382327614,0.9999995870182848,0.0005414038896560669,-0.0006213856977410614,-0.0003193611919414252,43.56802376852198,0.0012456290235841336,0.0026873053226401026,-0.002796511541099245,-1.6960264803872591,0.029143021163001426,0.04497565863738276,0.002126980003247308,43.56802376852198,0.0012456290235841336,0.0026873053226401026,-0.002796511541099245,0.017815880477428436,0.024871161207556725,0.09026731550693512,0.0,0.0,0.0,0.9945779329770817,-0.10399379880815673,-0.00031917830922447137,0.1039937679028391,0.994577981118793,-0.00011198813846393513,0.0003290937749975825,7.818838464791495e-05,0.9999999427919323,0.0,0.0,0.0
19,1775260612379510573,0.401784404,401,19.040635,10.426844004541636,43.632944357483694,0.7037571670561886,-0.7037571670561886,0.030992621555924416,0.03292664512991905,0.09781266748905182,0.009400484152138233,0.013903463259339333,0.026520688086748123,0.9945619545376169,-0.10414365688266591,-0.000737506896866161,0.10414328181134969,0.9945621260303731,-0.000530017483842328,0.000788694430120869,0.00045032882652571143,0.9999995875824232,-8.593987877247855e-05,-0.00010722092702053487,-0.0002745388192124665,0.030992621555924416,0.03292664512991905,0.09781266748905182,0.009400484152138233,0.013903463259339333,0.026520688086748123,0.9945619545376169,-0.10414365688266591,-0.000737506896866161,0.10414328181134969,0.9945621260303731,-0.000530017483842328,0.000788694430120869,0.00045032882652571143,0.9999995875824232,-8.593987877247855e-05,-0.00010722092702053487,-0.0002745388192124665,43.632944357483694,0.001278003250274044,0.002635063651272097,-0.0027981004376317307,-1.6792634688947317,0.02999612568878197,0.04396700163432475,0.0021008828253947748,43.632944357483694,0.001278003250274044,0.002635063651272097,-0.0027981004376317307,0.017815880477428436,0.024871161207556725,0.09026731550693512,0.0,0.0,0.0,0.9945779329770817,-0.10399379880815673,-0.00031917830922447137,0.1039937679028391,0.994577981118793,-0.00011198813846393513,0.0003290937749975825,7.818838464791495e-05,0.9999999427919323,0.0,0.0,0.0
20,1775260612398409845,0.420683676,420,18.899272,14.228863990865648,43.670118334065684,0.7043567473236401,-0.7043567473236401,0.031128887087106705,0.033070165663957596,0.09758482873439789,0.009565829299390316,0.013971395790576935,0.026348641142249107,0.9945618791513967,-0.10414507996755806,-0.0007492854918225156,0.10414470096127015,0.9945620607660798,-0.0005283159468649559,0.0008002323748941068,0.0004474087998004306,0.999999579726685,0.00018111130339093506,0.0005339420167729259,0.0005287094390951097,0.031128887087106705,0.033070165663957596,0.09758482873439789,0.009565829299390316,0.013971395790576935,0.026348641142249107,0.9945618791513967,-0.10414507996755806,-0.0007492854918225156,0.10414470096127015,0.9945620607660798,-0.0005283159468649559,0.0008002323748941068,0.0004474087998004306,0.999999579726685,0.00018111130339093506,0.0005339420167729259,0.0005287094390951097,43.670118334065684,0.0012764141538396695,0.0025437080539001578,-0.0028121859602176216,-1.669664853006722,0.02995425085504303,0.04220315180630818,0.0018695320857120994,43.670118334065684,0.0012764141538396695,0.0025437080539001578,-0.0028121859602176216,0.017815880477428436,0.024871161207556725,0.09026731550693512,0.0,0.0,0.0,0.9945779329770817,-0.10399379880815673,-0.00031917830922447137,0.1039937679028391,0.994577981118793,-0.00011198813846393513,0.0003290937749975825,7.818838464791495e-05,0.9999999427919323,0.0,0.0,0.0
21,1775260612419966100,0.442239931,442,21.556255,12.648238989640959,43.7301677952466,0.7053252870201064,-0.7053252870201064,0.031264934688806534,0.03321371227502823,0.09736557304859161,0.009670835919678211,0.014023235067725182,0.026145493611693382,0.9945615247142698,-0.10414862901902167,-0.0007551067863151078,0.10414824429400671,0.9945617092708985,-0.0005321816907413821,0.0008064262086021883,0.00045064440613302396,0.9999995732981294,-0.0001263972808374092,-2.000684617087245e-06,-0.00030344550032168627,0.031264934688806534,0.03321371227502823,0.09736557304859161,0.009670835919678211,0.014023235067725182,0.026145493611693382,0.9945615247142698,-0.10414862901902167,-0.0007551067863151078,0.10414824429400671,0.9945617092708985,-0.0005321816907413821,0.0008064262086021883,0.00045064440613302396,0.9999995732981294,-0.0001263972808374092,-2.000684617087245e-06,-0.00030344550032168627,43.7301677952466,0.0012695412168941742,0.002594665726021696,-0.0028014050521025582,-1.6541596053804326,0.029773139699253368,0.043187017970980734,0.002046605463832212,43.7301677952466,0.0012695412168941742,0.002594665726021696,-0.0028014050521025582,0.017815880477428436,0.024871161207556725,0.09026731550693512,0.0,0.0,0.0,0.9945779329770817,-0.10399379880815673,-0.00031917830922447137,0.1039937679028391,0.994577981118793,-0.00011198813846393513,0.0003290937749975825,7.818838464791495e-05,0.9999999427919323,0.0,0.0,0.0
22,1775260612441870489,0.46414432,464,21.904389,12.317484011873603,43.72079812090681,0.7051741632404324,-0.7051741632404324,0.03153674677014351,0.033500492572784424,0.09695188701152802,0.00997896771878004,0.01411272119730711,0.025835053995251656,0.9945605054353135,-0.10415836899676778,-0.0007604294094780001,0.10415798970017631,0.9945606985966182,-0.0005225373436644459,0.0008107197558102786,0.00044049022674955834,0.9999995743508558,0.0011541564017534256,0.0011381730437278748,-7.253512740135193e-05,0.03153674677014351,0.033500492572784424,0.09695188701152802,0.00997896771878004,0.01411272119730711,0.025835053995251656,0.9945605054353135,-0.10415836899676778,-0.0007604294094780001,0.10415798970017631,0.9945606985966182,-0.0005225373436644459,0.0008107197558102786,0.00044049022674955834,0.9999995743508558,0.0011541564017534256,0.0011381730437278748,-7.253512740135193e-05,43.72079812090681,0.00121689311270089,0.0024329330910788757,-0.0028035052452786697,-1.6565789296834195,0.02838579116452979,0.04006436223301735,0.0020121103826730275,43.72079812090681,0.00121689311270089,0.0024329330910788757,-0.0028035052452786697,0.017815880477428436,0.024871161207556725,0.09026731550693512,0.0,0.0,0.0,0.9945779329770817,-0.10399379880815673,-0.00031917830922447137,0.1039937679028391,0.994577981118793,-0.00011198813846393513,0.0003290937749975825,7.818838464791495e-05,0.9999999427919323,0.0,0.0,0.0
23,1775260612457922823,0.480196654,480,16.052334,14.29406099487096,43.81140058827747,0.7066354933593141,-0.7066354933593141,0.0316680446267128,0.03363849222660065,0.09667898714542389,0.01013424713164568,0.01411933358758688,0.025678830221295357,0.9945599742205394,-0.1041636937387782,-0.0007688486046189685,0.10416330444186217,0.9945601708376836,-0.0005302207453190613,0.0008198958233894757,0.00044725054989315505,0.9999995638688383,-0.000378207303583622,0.00036934655508957803,-0.0005521430866792798,0.0316680446267128,0.03363849222660065,0.09667898714542389,0.01013424713164568,0.01411933358758688,0.025678830221295357,0.9945599742205394,-0.1041636937387782,-0.0007688486046189685,0.10416330444186217,0.9945601708376836,-0.0005302207453190613,0.0008198958233894757,0.00044725054989315505,0.9999995638688383,-0.000378207303583622,0.00036934655508957803,-0.0005521430866792798,43.81140058827747,0.0012673919374166342,0.0025181427475292825,-0.0027999608818975214,-1.6331846532901235,0.02971650328699188,0.04170954919691504,0.0020703255525350386,43.81140058827747,0.0012673919374166342,0.0025181427475292825,-0.0027999608818975214,0.017815880477428436,0.024871161207556725,0.09026731550693512,0.0,0.0,0.0,0.9945779329770817,-0.10399379880815673,-0.00031917830922447137,0.1039937679028391,0.994577981118793,-0.00011198813846393513,0.0003290937749975825,7.818838464791495e-05,0.9999999427919323,0.0,0.0,0.0
24,1775260612477721357,0.499995188,499,19.798534,12.112267009797506,43.99153760492655,0.7095409291117185,-0.7095409291117185,0.03262743726372719,0.034628726541996,0.09449838101863861,0.01079656183719635,0.014242945238947868,0.02405727654695511,0.9945571370105333,-0.10419047521570324,-0.0007915845704427162,0.1041900542537344,0.9945573408632506,-0.0005557337040740518,0.0008451782896598883,0.0004702337085901341,0.9999995322768879,-0.00029246642952784896,0.0002760413917712867,-0.00042023960850201547,0.03262743726372719,0.034628726541996,0.09449838101863861,0.01079656183719635,0.014242945238947868,0.02405727654695511,0.9945571370105333,-0.10419047521570324,-0.0007915845704427162,0.1041900542537344,0.9945573408632506,-0.0005557337040740518,0.0008451782896598883,0.0004702337085901341,0.9999995322768879,-0.00029246642952784896,0.0002760413917712867,-0.00042023960850201547,43.99153760492655,0.001208771092281038,0.002488848652605601,-0.0028172369539213784,-1.586671845433452,0.028171764974961624,0.04114395293593642,0.0017865709373151469,43.99153760492655,0.001208771092281038,0.002488848652605601,-0.0028172369539213784,0.017815880477428436,0.024871161207556725,0.09026731550693512,0.0,0.0,0.0,0.9945779329770817,-0.10399379880815673,-0.00031917830922447137,0.1039937679028391,0.994577981118793,-0.00011198813846393513,0.0003290937749975825,7.818838464791495e-05,0.9999999427919323,0.0,0.0,0.0
25,1775260612501541845,0.523815676,523,23.820488,12.208864005515352,44.150698343098554,0.7121080377919121,-0.7121080377919121,0.03272869437932968,0.03472879156470299,0.09421716630458832,0.010914442129433155,0.014245410449802876,0.02383623830974102,0.994556952667231,-0.10419242562699527,-0.0007909691237958302,0.10419200239702464,0.9945571545721711,-0.0005587617037745296,0.0008448825990010345,0.00047330771207388517,0.9999995310765384,-0.0007473074947483838,0.0002218010340584442,-9.166282688966021e-05,0.03272869437932968,0.03472879156470299,0.09421716630458832,0.010914442129433155,0.014245410449802876,0.02383623830974102,0.994556952667231,-0.10419242562699527,-0.0007909691237958302,0.10419200239702464,0.9945571545721711,-0.0005587617037745296,0.0008448825990010345,0.00047330771207388517,0.9999995310765384,-0.0007473074947483838,0.0002218010340584442,-9.166282688966021e-05,44.150698343098554,0.0012092842039871383,0.0024785556727705115,-0.0028253010015262046,-1.5455752792160693,0.02818528616028283,0.04094522104392126,0.0016541212275626954,44.150698343098554,0.0012092842039871383,0.0024785556727705115,-0.0028253010015262046,0.017815880477428436,0.024871161207556725,0.09026731550693512,0.0,0.0,0.0,0.9945779329770817,-0.10399379880815673,-0.00031917830922447137,0.1039937679028391,0.994577981118793,-0.00011198813846393513,0.0003290937749975825,7.818838464791495e-05,0.9999999427919323,0.0,0.0,0.0
26,1775260612523236601,0.545510432,545,21.694756,14.54725899384357,44.23552553174094,0.7134762182538862,-0.7134762182538862,0.03283034265041351,0.03482934832572937,0.09394519031047821,0.01104673184454441,0.014274495653808117,0.023626059293746948,0.9945569310028511,-0.10419278831418843,-0.0008017607503595127,0.10419235812767913,0.9945571410576369,-0.0005609293578526919,0.0008558415009809629,0.0004743388772984296,0.9999995212689211,-0.00026222653104923666,0.0015574737917631865,0.0003685077535919845,0.03283034265041351,0.03482934832572937,0.09394519031047821,0.01104673184454441,0.014274495653808117,0.023626059293746948,0.9945569310028511,-0.10419278831418843,-0.0008017607503595127,0.10419235812767913,0.9945571410576369,-0.0005609293578526919,0.0008558415009809629,0.0004743388772984296,0.9999995212689211,-0.00026222653104923666,0.0015574737917631865,0.0003685077535919845,44.23552553174094,0.0012023623276030614,0.002290125605497912,-0.0028317120820751484,-1.5236722256419597,0.02800288538429797,0.03730710415439159,0.0015488210359568075,44.23552553174094,0.0012023623276030614,0.002290125605497912,-0.0028317120820751484,0.017815880477428436,0.024871161207556725,0.09026731550693512,0.0,0.0,0.0,0.9945779329770817,-0.10399379880815673,-0.00031917830922447137,0.1039937679028391,0.994577981118793,-0.00011198813846393513,0.0003290937749975825,7.818838464791495e-05,0.9999999427919323,0.0,0.0,0.0
