step,timestamp_ns,experiment_time_s,reference_index,tick_dt_ms,solver_ms,px4_collective_command_newton,px4_collective_normalized,px4_thrust_body_z,state_raw_0,state_raw_1,state_raw_2,state_raw_3,state_raw_4,state_raw_5,state_raw_6,state_raw_7,state_raw_8,state_raw_9,state_raw_10,state_raw_11,state_raw_12,state_raw_13,state_raw_14,state_raw_15,state_raw_16,state_raw_17,state_used_0,state_used_1,state_used_2,state_used_3,state_used_4,state_used_5,state_used_6,state_used_7,state_used_8,state_used_9,state_used_10,state_used_11,state_used_12,state_used_13,state_used_14,state_used_15,state_used_16,state_used_17,control_raw_0,control_raw_1,control_raw_2,control_raw_3,control_internal_0,control_internal_1,control_internal_2,control_internal_3,control_used_0,control_used_1,control_used_2,control_used_3,reference_0,reference_1,reference_2,reference_3,reference_4,reference_5,reference_6,reference_7,reference_8,reference_9,reference_10,reference_11,reference_12,reference_13,reference_14,reference_15,reference_16,reference_17
0,1775256508249376713,0.0,0,0.0,43.047097002272494,49.122066376603755,0.7922913931710283,-0.7922913931710283,-0.028880801051855087,0.006053451914340258,-0.016880109906196594,-0.0007856010925024748,0.007267632056027651,-0.00722875539213419,0.9944684752431692,-0.10503397955106641,0.0006357132390785265,0.10503445564443248,0.9944683311505265,-0.0007685768230044718,-0.0005514700104127714,0.000831097156062212,0.9999995025790688,0.000517927692271769,-0.0007606110884808004,0.0005614485708065331,-0.028880801051855087,0.006053451914340258,-0.016880109906196594,-0.0007856010925024748,0.007267632056027651,-0.00722875539213419,0.9944684752431692,-0.10503397955106641,0.0006357132390785265,0.10503445564443248,0.9944683311505265,-0.0007685768230044718,-0.0005514700104127714,0.000831097156062212,0.9999995025790688,0.000517927692271769,-0.0007606110884808004,0.0005614485708065331,49.122066376603755,8.502529905224947e-05,0.0010943529724701522,-0.0028873350652243376,-0.261928583891417,-0.0014404519040007817,0.014219702683786356,0.0006352292102753052,49.122066376603755,8.502529905224947e-05,0.0010943529724701522,-0.0028873350652243376,-0.03303523361682892,0.0009156031883321702,-0.01762157678604126,0.0,0.0,0.0,0.9944702261447765,-0.10501837544741077,0.0005394642145330731,0.10501859849478179,0.9944702671787774,-0.00040318642648266585,-0.0004941391306039515,0.0004576105908604155,0.9999997732095263,0.0,0.0,0.0
1,1775256508294080418,0.044703705,44,44.703705,14.280367002356797,48.44225727035511,0.7813267301670178,-0.7813267301670178,-0.028880801051855087,0.006053451914340258,-0.016880109906196594,-0.0007856010925024748,0.007267632056027651,-0.00722875539213419,0.9944684752431692,-0.10503397955106641,0.0006357132390785265,0.10503445564443248,0.9944683311505265,-0.0007685768230044718,-0.0005514700104127714,0.000831097156062212,0.9999995025790688,0.000517927692271769,-0.0007606110884808004,0.0005614485708065331,-0.028880801051855087,0.006053451914340258,-0.016880109906196594,-0.0007856010925024748,0.007267632056027651,-0.00722875539213419,0.9944684752431692,-0.10503397955106641,0.0006357132390785265,0.10503445564443248,0.9944683311505265,-0.0007685768230044718,-0.0005514700104127714,0.000831097156062212,0.9999995025790688,0.000517927692271769,-0.0007606110884808004,0.0005614485708065331,48.44225727035511,0.00013571616319723928,0.0012352726185424496,-0.002895986530670398,-0.4374606923184021,-0.000104679283637479,0.016940511267378687,0.0004931313279936734,48.44225727035511,0.00013571616319723928,0.0012352726185424496,-0.002895986530670398,-0.03303523361682892,0.0009156031883321702,-0.01762157678604126,0.0,0.0,0.0,0.9944702261447765,-0.10501837544741077,0.0005394642145330731,0.10501859849478179,0.9944702671787774,-0.00040318642648266585,-0.0004941391306039515,0.0004576105908604155,0.9999997732095263,0.0,0.0,0.0
2,1775256508312064800,0.062688087,62,17.984382,7.779716994264163,48.0274717388479,0.7746366409491597,-0.7746366409491597,-0.029127974063158035,0.006318800617009401,-0.016880109906196594,-0.0011669304221868515,0.007661045994609594,-0.007162274792790413,0.9944714369681861,-0.10500650816766366,0.0006649439535736674,0.10500700997312462,0.9944713074623025,-0.0007709373717139844,-0.0005803142628583524,0.0008364988038381243,0.9999994817524775,-0.0004614745848812163,0.0002333276643184945,-0.00014650881348643452,-0.029127974063158035,0.006318800617009401,-0.016880109906196594,-0.0011669304221868515,0.007661045994609594,-0.007162274792790413,0.9944714369681861,-0.10500650816766366,0.0006649439535736674,0.10500700997312462,0.9944713074623025,-0.0007709373717139844,-0.0005803142628583524,0.0008364988038381243,0.9999994817524775,-0.0004614745848812163,0.0002333276643184945,-0.00014650881348643452,48.0274717388479,0.00025867471186324573,0.0011825934668944352,-0.0028924402597121763,-0.5445616096512702,0.0031354442675782836,0.015923407606000303,0.0005513778292716285,48.0274717388479,0.00025867471186324573,0.0011825934668944352,-0.0028924402597121763,-0.03303523361682892,0.0009156031883321702,-0.01762157678604126,0.0,0.0,0.0,0.9944702261447765,-0.10501837544741077,0.0005394642145330731,0.10501859849478179,0.9944702671787774,-0.00040318642648266585,-0.0004941391306039515,0.0004576105908604155,0.9999997732095263,0.0,0.0,0.0
3,1775256508329428748,0.080052035,80,17.363948,7.163180998759344,47.72079670485531,0.7696902694331501,-0.7696902694331501,-0.03039054572582245,0.007484412286430597,-0.01672917604446411,-0.002709801308810711,0.0089430445805192,-0.006881960202008486,0.9944846437074918,-0.10487961609917695,0.00080435568684405,0.10488023254073298,0.9944846083965925,-0.0007667566270962898,-0.0007195022114209839,0.000846888637256845,0.9999993825479357,0.0001474758901167661,-0.0003212103620171547,0.0007909233681857586,-0.03039054572582245,0.007484412286430597,-0.01672917604446411,-0.002709801308810711,0.0089430445805192,-0.006881960202008486,0.9944846437074918,-0.10487961609917695,0.00080435568684405,0.10488023254073298,0.9944846083965925,-0.0007667566270962898,-0.0007195022114209839,0.000846888637256845,0.9999993825479357,0.0001474758901167661,-0.0003212103620171547,0.0007909233681857586,47.72079670485531,0.00027232907516776977,0.0012761886770005797,-0.0029138165197432606,-0.6237475382065544,0.0034952551518139057,0.01773049879688562,0.00020027878131764618,47.72079670485531,0.00027232907516776977,0.0012761886770005797,-0.0029138165197432606,-0.03303523361682892,0.0009156031883321702,-0.01762157678604126,0.0,0.0,0.0,0.9944702261447765,-0.10501837544741077,0.0005394642145330731,0.10501859849478179,0.9944702671787774,-0.00040318642648266585,-0.0004941391306039515,0.0004576105908604155,0.9999997732095263,0.0,0.0,0.0
4,1775256508349421097,0.100044384,100,19.992349,5.7669530069688335,47.535917392155156,0.7667083450347606,-0.7667083450347606,-0.030678508803248405,0.007731137331575155,-0.016697511076927185,-0.0030894684605300426,0.009124317206442356,-0.006812796927988529,0.9944879404202949,-0.10484718701519591,0.0008276187686108601,0.10484782655260094,0.9944879182767226,-0.0007712898178606612,-0.000742189296982125,0.0008538125419186974,0.9999993600793562,-0.0003639293718151748,-7.700539572397247e-05,-0.0002295563608640805,-0.030678508803248405,0.007731137331575155,-0.016697511076927185,-0.0030894684605300426,0.009124317206442356,-0.006812796927988529,0.9944879404202949,-0.10484718701519591,0.0008276187686108601,0.10484782655260094,0.9944879182767226,-0.0007712898178606612,-0.000742189296982125,0.0008538125419186974,0.9999993600793562,-0.0003639293718151748,-7.700539572397247e-05,-0.0002295563608640805,47.535917392155156,0.00032571571484402856,0.0012697501780738643,-0.002901623342709285,-0.6714848445540224,0.004902065092334442,0.01760618736385612,0.00040054827850462016,47.535917392155156,0.00032571571484402856,0.0012697501780738643,-0.002901623342709285,-0.03303523361682892,0.0009156031883321702,-0.01762157678604126,0.0,0.0,0.0,0.9944702261447765,-0.10501837544741077,0.0005394642145330731,0.10501859849478179,0.9944702671787774,-0.00040318642648266585,-0.0004941391306039515,0.0004576105908604155,0.9999997732095263,0.0,0.0,0.0
5,1775256508370058319,0.120681606,120,20.637222,7.662328993319534,47.40720273759415,0.7646323022192605,-0.7646323022192605,-0.03096666932106018,0.007967960089445114,-0.016662418842315674,-0.0034509259276092052,0.00939813069999218,-0.006775277201086283,0.9944914061126917,-0.10481475854447297,0.0008651470527397708,0.10481543020928008,0.9944914125316109,-0.0007713048076447512,-0.0007795371872042548,0.0008577367328766428,0.9999993283045217,-8.722269558347762e-05,-0.001010094303637743,0.00024328651488758624,-0.03096666932106018,0.007967960089445114,-0.016662418842315674,-0.0034509259276092052,0.00939813069999218,-0.006775277201086283,0.9944914061126917,-0.10481475854447297,0.0008651470527397708,0.10481543020928008,0.9944914125316109,-0.0007713048076447512,-0.0007795371872042548,0.0008577367328766428,0.9999993283045217,-8.722269558347762e-05,-0.001010094303637743,0.00024328651488758624,47.40720273759415,0.00030897108159947653,0.0013998019538603058,-0.0029123529642702327,-0.7047199902631178,0.004460821428345565,0.020117164347786654,0.00022431726758515472,47.40720273759415,0.00030897108159947653,0.0013998019538603058,-0.0029123529642702327,-0.03303523361682892,0.0009156031883321702,-0.01762157678604126,0.0,0.0,0.0,0.9944702261447765,-0.10501837544741077,0.0005394642145330731,0.10501859849478179,0.9944702671787774,-0.00040318642648266585,-0.0004941391306039515,0.0004576105908604155,0.9999997732095263,0.0,0.0,0.0
6,1775256508389399916,0.140023203,140,19.341597,11.238506995141506,47.35184469294516,0.7637394305313735,-0.7637394305313735,-0.031399425119161606,0.008304351940751076,-0.01661275327205658,-0.003997880034148693,0.009596327319741249,-0.006654726341366768,0.9944967251762324,-0.10476461150725536,0.000912846921038102,0.10476532383103554,0.9944967703341814,-0.0007708551120377822,-0.0008270649735182827,0.0008622474323433658,0.9999992862462553,-0.0011102160206064582,0.0003221208171453327,0.0002233280538348481,-0.031399425119161606,0.008304351940751076,-0.01661275327205658,-0.003997880034148693,0.009596327319741249,-0.006654726341366768,0.9944967251762324,-0.10476461150725536,0.000912846921038102,0.10476532383103554,0.9944967703341814,-0.0007708551120377822,-0.0008270649735182827,0.0008622474323433658,0.9999992862462553,-0.0011102160206064582,0.0003221208171453327,0.0002233280538348481,47.35184469294516,0.0004082367036000597,0.0012512439866474913,-0.0029129553385535707,-0.7190138768944025,0.007076604415048066,0.01724887874234109,0.00021442343970860873,47.35184469294516,0.0004082367036000597,0.0012512439866474913,-0.0029129553385535707,-0.03303523361682892,0.0009156031883321702,-0.01762157678604126,0.0,0.0,0.0,0.9944702261447765,-0.10501837544741077,0.0005394642145330731,0.10501859849478179,0.9944702671787774,-0.00040318642648266585,-0.0004941391306039515,0.0004576105908604155,0.9999997732095263,0.0,0.0,0.0
7,1775256508409384154,0.160007441,160,19.984238,39.84047799895052,47.27523664138956,0.7625038167966058,-0.7625038167966058,-0.031831372529268265,0.008610095828771591,-0.01657205820083618,-0.00461734551936388,0.009819399565458298,-0.006560755427926779,0.9945004847424953,-0.10472793339527553,0.0009592223463226954,0.10472868562419135,0.9945005695432557,-0.0007706357330384619,-0.0008732400785647562,0.0008668556442157846,0.9999992430062675,-7.853141869418323e-05,-0.0011379964416846633,0.0006404640735127032,-0.031831372529268265,0.008610095828771591,-0.01657205820083618,-0.00461734551936388,0.009819399565458298,-0.006560755427926779,0.9945004847424953,-0.10472793339527553,0.0009592223463226954,0.10472868562419135,0.9945005695432557,-0.0007706357330384619,-0.0008732400785647562,0.0008668556442157846,0.9999992430062675,-7.853141869418323e-05,-0.0011379964416846633,0.0006404640735127032,47.27523664138956,0.00033661188099728663,0.0014134647090019202,-0.0029222905098263,-0.7387946840186863,0.005189193762558345,0.020380958236722146,6.109588186750061e-05,47.27523664138956,0.00033661188099728663,0.0014134647090019202,-0.0029222905098263,-0.03303523361682892,0.0009156031883321702,-0.01762157678604126,0.0,0.0,0.0,0.9944702261447765,-0.10501837544741077,0.0005394642145330731,0.10501859849478179,0.9944702671787774,-0.00040318642648266585,-0.0004941391306039515,0.0004576105908604155,0.9999997732095263,0.0,0.0,0.0
8,1775256508454699537,0.205322824,205,45.315383,6.086690002121031,47.22387953885785,0.7616754764331911,-0.7616754764331911,-0.031831372529268265,0.008610095828771591,-0.01657205820083618,-0.00461734551936388,0.009819399565458298,-0.006560755427926779,0.9945004847424953,-0.10472793339527553,0.0009592223463226954,0.10472868562419135,0.9945005695432557,-0.0007706357330384619,-0.0008732400785647562,0.0008668556442157846,0.9999992430062675,-7.853141869418323e-05,-0.0011379964416846633,0.0006404640735127032,-0.031831372529268265,0.008610095828771591,-0.01657205820083618,-0.00461734551936388,0.009819399565458298,-0.006560755427926779,0.9945004847424953,-0.10472793339527553,0.0009592223463226954,0.10472868562419135,0.9945005695432557,-0.0007706357330384619,-0.0008732400785647562,0.0008668556442157846,0.9999992430062675,-7.853141869418323e-05,-0.0011379964416846633,0.0006404640735127032,47.22387953885785,0.0003332084870665143,0.0014343143645635993,-0.0029242205713759,-0.7520554956306964,0.00509950974344135,0.020783513333887633,2.939516473681822e-05,47.22387953885785,0.0003332084870665143,0.0014343143645635993,-0.0029242205713759,-0.03303523361682892,0.0009156031883321702,-0.01762157678604126,0.0,0.0,0.0,0.9944702261447765,-0.10501837544741077,0.0005394642145330731,0.10501859849478179,0.9944702671787774,-0.00040318642648266585,-0.0004941391306039515,0.0004576105908604155,0.9999997732095263,0.0,0.0,0.0
9,1775256508469364346,0.219987633,219,14.664809,33.908679994056,47.17812536404416,0.7609375058716801,-0.7609375058716801,-0.03282757103443146,0.0091685326769948,-0.016407504677772522,-0.005791130010038614,0.010162348859012127,-0.00609381590038538,0.9945113323970897,-0.10462481729765738,0.0010346087191475542,0.10462559257517534,0.9945115241195371,-0.0007258428773855635,-0.0009529890938059027,0.0008301053375774073,0.999999201368216,-0.0005775463068857789,0.0005767264519818127,0.0002780513314064592,-0.03282757103443146,0.0091685326769948,-0.016407504677772522,-0.005791130010038614,0.010162348859012127,-0.00609381590038538,0.9945113323970897,-0.10462481729765738,0.0010346087191475542,0.10462559257517534,0.9945115241195371,-0.0007258428773855635,-0.0009529890938059027,0.0008301053375774073,0.999999201368216,-0.0005775463068857789,0.0005767264519818127,0.0002780513314064592,47.17812536404416,0.00041922735023968935,0.0012141957268865474,-0.0029138346428554465,-0.7638695868227119,0.0073662227734827045,0.016533568805265183,0.0001999811143064278,47.17812536404416,0.00041922735023968935,0.0012141957268865474,-0.0029138346428554465,-0.03303523361682892,0.0009156031883321702,-0.01762157678604126,0.0,0.0,0.0,0.9944702261447765,-0.10501837544741077,0.0005394642145330731,0.10501859849478179,0.9944702671787774,-0.00040318642648266585,-0.0004941391306039515,0.0004576105908604155,0.9999997732095263,0.0,0.0,0.0
10,1775256508506014698,0.256637985,256,36.650352,8.300607994897291,47.147740102895405,0.760447421014442,-0.760447421014442,-0.03282757103443146,0.0091685326769948,-0.016407504677772522,-0.005791130010038614,0.010162348859012127,-0.00609381590038538,0.9945113323970897,-0.10462481729765738,0.0010346087191475542,0.10462559257517534,0.9945115241195371,-0.0007258428773855635,-0.0009529890938059027,0.0008301053375774073,0.999999201368216,-0.0005775463068857789,0.0005767264519818127,0.0002780513314064592,-0.03282757103443146,0.0091685326769948,-0.016407504677772522,-0.005791130010038614,0.010162348859012127,-0.00609381590038538,0.9945113323970897,-0.10462481729765738,0.0010346087191475542,0.10462559257517534,0.9945115241195371,-0.0007258428773855635,-0.0009529890938059027,0.0008301053375774073,0.999999201368216,-0.0005775463068857789,0.0005767264519818127,0.0002780513314064592,47.147740102895405,0.0004306827048387974,0.0011959221893054807,-0.0029133673949536328,-0.7717153024883602,0.007668086813248809,0.016180752152023976,0.00020765552944017129,47.147740102895405,0.0004306827048387974,0.0011959221893054807,-0.0029133673949536328,-0.03303523361682892,0.0009156031883321702,-0.01762157678604126,0.0,0.0,0.0,0.9944702261447765,-0.10501837544741077,0.0005394642145330731,0.10501859849478179,0.9944702671787774,-0.00040318642648266585,-0.0004941391306039515,0.0004576105908604155,0.9999997732095263,0.0,0.0,0.0
11,1775256508516900730,0.267524017,267,10.886032,14.847670987364836,47.079891921635614,0.7593530955102519,-0.7593530955102519,-0.03297039866447449,0.009237157180905342,-0.01636926829814911,-0.006039490923285484,0.010174917057156563,-0.006056168582290411,0.9945122176823231,-0.10461578279736705,0.001043661761855324,0.1046165569184545,0.9945124255291562,-0.000716830736977361,-0.0009629427701296437,0.000822081139602116,0.9999991984616265,0.0005079173715785146,-0.00019116088515147567,0.00010597522486932576,-0.03297039866447449,0.009237157180905342,-0.01636926829814911,-0.006039490923285484,0.010174917057156563,-0.006056168582290411,0.9945122176823231,-0.10461578279736705,0.001043661761855324,0.1046165569184545,0.9945124255291562,-0.000716830736977361,-0.0009629427701296437,0.000822081139602116,0.9999991984616265,0.0005079173715785146,-0.00019116088515147567,0.00010597522486932576,47.079891921635614,0.00035719526640120436,0.0012828153624254994,-0.0029105432897538436,-0.789234241555222,0.005731593722012509,0.017858443644090515,0.00025404066161604876,47.079891921635614,0.00035719526640120436,0.0012828153624254994,-0.0029105432897538436,-0.03303523361682892,0.0009156031883321702,-0.01762157678604126,0.0,0.0,0.0,0.9944702261447765,-0.10501837544741077,0.0005394642145330731,0.10501859849478179,0.9944702671787774,-0.00040318642648266585,-0.0004941391306039515,0.0004576105908604155,0.9999997732095263,0.0,0.0,0.0
12,1775256508539132906,0.289756193,289,22.232176,11.452915001427755,47.0658527912822,0.7591266579239064,-0.7591266579239064,-0.03325445577502251,0.009358095936477184,-0.016275644302368164,-0.0064267260022461414,0.010252507403492928,-0.005940126720815897,0.994515800162348,-0.10458282848339162,0.0010602048339329985,0.10458361444183928,0.9945160255877414,-0.000715024571215292,-0.000979611361486346,0.0008219829729278925,0.9999991823525886,-0.00036833196645602584,0.00017268583178520203,0.0012623931979760528,-0.03325445577502251,0.009358095936477184,-0.016275644302368164,-0.0064267260022461414,0.010252507403492928,-0.005940126720815897,0.994515800162348,-0.10458282848339162,0.0010602048339329985,0.10458361444183928,0.9945160255877414,-0.000715024571215292,-0.000979611361486346,0.0008219829729278925,0.9999991823525886,-0.00036833196645602584,0.00017268583178520203,0.0012623931979760528,47.0658527912822,0.000415813757583315,0.0012616761081199193,-0.0029311566369733494,-0.7928592564730345,0.007276270004194419,0.017450297114004455,-8.452775836897837e-05,47.0658527912822,0.000415813757583315,0.0012616761081199193,-0.0029311566369733494,-0.03303523361682892,0.0009156031883321702,-0.01762157678604126,0.0,0.0,0.0,0.9944702261447765,-0.10501837544741077,0.0005394642145330731,0.10501859849478179,0.9944702671787774,-0.00040318642648266585,-0.0004941391306039515,0.0004576105908604155,0.9999997732095263,0.0,0.0,0.0
13,1775256508552502861,0.303126148,303,13.369955,16.763070001616143,47.0328951711328,0.7585950834053677,-0.7585950834053677,-0.03339787572622299,0.009419247508049011,-0.016231223940849304,-0.006643481086939573,0.010341526940464973,-0.0058772629126906395,0.994517000015679,-0.10457113530280138,0.0010607603938786094,0.10457191545442313,0.9945172312233527,-0.0007086392349462834,-0.000980841242288739,0.0008156792482049788,0.9999991863086942,-0.0001375192659907043,0.0012580250622704625,-0.00010711953655118123,-0.03339787572622299,0.009419247508049011,-0.016231223940849304,-0.006643481086939573,0.010341526940464973,-0.0058772629126906395,0.994517000015679,-0.10457113530280138,0.0010607603938786094,0.10457191545442313,0.9945172312233527,-0.0007086392349462834,-0.000980841242288739,0.0008156792482049788,0.9999991863086942,-0.0001375192659907043,0.0012580250622704625,-0.00010711953655118123,47.0328951711328,0.00043656368227942854,0.0011178773331950577,-0.002906745949748207,-0.8013691756553222,0.007823058498554861,0.014673899698665373,0.0003164109012556264,47.0328951711328,0.00043656368227942854,0.0011178773331950577,-0.002906745949748207,-0.03303523361682892,0.0009156031883321702,-0.01762157678604126,0.0,0.0,0.0,0.9944702261447765,-0.10501837544741077,0.0005394642145330731,0.10501859849478179,0.9944702671787774,-0.00040318642648266585,-0.0004941391306039515,0.0004576105908604155,0.9999997732095263,0.0,0.0,0.0
14,1775256508573291905,0.323915192,323,20.789044,13.058545999228954,47.042082670210355,0.7587432688743606,-0.7587432688743606,-0.03354213014245033,0.009481044486165047,-0.016160979866981506,-0.006826280150562525,0.01042519323527813,-0.005801855586469173,0.9945176166023171,-0.10456404859048374,0.001064641634115699,0.10456483109033865,0.9945178523064644,-0.000707809739331447,-0.0009847936515048339,0.0008152532736154898,0.9999991827714715,-0.0006557528977282345,0.0003182314394507557,-0.00048347972915507853,-0.03354213014245033,0.009481044486165047,-0.016160979866981506,-0.006826280150562525,0.01042519323527813,-0.005801855586469173,0.9945176166023171,-0.10456404859048374,0.001064641634115699,0.10456483109033865,0.9945178523064644,-0.000707809739331447,-0.0009847936515048339,0.0008152532736154898,0.9999991827714715,-0.0006557528977282345,0.0003182314394507557,-0.00048347972915507853,47.042082670210355,0.00044689844055479115,0.001229633066698893,-0.0028994495690493624,-0.7989968904513873,0.008095393314209547,0.016831625519427754,0.00043625189837808337,47.042082670210355,0.00044689844055479115,0.001229633066698893,-0.0028994495690493624,-0.03303523361682892,0.0009156031883321702,-0.01762157678604126,0.0,0.0,0.0,0.9944702261447765,-0.10501837544741077,0.0005394642145330731,0.10501859849478179,0.9944702671787774,-0.00040318642648266585,-0.0004941391306039515,0.0004576105908604155,0.9999997732095263,0.0,0.0,0.0
15,1775256508590064536,0.340687823,340,16.772631,12.454006006009877,47.02915966230911,0.7585348332630502,-0.7585348332630502,-0.03381282091140747,0.009572822600603104,-0.01602347195148468,-0.007124751340597868,0.010455104522407055,-0.005652380641549826,0.9945196711138927,-0.10454402906492488,0.0010660477097311598,0.10454480015415557,0.994519918510064,-0.0006950904778624308,-0.000987538126697213,0.0008027309263741074,0.999999190195414,-0.0005191927775740623,0.0005320853088051081,0.00013053677685093135,-0.03381282091140747,0.009572822600603104,-0.01602347195148468,-0.007124751340597868,0.010455104522407055,-0.005652380641549826,0.9945196711138927,-0.10454402906492488,0.0010660477097311598,0.10454480015415557,0.994519918510064,-0.0006950904778624308,-0.000987538126697213,0.0008027309263741074,0.999999190195414,-0.0005191927775740623,0.0005320853088051081,0.00013053677685093135,47.02915966230911,0.00045243806843470787,0.001213272227338287,-0.0029077347159540707,-0.8023337136908422,0.00824136997832458,0.016515738321241955,0.00030017069492284924,47.02915966230911,0.00045243806843470787,0.001213272227338287,-0.0029077347159540707,-0.03303523361682892,0.0009156031883321702,-0.01762157678604126,0.0,0.0,0.0,0.9944702261447765,-0.10501837544741077,0.0005394642145330731,0.10501859849478179,0.9944702671787774,-0.00040318642648266585,-0.0004941391306039515,0.0004576105908604155,0.9999997732095263,0.0,0.0,0.0
16,1775256508609377954,0.360001241,360,19.313418,4.2353799944976345,46.96268905833502,0.757462726747339,-0.757462726747339,-0.03517754003405571,0.009917481802403927,-0.015326172113418579,-0.008506909012794495,0.01042011845856905,-0.004704596940428019,0.9945275475483586,-0.10446839521852658,0.0011189924367244475,0.1044691358186014,0.9945279028495688,-0.000625052856799313,-0.0010475709438899083,0.0007385325075831839,0.9999991785820669,-0.00047897943295538425,0.0005393447354435921,-0.000826914852950722,-0.03517754003405571,0.009917481802403927,-0.015326172113418579,-0.008506909012794495,0.01042011845856905,-0.004704596940428019,0.9945275475483586,-0.10446839521852658,0.0011189924367244475,0.1044691358186014,0.9945279028495688,-0.000625052856799313,-0.0010475709438899083,0.0007385325075831839,0.9999991785820669,-0.00047897943295538425,0.0005393447354435921,-0.000826914852950722,46.96268905833502,0.00047839497414705354,0.0011849212353139478,-0.0028843018133093224,-0.8194969513655663,0.008925369443410245,0.01596835103633773,0.0006850495183187997,46.96268905833502,0.00047839497414705354,0.0011849212353139478,-0.0028843018133093224,-0.03303523361682892,0.0009156031883321702,-0.01762157678604126,0.0,0.0,0.0,0.9944702261447765,-0.10501837544741077,0.0005394642145330731,0.10501859849478179,0.9944702671787774,-0.00040318642648266585,-0.0004941391306039515,0.0004576105908604155,0.9999997732095263,0.0,0.0,0.0
17,1775256508629426601,0.380049888,380,20.048647,5.409992998465896,46.94755704536456,0.757218662022009,-0.757218662022009,-0.03542830049991608,0.0099727688357234,-0.015187248587608337,-0.008762786164879799,0.010313685052096844,-0.004458739422261715,0.9945279539925825,-0.10446538746965595,0.001129569044158972,0.1044661253529402,0.9945283277411984,-0.0006151034212106138,-0.0010591313663028262,0.0007297391268259665,0.9999991728604898,-0.0011559886625036597,-0.0005400439840741456,-0.00085570162627846,-0.03542830049991608,0.0099727688357234,-0.015187248587608337,-0.008762786164879799,0.010313685052096844,-0.004458739422261715,0.9945279539925825,-0.10446538746965595,0.001129569044158972,0.1044661253529402,0.9945283277411984,-0.0006151034212106138,-0.0010591313663028262,0.0007297391268259665,0.9999991728604898,-0.0011559886625036597,-0.0005400439840741456,-0.00085570162627846,46.94755704536456,0.0005006391404186773,0.0013202528509706293,-0.0028828138274506953,-0.8234041572518,0.009511533218078915,0.018581268622869348,0.0007094892667861734,46.94755704536456,0.0005006391404186773,0.0013202528509706293,-0.0028828138274506953,-0.03303523361682892,0.0009156031883321702,-0.01762157678604126,0.0,0.0,0.0,0.9944702261447765,-0.10501837544741077,0.0005394642145330731,0.10501859849478179,0.9944702671787774,-0.00040318642648266585,-0.0004941391306039515,0.0004576105908604155,0.9999997732095263,0.0,0.0,0.0
18,1775256508649452056,0.400075343,400,20.025455,4.605131995049305,46.88689643718644,0.7562402651159102,-0.7562402651159102,-0.03568185120820999,0.010028400458395481,-0.015054568648338318,-0.00902964174747467,0.010274671949446201,-0.004332666750997305,0.9945291745258101,-0.10445316608137811,0.0011401351106776342,0.10445390477811145,0.9945295642209248,-0.0006086564346173204,-0.001070321974179285,0.0007244181096507235,0.9999991648143044,-0.0004450505366548896,-3.132154233753681e-05,-0.0001492383744334802,-0.03568185120820999,0.010028400458395481,-0.015054568648338318,-0.00902964174747467,0.010274671949446201,-0.004332666750997305,0.9945291745258101,-0.10445316608137811,0.0011401351106776342,0.10445390477811145,0.9945295642209248,-0.0006086564346173204,-0.001070321974179285,0.0007244181096507235,0.9999991648143044,-0.0004450505366548896,-3.132154233753681e-05,-0.0001492383744334802,46.88689643718644,0.0004850547757301916,0.0012608539404159534,-0.002892649590589099,-0.8390672078848316,0.00910086419501604,0.0174344230963749,0.000547939628600037,46.88689643718644,0.0004850547757301916,0.0012608539404159534,-0.002892649590589099,-0.03303523361682892,0.0009156031883321702,-0.01762157678604126,0.0,0.0,0.0,0.9944702261447765,-0.10501837544741077,0.0005394642145330731,0.10501859849478179,0.9944702671787774,-0.00040318642648266585,-0.0004941391306039515,0.0004576105908604155,0.9999997732095263,0.0,0.0,0.0
19,1775256508669417698,0.420040985,420,19.965642,7.407310011330992,46.83819047098262,0.7554546850158487,-0.7554546850158487,-0.03599667549133301,0.010140303522348404,-0.014844328165054321,-0.009289863519370556,0.010183391161262989,-0.004036635626107454,0.9945308605410651,-0.10443687228427057,0.0011482711547038602,0.10443759710259659,0.9945312721058849,-0.0005903410970401202,-0.0010803381919282373,0.000707035109906641,0.9999991664850292,-0.0005587634514085948,-0.0005497976671904325,0.0004655397788155824,-0.03599667549133301,0.010140303522348404,-0.014844328165054321,-0.009289863519370556,0.010183391161262989,-0.004036635626107454,0.9945308605410651,-0.10443687228427057,0.0011482711547038602,0.10443759710259659,0.9945312721058849,-0.0005903410970401202,-0.0010803381919282373,0.000707035109906641,0.9999991664850292,-0.0005587634514085948,-0.0005497976671904325,0.0004655397788155824,46.83819047098262,0.0004897279486535773,0.00131806126640571,-0.0029040211806308754,-0.8516434750488718,0.00922400860272286,0.01853895456473694,0.0003611644662664535,46.83819047098262,0.0004897279486535773,0.00131806126640571,-0.0029040211806308754,-0.03303523361682892,0.0009156031883321702,-0.01762157678604126,0.0,0.0,0.0,0.9944702261447765,-0.10501837544741077,0.0005394642145330731,0.10501859849478179,0.9944702671787774,-0.00040318642648266585,-0.0004941391306039515,0.0004576105908604155,0.9999997732095263,0.0,0.0,0.0
20,1775256508689766567,0.440389854,440,20.348869,8.027015996049158,46.779905786806886,0.7545146094646272,-0.7545146094646272,-0.03630826994776726,0.010249554179608822,-0.01465614140033722,-0.009709551930427551,0.010255839675664902,-0.0037267417646944523,0.9945319354562525,-0.10442766227097189,0.0011458288854961172,0.10442837030332375,0.9945323541604398,-0.0005763832068621799,-0.001079373497946609,0.0006928883661315912,0.9999991774290257,-0.00030682882061228156,-0.0006725884159095585,-0.00047449450357817113,-0.03630826994776726,0.010249554179608822,-0.01465614140033722,-0.009709551930427551,0.010255839675664902,-0.0037267417646944523,0.9945319354562525,-0.10442766227097189,0.0011458288854961172,0.10442837030332375,0.9945323541604398,-0.0005763832068621799,-0.001079373497946609,0.0006928883661315912,0.9999991774290257,-0.00030682882061228156,-0.0006725884159095585,-0.00047449450357817113,46.779905786806886,0.0004829955042178146,0.0013392428975852377,-0.0028870459619038252,-0.8666930432413655,0.009046599614000818,0.018947919287073664,0.0006399776508558667,46.779905786806886,0.0004829955042178146,0.0013392428975852377,-0.0028870459619038252,-0.03303523361682892,0.0009156031883321702,-0.01762157678604126,0.0,0.0,0.0,0.9944702261447765,-0.10501837544741077,0.0005394642145330731,0.10501859849478179,0.9944702671787774,-0.00040318642648266585,-0.0004941391306039515,0.0004576105908604155,0.9999997732095263,0.0,0.0,0.0
21,1775256508709574956,0.460198243,460,19.808389,15.380448996438645,46.77734798382908,0.7544733545778884,-0.7544733545778884,-0.036518268287181854,0.010322497226297855,-0.014537632465362549,-0.009924263693392277,0.010267864912748337,-0.003492178861051798,0.9945324197770867,-0.10442323295116762,0.0011539578276592837,0.10442395474395383,0.994532842077661,-0.0005838587615039619,-0.0010866804754179633,0.0007011670740604287,0.9999991637448946,-0.0012254167813807726,-0.0010592493927106261,-0.0006114235147833824,-0.036518268287181854,0.010322497226297855,-0.014537632465362549,-0.009924263693392277,0.010267864912748337,-0.003492178861051798,0.9945324197770867,-0.10442323295116762,0.0011539578276592837,0.10442395474395383,0.994532842077661,-0.0005838587615039619,-0.0010866804754179633,0.0007011670740604287,0.9999991637448946,-0.0012254167813807726,-0.0010592493927106261,-0.0006114235147833824,46.77734798382908,0.0005315292247022132,0.0013964831060560682,-0.002883641163935382,-0.8673534882773429,0.01032552859027539,0.020053085634526378,0.0006959004981386836,46.77734798382908,0.0005315292247022132,0.0013964831060560682,-0.002883641163935382,-0.03303523361682892,0.0009156031883321702,-0.01762157678604126,0.0,0.0,0.0,0.9944702261447765,-0.10501837544741077,0.0005394642145330731,0.10501859849478179,0.9944702671787774,-0.00040318642648266585,-0.0004941391306039515,0.0004576105908604155,0.9999997732095263,0.0,0.0,0.0
22,1775256508729382627,0.480005914,480,19.807671,7.684648997383192,46.726039432802516,0.7536457973032664,-0.7536457973032664,-0.03662443161010742,0.010359509848058224,-0.014479324221611023,-0.009983837604522705,0.010273993015289307,-0.003395792795345187,0.9945331629561768,-0.10441543701799594,0.0011520298075534674,0.10441615739096721,0.9945335832110341,-0.0005837989035493152,-0.001084774686957446,0.0007008977927012161,0.9999991660027799,-0.0008092884672805667,0.00113525555934757,0.0013951576547697186,-0.03662443161010742,0.010359509848058224,-0.014479324221611023,-0.009983837604522705,0.010273993015289307,-0.003395792795345187,0.9945331629561768,-0.10441543701799594,0.0011520298075534674,0.10441615739096721,0.9945335832110341,-0.0005837989035493152,-0.001084774686957446,0.0007008977927012161,0.9999991660027799,-0.0008092884672805667,0.00113525555934757,0.0013951576547697186,46.726039432802516,0.0005773653745890128,0.001128013715618006,-0.002914343565865091,-0.8806017635052616,0.011533372943974517,0.014869608083348538,0.00019162219726910585,46.726039432802516,0.0005773653745890128,0.001128013715618006,-0.002914343565865091,-0.03303523361682892,0.0009156031883321702,-0.01762157678604126,0.0,0.0,0.0,0.9944702261447765,-0.10501837544741077,0.0005394642145330731,0.10501859849478179,0.9944702671787774,-0.00040318642648266585,-0.0004941391306039515,0.0004576105908604155,0.9999997732095263,0.0,0.0,0.0
23,1775256508749796935,0.500420222,500,20.414308,7.512996991863474,46.62756309609566,0.7520574692918656,-0.7520574692918656,-0.03705399110913277,0.01049024797976017,-0.01425100862979889,-0.010352416895329952,0.010165694169700146,-0.003040978917852044,0.9945359475950463,-0.10438957558382977,0.0011553407595723542,0.10439027900081932,0.9945363837156483,-0.0005661075189240267,-0.001089932633468375,0.0006836203977444166,0.9999991723547615,0.00037030369276180863,-0.00025174018810503185,0.0003276540373917669,-0.03705399110913277,0.01049024797976017,-0.01425100862979889,-0.010352416895329952,0.010165694169700146,-0.003040978917852044,0.9945359475950463,-0.10438957558382977,0.0011553407595723542,0.10439027900081932,0.9945363837156483,-0.0005661075189240267,-0.001089932633468375,0.0006836203977444166,0.9999991723547615,0.00037030369276180863,-0.00025174018810503185,0.0003276540373917669,46.62756309609566,0.0004940176824286838,0.0012506344631864604,-0.0028977199701687656,-0.9060291354739982,0.009337048871853907,0.017237110357230166,0.00046466007265350776,46.62756309609566,0.0004940176824286838,0.0012506344631864604,-0.0028977199701687656,-0.03303523361682892,0.0009156031883321702,-0.01762157678604126,0.0,0.0,0.0,0.9944702261447765,-0.10501837544741077,0.0005394642145330731,0.10501859849478179,0.9944702671787774,-0.00040318642648266585,-0.0004941391306039515,0.0004576105908604155,0.9999997732095263,0.0,0.0,0.0
24,1775256508769758350,0.520381637,520,19.961415,7.811093993950635,46.55006241343989,0.7508074582812886,-0.7508074582812886,-0.037409573793411255,0.010573167353868484,-0.014101818203926086,-0.01068844459950924,0.010149889625608921,-0.002767398487776518,0.9945360531009262,-0.10438710586389965,0.001174426749239444,0.10438779812945809,0.9945365249275151,-0.0005442914563514156,-0.0011111932860252294,0.000663913292440154,0.9999991622339628,0.00038300995947793126,-0.0005965433083474636,0.0006286202115006745,-0.037409573793411255,0.010573167353868484,-0.014101818203926086,-0.01068844459950924,0.010149889625608921,-0.002767398487776518,0.9945360531009262,-0.10438710586389965,0.001174426749239444,0.10438779812945809,0.9945365249275151,-0.0005442914563514156,-0.0011111932860252294,0.000663913292440154,0.9999991622339628,0.00038300995947793126,-0.0005965433083474636,0.0006286202115006745,46.55006241343989,0.0004899500713530705,0.001307627742470686,-0.0029012235237724196,-0.926040427035196,0.00922986183535854,0.018337509115001954,0.00040711519188812523,46.55006241343989,0.0004899500713530705,0.001307627742470686,-0.0029012235237724196,-0.03303523361682892,0.0009156031883321702,-0.01762157678604126,0.0,0.0,0.0,0.9944702261447765,-0.10501837544741077,0.0005394642145330731,0.10501859849478179,0.9944702671787774,-0.00040318642648266585,-0.0004941391306039515,0.0004576105908604155,0.9999997732095263,0.0,0.0,0.0
25,1775256508789747058,0.540370345,540,19.988708,8.446608000667766,46.472173198178325,0.7495511806157794,-0.7495511806157794,-0.03765004500746727,0.010632982477545738,-0.014019444584846497,-0.01097224373370409,0.009998634457588196,-0.0026049097068607807,0.9945359914932339,-0.10438817617778495,0.0011764600488144983,0.1043888438016205,0.9945364807997124,-0.0005209680925278778,-0.0011156494970955347,0.0006409307291113664,0.9999991722667001,0.0007212830241769552,-0.0005922387354075909,-0.00011164757597725838,-0.03765004500746727,0.010632982477545738,-0.014019444584846497,-0.01097224373370409,0.009998634457588196,-0.0026049097068607807,0.9945359914932339,-0.10438817617778495,0.0011764600488144983,0.1043888438016205,0.9945364807997124,-0.0005209680925278778,-0.0011156494970955347,0.0006409307291113664,0.9999991722667001,0.0007212830241769552,-0.0005922387354075909,-0.00011164757597725838,46.472173198178325,0.00047774047285581325,0.001301887345111339,-0.0028877316102706666,-0.946152040799877,0.008908122451874837,0.018226676290453638,0.0006287160696213958,46.472173198178325,0.00047774047285581325,0.001301887345111339,-0.0028877316102706666,-0.03303523361682892,0.0009156031883321702,-0.01762157678604126,0.0,0.0,0.0,0.9944702261447765,-0.10501837544741077,0.0005394642145330731,0.10501859849478179,0.9944702671787774,-0.00040318642648266585,-0.0004941391306039515,0.0004576105908604155,0.9999997732095263,0.0,0.0,0.0
26,1775256508809701063,0.56032435,560,19.954005,8.216600996092893,46.45535385527688,0.7492799008915626,-0.7492799008915626,-0.03801654651761055,0.010729217901825905,-0.013918548822402954,-0.011300979182124138,0.010104585438966751,-0.00240373145788908,0.9945366358918183,-0.10438232977653028,0.001178492669282289,0.10438300021029101,0.9945371266049118,-0.0005223190749774065,-0.001117533782662522,0.0006424799080479819,0.9999991691686286,-0.00031094314181245863,-3.159220432280563e-05,-0.00038074521580711007,-0.03801654651761055,0.010729217901825905,-0.013918548822402954,-0.011300979182124138,0.010104585438966751,-0.00240373145788908,0.9945366358918183,-0.10438232977653028,0.001178492669282289,0.10438300021029101,0.9945371266049118,-0.0005223190749774065,-0.001117533782662522,0.0006424799080479819,0.9999991691686286,-0.00031094314181245863,-3.159220432280563e-05,-0.00038074521580711007,46.45535385527688,0.0005564079243066545,0.0012383069911985033,-0.002881402166986402,-0.950494928670471,0.01098111587059483,0.016999097471634216,0.0007326753921573561,46.45535385527688,0.0005564079243066545,0.0012383069911985033,-0.002881402166986402,-0.03303523361682892,0.0009156031883321702,-0.01762157678604126,0.0,0.0,0.0,0.9944702261447765,-0.10501837544741077,0.0005394642145330731,0.10501859849478179,0.9944702671787774,-0.00040318642648266585,-0.0004941391306039515,0.0004576105908604155,0.9999997732095263,0.0,0.0,0.0
