step,timestamp_ns,experiment_time_s,reference_index,tick_dt_ms,solver_ms,px4_collective_command_newton,px4_collective_normalized,px4_thrust_body_z,state_raw_0,state_raw_1,state_raw_2,state_raw_3,state_raw_4,state_raw_5,state_raw_6,state_raw_7,state_raw_8,state_raw_9,state_raw_10,state_raw_11,state_raw_12,state_raw_13,state_raw_14,state_raw_15,state_raw_16,state_raw_17,state_used_0,state_used_1,state_used_2,state_used_3,state_used_4,state_used_5,state_used_6,state_used_7,state_used_8,state_used_9,state_used_10,state_used_11,state_used_12,state_used_13,state_used_14,state_used_15,state_used_16,state_used_17,control_raw_0,control_raw_1,control_raw_2,control_raw_3,control_used_0,control_used_1,control_used_2,control_used_3,reference_0,reference_1,reference_2,reference_3,reference_4,reference_5,reference_6,reference_7,reference_8,reference_9,reference_10,reference_11,reference_12,reference_13,reference_14,reference_15,reference_16,reference_17
0,1774128802073959110,0.0,0,0.0,0.9533700067549944,42.898888973913984,0.6919175640953869,-0.6919175640953869,-0.021927429363131523,0.010840760543942451,-0.062140434980392456,-0.004055564291775227,0.009973008185625076,-0.031217418611049652,0.9945296328414742,-0.10445471370026294,-0.0003699441196658357,0.10445481449935246,0.994529655895451,0.0002644712559040387,0.0003402951247781065,-0.00030166691056037723,0.9999998965981516,-0.0003223131352569908,-5.476492515299469e-05,-0.00041200732812285423,-0.021927429363131523,0.010840760543942451,-0.062140434980392456,-0.004055564291775227,0.009973008185625076,-0.031217418611049652,0.9945296328414742,-0.10445471370026294,-0.0003699441196658357,0.10445481449935246,0.994529655895451,0.0002644712559040387,0.0003402951247781065,-0.00030166691056037723,0.9999998965981516,-0.0003223131352569908,-5.476492515299469e-05,-0.00041200732812285423,42.898888973913984,0.0015726886804524423,0.0003766343595822909,9.786193035349747e-05,42.898888973913984,0.0015726886804524423,0.0003766343595822909,9.786193035349747e-05,-0.02006683126091957,0.008799638599157333,-0.0631415843963623,0.0,0.0,0.0,0.994534322815963,-0.1044102463045613,-0.0003005988661617179,0.10441029463013152,0.9945343518910078,0.00014978668295197173,0.0002833166274785817,-0.00018035358971095483,0.9999999436021368,0.0,0.0,0.0
1,1774128802083783324,0.009824214,9,9.824214,0.3196689940523356,42.89412462283406,0.6918407197231301,-0.6918407197231301,-0.022078095003962517,0.011121885851025581,-0.061964958906173706,-0.003989441320300102,0.009761418215930462,-0.031026693060994148,0.9945294382566935,-0.1044568396800194,-0.00038880321051467824,0.1044569532758004,0.9945294616978352,0.00028427173389668713,0.00035698211460108626,-0.0003233297466273201,0.9999998840108254,0.00033604883356019855,0.0006586702074855566,0.0005603835452347994,-0.022078095003962517,0.011121885851025581,-0.061964958906173706,-0.003989441320300102,0.009761418215930462,-0.031026693060994148,0.9945294382566935,-0.1044568396800194,-0.00038880321051467824,0.1044569532758004,0.9945294616978352,0.00028427173389668713,0.00035698211460108626,-0.0003233297466273201,0.9999998840108254,0.00033604883356019855,0.0006586702074855566,0.0005603835452347994,42.89412462283406,0.0013510362890578006,0.00015615733340528185,-4.6281593404696664e-05,42.89412462283406,0.0013510362890578006,0.00015615733340528185,-4.6281593404696664e-05,-0.02006683126091957,0.008799638599157333,-0.0631415843963623,0.0,0.0,0.0,0.994534322815963,-0.1044102463045613,-0.0003005988661617179,0.10441029463013152,0.9945343518910078,0.00014978668295197173,0.0002833166274785817,-0.00018035358971095483,0.9999999436021368,0.0,0.0,0.0
2,1774128802093950637,0.019991527,19,10.167313,0.6554769934155047,42.890617774437096,0.6917841576522112,-0.6917841576522112,-0.022143034264445305,0.01125794555991888,-0.061849579215049744,-0.003930038772523403,0.009662908501923084,-0.030868133530020714,0.9945293674693565,-0.1044564852188461,-0.00040014214040190454,0.10445660741790896,0.994529390579826,0.0002976855122395136,0.0003668579373508618,-0.00033785448128653,0.9999998756347928,0.0011648142244666815,0.0002092289214488119,6.246033444767818e-05,-0.022143034264445305,0.01125794555991888,-0.061849579215049744,-0.003930038772523403,0.009662908501923084,-0.030868133530020714,0.9945293674693565,-0.1044564852188461,-0.00040014214040190454,0.10445660741790896,0.994529390579826,0.0002976855122395136,0.0003668579373508618,-0.00033785448128653,0.9999998756347928,0.0011648142244666815,0.0002092289214488119,6.246033444767818e-05,42.890617774437096,0.001108152746883924,0.0002362110573836275,2.813472739076801e-05,42.890617774437096,0.001108152746883924,0.0002362110573836275,2.813472739076801e-05,-0.02006683126091957,0.008799638599157333,-0.0631415843963623,0.0,0.0,0.0,0.994534322815963,-0.1044102463045613,-0.0003005988661617179,0.10441029463013152,0.9945343518910078,0.00014978668295197173,0.0002833166274785817,-0.00018035358971095483,0.9999999436021368,0.0,0.0,0.0
3,1774128802103819771,0.029860661,29,9.869134,0.6570080004166812,42.8870331458853,0.6917263410626661,-0.6917263410626661,-0.022206217050552368,0.01139054261147976,-0.06174156069755554,-0.003933807369321585,0.009549785405397415,-0.030692264437675476,0.9945291549693205,-0.10445896566971613,-0.00041251546691552406,0.10445909609167159,0.9945291790244188,0.0003083415714899881,0.00037804962430911947,-0.00034974564573870236,0.9999998673782288,0.0004474880115594715,0.0005476253572851419,-0.00014500562974717468,-0.022206217050552368,0.01139054261147976,-0.06174156069755554,-0.003933807369321585,0.009549785405397415,-0.030692264437675476,0.9945291549693205,-0.10445896566971613,-0.00041251546691552406,0.10445909609167159,0.9945291790244188,0.0003083415714899881,0.00037804962430911947,-0.00034974564573870236,0.9999998673782288,0.0004474880115594715,0.0005476253572851419,-0.00014500562974717468,42.8870331458853,0.001254011645749493,0.00012886608862294898,6.12508670110243e-05,42.8870331458853,0.001254011645749493,0.00012886608862294898,6.12508670110243e-05,-0.02006683126091957,0.008799638599157333,-0.0631415843963623,0.0,0.0,0.0,0.994534322815963,-0.1044102463045613,-0.0003005988661617179,0.10441029463013152,0.9945343518910078,0.00014978668295197173,0.0002833166274785817,-0.00018035358971095483,0.9999999436021368,0.0,0.0,0.0
4,1774128802113829560,0.03987045,39,10.009789,0.3941850154660642,42.8831094319101,0.6916630553533887,-0.6916630553533887,-0.022267790511250496,0.011519623920321465,-0.061640411615371704,-0.0038839387707412243,0.009441428817808628,-0.030475836247205734,0.9945287305937593,-0.10446392656425907,-0.00041945280202252853,0.10446406161818378,0.9945287552711879,0.0003140689719485425,0.0003843489860370162,-0.0003561682596718613,0.9999998627100221,-3.5213452065363526e-05,-0.0007309283246286213,-0.0008557901601307094,-0.022267790511250496,0.011519623920321465,-0.061640411615371704,-0.0038839387707412243,0.009441428817808628,-0.030475836247205734,0.9945287305937593,-0.10446392656425907,-0.00041945280202252853,0.10446406161818378,0.9945287552711879,0.0003140689719485425,0.0003843489860370162,-0.0003561682596718613,0.9999998627100221,-3.5213452065363526e-05,-0.0007309283246286213,-0.0008557901601307094,42.8831094319101,0.001355263778487251,0.0004284051775697333,0.00017185245528115507,42.8831094319101,0.001355263778487251,0.0004284051775697333,0.00017185245528115507,-0.02006683126091957,0.008799638599157333,-0.0631415843963623,0.0,0.0,0.0,0.994534322815963,-0.1044102463045613,-0.0003005988661617179,0.10441029463013152,0.9945343518910078,0.00014978668295197173,0.0002833166274785817,-0.00018035358971095483,0.9999999436021368,0.0,0.0,0.0
5,1774128802123879232,0.049920122,49,10.049672,0.6464350153692067,42.87607578014752,0.691549609357218,-0.691549609357218,-0.0223823431879282,0.01176210306584835,-0.06141898036003113,-0.003787513356655836,0.009253423660993576,-0.030141707509756088,0.994529408522738,-0.10445737150868584,-0.0004432749798809253,0.1044575196744526,0.9945294385289566,0.0003253530024743259,0.0004068644869472402,-0.00036987642972843306,0.999999848826366,0.0012566284276545048,0.0005549697089008987,0.0009513937402516603,-0.0223823431879282,0.01176210306584835,-0.06141898036003113,-0.003787513356655836,0.009253423660993576,-0.030141707509756088,0.994529408522738,-0.10445737150868584,-0.0004432749798809253,0.1044575196744526,0.9945294385289566,0.0003253530024743259,0.0004068644869472402,-0.00036987642972843306,0.999999848826366,0.0012566284276545048,0.0005549697089008987,0.0009513937402516603,42.87607578014752,0.0009976291222959558,4.174377820157122e-05,-0.00010448613571659453,42.87607578014752,0.0009976291222959558,4.174377820157122e-05,-0.00010448613571659453,-0.02006683126091957,0.008799638599157333,-0.0631415843963623,0.0,0.0,0.0,0.994534322815963,-0.1044102463045613,-0.0003005988661617179,0.10441029463013152,0.9945343518910078,0.00014978668295197173,0.0002833166274785817,-0.00018035358971095483,0.9999999436021368,0.0,0.0,0.0
6,1774128802133891274,0.059932164,59,10.012042,0.398762000259012,42.872391545944105,0.6914901862249049,-0.6914901862249049,-0.022435370832681656,0.01187560148537159,-0.061285629868507385,-0.0037261764518916607,0.00913621298968792,-0.029993273317813873,0.9945296215968077,-0.10445489079804782,-0.0004520489701304812,0.10445504846899833,0.9945296495062231,0.0003404347061009925,0.0004140160272184581,-0.0003857911218785922,0.9999998398779711,0.0007975850021466613,-0.00011210252705495805,-0.00010680388368200511,-0.022435370832681656,0.01187560148537159,-0.061285629868507385,-0.0037261764518916607,0.00913621298968792,-0.029993273317813873,0.9945296215968077,-0.10445489079804782,-0.0004520489701304812,0.10445504846899833,0.9945296495062231,0.0003404347061009925,0.0004140160272184581,-0.0003857911218785922,0.9999998398779711,0.0007975850021466613,-0.00011210252705495805,-0.00010680388368200511,42.872391545944105,0.0010661219958245478,0.0001801006400793657,5.225191481734797e-05,42.872391545944105,0.0010661219958245478,0.0001801006400793657,5.225191481734797e-05,-0.02006683126091957,0.008799638599157333,-0.0631415843963623,0.0,0.0,0.0,0.994534322815963,-0.1044102463045613,-0.0003005988661617179,0.10441029463013152,0.9945343518910078,0.00014978668295197173,0.0002833166274785817,-0.00018035358971095483,0.9999999436021368,0.0,0.0,0.0
7,1774128802143872550,0.06991344,69,9.981276,0.42728299740701914,42.86841797111592,0.6914260963083213,-0.6914260963083213,-0.02248651161789894,0.011985787190496922,-0.061159759759902954,-0.0036496929824352264,0.009022735990583897,-0.02980799414217472,0.9945292060255476,-0.10445967446910154,-0.00046572207213417777,0.10445984293943744,0.9945292346035607,0.00035335113864737853,0.0004262632584079941,-0.0004000671321012898,0.9999998291229771,0.0009478580905124545,0.0006096531869843602,-0.00041710169170983136,-0.02248651161789894,0.011985787190496922,-0.061159759759902954,-0.0036496929824352264,0.009022735990583897,-0.02980799414217472,0.9945292060255476,-0.10445967446910154,-0.00046572207213417777,0.10445984293943744,0.9945292346035607,0.00035335113864737853,0.0004262632584079941,-0.0004000671321012898,0.9999998291229771,0.0009478580905124545,0.0006096531869843602,-0.00041710169170983136,42.86841797111592,0.0009883961263989587,-4.428551175709253e-05,0.00010264323412942712,42.86841797111592,0.0009883961263989587,-4.428551175709253e-05,0.00010264323412942712,-0.02006683126091957,0.008799638599157333,-0.0631415843963623,0.0,0.0,0.0,0.994534322815963,-0.1044102463045613,-0.0003005988661617179,0.10441029463013152,0.9945343518910078,0.00014978668295197173,0.0002833166274785817,-0.00018035358971095483,0.9999999436021368,0.0,0.0,0.0
8,1774128802153805556,0.079846446,79,9.933006,0.552518991753459,42.865393845265125,0.6913773200849214,-0.6913773200849214,-0.022535664960741997,0.012092990800738335,-0.061041370034217834,-0.0035867972765117884,0.008905124850571156,-0.029700014740228653,0.9945284346448104,-0.10446623020524792,-0.0004850945183601423,0.10446641088206321,0.9945284676080732,0.00036332030025883026,0.0004444855971972462,-0.000412008356963099,0.9999998163408366,0.0005431087920442224,0.001589072635397315,-0.0008186090853996575,-0.022535664960741997,0.012092990800738335,-0.061041370034217834,-0.0035867972765117884,0.008905124850571156,-0.029700014740228653,0.9945284346448104,-0.10446623020524792,-0.0004850945183601423,0.10446641088206321,0.9945284676080732,0.00036332030025883026,0.0004444855971972462,-0.000412008356963099,0.9999998163408366,0.0005431087920442224,0.001589072635397315,-0.0008186090853996575,42.865393845265125,0.0010552326339340586,-0.00034501828046580655,0.00016815753484826458,42.865393845265125,0.0010552326339340586,-0.00034501828046580655,0.00016815753484826458,-0.02006683126091957,0.008799638599157333,-0.0631415843963623,0.0,0.0,0.0,0.994534322815963,-0.1044102463045613,-0.0003005988661617179,0.10441029463013152,0.9945343518910078,0.00014978668295197173,0.0002833166274785817,-0.00018035358971095483,0.9999999436021368,0.0,0.0,0.0
9,1774128802163818369,0.089859259,89,10.012813,0.35160299739800394,42.857584246110896,0.6912513588082403,-0.6912513588082403,-0.022633327171206474,0.012304949574172497,-0.06076224148273468,-0.003527229418978095,0.008661417290568352,-0.029376724734902382,0.9945269021270368,-0.1044809362135164,-0.0005108870732439936,0.10448113336422327,0.9945269416728147,0.00037569928274023895,0.00046883753363534614,-0.0004270209827561982,0.9999997989222295,-0.0003189973358530551,0.0002032104239333421,-0.0004580643435474485,-0.022633327171206474,0.012304949574172497,-0.06076224148273468,-0.003527229418978095,0.008661417290568352,-0.029376724734902382,0.9945269021270368,-0.1044809362135164,-0.0005108870732439936,0.10448113336422327,0.9945269416728147,0.00037569928274023895,0.00046883753363534614,-0.0004270209827561982,0.9999997989222295,-0.0003189973358530551,0.0002032104239333421,-0.0004580643435474485,42.857584246110896,0.0012178018063994434,-6.486982440540032e-05,0.00012591072721700893,42.857584246110896,0.0012178018063994434,-6.486982440540032e-05,0.00012591072721700893,-0.02006683126091957,0.008799638599157333,-0.0631415843963623,0.0,0.0,0.0,0.994534322815963,-0.1044102463045613,-0.0003005988661617179,0.10441029463013152,0.9945343518910078,0.00014978668295197173,0.0002833166274785817,-0.00018035358971095483,0.9999999436021368,0.0,0.0,0.0
10,1774128802173902373,0.099943263,99,10.084004,0.48442097613587976,42.853599560366185,0.6911870896833255,-0.6911870896833255,-0.022679945454001427,0.012406036257743835,-0.060633689165115356,-0.003501268569380045,0.00849567074328661,-0.029195526614785194,0.9945269620006396,-0.10447969631351128,-0.0005200756087335549,0.10447989809441216,0.994527005266713,0.00037716847317471533,0.0004778227830411104,-0.0004294415955207083,0.9999997936326452,-0.0008175874827429652,0.00018086179625242949,0.0007712704828009009,-0.022679945454001427,0.012406036257743835,-0.060633689165115356,-0.003501268569380045,0.00849567074328661,-0.029195526614785194,0.9945269620006396,-0.10447969631351128,-0.0005200756087335549,0.10447989809441216,0.994527005266713,0.00037716847317471533,0.0004778227830411104,-0.0004294415955207083,0.9999997936326452,-0.0008175874827429652,0.00018086179625242949,0.0007712704828009009,42.853599560366185,0.0013182540170250856,-8.362519443466363e-05,-5.9480225402919236e-05,42.853599560366185,0.0013182540170250856,-8.362519443466363e-05,-5.9480225402919236e-05,-0.02006683126091957,0.008799638599157333,-0.0631415843963623,0.0,0.0,0.0,0.994534322815963,-0.1044102463045613,-0.0003005988661617179,0.10441029463013152,0.9945343518910078,0.00014978668295197173,0.0002833166274785817,-0.00018035358971095483,0.9999999436021368,0.0,0.0,0.0
11,1774128802183775749,0.109816639,109,9.873376,0.30674602021463215,42.850145590795755,0.6911313804967057,-0.6911313804967057,-0.0227248203009367,0.012503981590270996,-0.060512393712997437,-0.0034281406551599503,0.00838252529501915,-0.02905324287712574,0.9945270133467308,-0.10447863353992859,-0.0005286829842500018,0.10447884016352615,0.9945270597488001,0.00037951803139586564,0.00048613800638632083,-0.00043267709985255094,0.9999997882301649,-0.0003441761655267328,-0.00020170483912806958,-0.0002631654206197709,-0.0227248203009367,0.012503981590270996,-0.060512393712997437,-0.0034281406551599503,0.00838252529501915,-0.02905324287712574,0.9945270133467308,-0.10447863353992859,-0.0005286829842500018,0.10447884016352615,0.9945270597488001,0.00037951803139586564,0.00048613800638632083,-0.00043267709985255094,0.9999997882301649,-0.0003441761655267328,-0.00020170483912806958,-0.0002631654206197709,42.850145590795755,0.0011846811566119057,-1.9622490384782555e-05,9.483774668215178e-05,42.850145590795755,0.0011846811566119057,-1.9622490384782555e-05,9.483774668215178e-05,-0.02006683126091957,0.008799638599157333,-0.0631415843963623,0.0,0.0,0.0,0.994534322815963,-0.1044102463045613,-0.0003005988661617179,0.10441029463013152,0.9945343518910078,0.00014978668295197173,0.0002833166274785817,-0.00018035358971095483,0.9999999436021368,0.0,0.0,0.0
12,1774128802193943042,0.119983932,119,10.167293,0.4969300061929971,42.845988257281505,0.6910643267303469,-0.6910643267303469,-0.022758599370718002,0.012593051418662071,-0.060364022850990295,-0.0033570649102330208,0.008243724703788757,-0.028884584084153175,0.9945263501055353,-0.1044848346640519,-0.0005355979291823869,0.10448504761139832,0.9945263969403966,0.0003862752332649969,0.0004923063734634586,-0.0004401228603761074,0.9999997819631302,0.00040890026139095426,-0.0005716587183997035,-0.0006249621510505676,-0.022758599370718002,0.012593051418662071,-0.060364022850990295,-0.0033570649102330208,0.008243724703788757,-0.028884584084153175,0.9945263501055353,-0.1044848346640519,-0.0005355979291823869,0.10448504761139832,0.9945263969403966,0.0003862752332649969,0.0004923063734634586,-0.0004401228603761074,0.9999997819631302,0.00040890026139095426,-0.0005716587183997035,-0.0006249621510505676,42.845988257281505,0.0009640331663425088,4.390367499043663e-05,0.0001540957239782878,42.845988257281505,0.0009640331663425088,4.390367499043663e-05,0.0001540957239782878,-0.02006683126091957,0.008799638599157333,-0.0631415843963623,0.0,0.0,0.0,0.994534322815963,-0.1044102463045613,-0.0003005988661617179,0.10441029463013152,0.9945343518910078,0.00014978668295197173,0.0002833166274785817,-0.00018035358971095483,0.9999999436021368,0.0,0.0,0.0
13,1774128802203872875,0.129913765,129,9.929833,0.32108198502101004,42.83782034262714,0.6909325861714055,-0.6909325861714055,-0.022821715101599693,0.012761278077960014,-0.06013248860836029,-0.0032743194606155157,0.007866878062486649,-0.02846311591565609,0.9945265981639722,-0.10448341699256147,-0.0005532871270724428,0.10448364844587776,0.9945266443448588,0.0004073135566949183,0.0005077012665211313,-0.0004628935108903355,0.9999997639845091,0.0005883348640054464,-0.00037255804636515677,0.0006631443393416703,-0.022821715101599693,0.012761278077960014,-0.06013248860836029,-0.0032743194606155157,0.007866878062486649,-0.02846311591565609,0.9945265981639722,-0.10448341699256147,-0.0005532871270724428,0.10448364844587776,0.9945266443448588,0.0004073135566949183,0.0005077012665211313,-0.0004628935108903355,0.9999997639845091,0.0005883348640054464,-0.00037255804636515677,0.0006631443393416703,42.83782034262714,0.0008130976623499933,-6.436971190864517e-05,-4.026975798397198e-05,42.83782034262714,0.0008130976623499933,-6.436971190864517e-05,-4.026975798397198e-05,-0.02006683126091957,0.008799638599157333,-0.0631415843963623,0.0,0.0,0.0,0.994534322815963,-0.1044102463045613,-0.0003005988661617179,0.10441029463013152,0.9945343518910078,0.00014978668295197173,0.0002833166274785817,-0.00018035358971095483,0.9999999436021368,0.0,0.0,0.0
14,1774128802213805590,0.13984648,139,9.932715,0.32597300014458597,42.834453202336434,0.6908782774570392,-0.6908782774570392,-0.022851280868053436,0.012840264476835728,-0.06002649664878845,-0.0032169558107852936,0.007729669567197561,-0.02830861508846283,0.9945270454831938,-0.10447792512679155,-0.0005680709655284527,0.10447816468632753,0.9945270981638874,0.0004097101986254431,0.000522156297252066,-0.00046681888348067135,0.999999754716436,-0.00032751154503785074,0.0009244299726560712,0.0008847362478263676,-0.022851280868053436,0.012840264476835728,-0.06002649664878845,-0.0032169558107852936,0.007729669567197561,-0.02830861508846283,0.9945270454831938,-0.10447792512679155,-0.0005680709655284527,0.10447816468632753,0.9945270981638874,0.0004097101986254431,0.000522156297252066,-0.00046681888348067135,0.999999754716436,-0.00032751154503785074,0.0009244299726560712,0.0008847362478263676,42.834453202336434,0.0010194056027811075,-0.00043514590353690985,-7.791183237512783e-05,42.834453202336434,0.0010194056027811075,-0.00043514590353690985,-7.791183237512783e-05,-0.02006683126091957,0.008799638599157333,-0.0631415843963623,0.0,0.0,0.0,0.994534322815963,-0.1044102463045613,-0.0003005988661617179,0.10441029463013152,0.9945343518910078,0.00014978668295197173,0.0002833166274785817,-0.00018035358971095483,0.9999999436021368,0.0,0.0,0.0
15,1774128802223850622,0.149891512,149,10.045032,0.5951880011707544,42.82963460775721,0.6908005581896324,-0.6908005581896324,-0.02286454103887081,0.012934999540448189,-0.059890732169151306,-0.0031502190977334976,0.007578423246741295,-0.028062425553798676,0.9945268595829612,-0.10447987401188996,-0.0005778855257096097,0.10448012329095713,0.9945269128706263,0.0004193689401249599,0.0005309070911990945,-0.00047745120094175135,0.9999997450889792,0.0006504781194962561,-0.00010495200695004314,0.0001840826153056696,-0.02286454103887081,0.012934999540448189,-0.059890732169151306,-0.0031502190977334976,0.007578423246741295,-0.028062425553798676,0.9945268595829612,-0.10447987401188996,-0.0005778855257096097,0.10448012329095713,0.9945269128706263,0.0004193689401249599,0.0005309070911990945,-0.00047745120094175135,0.9999997450889792,0.0006504781194962561,-0.00010495200695004314,0.0001840826153056696,42.82963460775721,0.0007336207945832325,-0.0002159478887046559,2.8754263969315586e-05,42.82963460775721,0.0007336207945832325,-0.0002159478887046559,2.8754263969315586e-05,-0.02006683126091957,0.008799638599157333,-0.0631415843963623,0.0,0.0,0.0,0.994534322815963,-0.1044102463045613,-0.0003005988661617179,0.10441029463013152,0.9945343518910078,0.00014978668295197173,0.0002833166274785817,-0.00018035358971095483,0.9999999436021368,0.0,0.0,0.0
16,1774128802233774579,0.159815469,159,9.923957,0.40135401650331914,42.82587142216366,0.690739861647801,-0.690739861647801,-0.022876769304275513,0.01302630826830864,-0.05976179242134094,-0.003100087633356452,0.007452820893377066,-0.027904151007533073,0.9945267278155009,-0.10448075953446034,-0.000592065771411159,0.1044810261279625,0.9945267792712363,0.0004387320484429552,0.000542986207482693,-0.0004981903918094008,0.9999997284861182,0.0013744581956416368,0.00021628360264003277,0.0001266248436877504,-0.022876769304275513,0.01302630826830864,-0.05976179242134094,-0.003100087633356452,0.007452820893377066,-0.027904151007533073,0.9945267278155009,-0.10448075953446034,-0.000592065771411159,0.1044810261279625,0.9945267792712363,0.0004387320484429552,0.000542986207482693,-0.0004981903918094008,0.9999997284861182,0.0013744581956416368,0.00021628360264003277,0.0001266248436877504,42.82587142216366,0.0004914736709106533,-0.0003416170949257114,3.8094331423103166e-05,42.82587142216366,0.0004914736709106533,-0.0003416170949257114,3.8094331423103166e-05,-0.02006683126091957,0.008799638599157333,-0.0631415843963623,0.0,0.0,0.0,0.994534322815963,-0.1044102463045613,-0.0003005988661617179,0.10441029463013152,0.9945343518910078,0.00014978668295197173,0.0002833166274785817,-0.00018035358971095483,0.9999999436021368,0.0,0.0,0.0
17,1774128802243901829,0.169942719,169,10.12725,0.5893089983146638,42.81869123647491,0.6906240522012083,-0.6906240522012083,-0.022898608818650246,0.013198855333030224,-0.05952450633049011,-0.003022724064067006,0.007161237765103579,-0.027583414688706398,0.9945259458137862,-0.10448926464844277,-0.0006177596667012305,0.1044895504152461,0.9945260058955846,0.00044989114560564647,0.0005673692459245983,-0.0005119777216599656,0.9999997079854654,-4.782117321155965e-05,-0.0007123639225028455,-0.0007488832343369722,-0.022898608818650246,0.013198855333030224,-0.05952450633049011,-0.003022724064067006,0.007161237765103579,-0.027583414688706398,0.9945259458137862,-0.10448926464844277,-0.0006177596667012305,0.1044895504152461,0.9945260058955846,0.00044989114560564647,0.0005673692459245983,-0.0005119777216599656,0.9999997079854654,-4.782117321155965e-05,-0.0007123639225028455,-0.0007488832343369722,42.81869123647491,0.000783788465147891,-0.00019020376501738826,0.0001762581654358881,42.81869123647491,0.000783788465147891,-0.00019020376501738826,0.0001762581654358881,-0.02006683126091957,0.008799638599157333,-0.0631415843963623,0.0,0.0,0.0,0.994534322815963,-0.1044102463045613,-0.0003005988661617179,0.10441029463013152,0.9945343518910078,0.00014978668295197173,0.0002833166274785817,-0.00018035358971095483,0.9999999436021368,0.0,0.0,0.0
18,1774128802253828103,0.179868993,179,9.926274,0.4053449956700206,42.815513325447625,0.6905727955717359,-0.6905727955717359,-0.022908227518200874,0.013280311599373817,-0.05940532684326172,-0.002995523391291499,0.007075482048094273,-0.02746627666056156,0.9945255828642999,-0.1044929853581762,-0.0006279454530641166,0.10449328161281524,0.9945256440509936,0.00045901956034190413,0.0005765435152724333,-0.0005221226137581852,0.9999996974927727,0.0004026644746772945,-0.00010827981895999983,0.00022093881852924824,-0.022908227518200874,0.013280311599373817,-0.05940532684326172,-0.002995523391291499,0.007075482048094273,-0.02746627666056156,0.9945255828642999,-0.1044929853581762,-0.0006279454530641166,0.10449328161281524,0.9945256440509936,0.00045901956034190413,0.0005765435152724333,-0.0005221226137581852,0.9999996974927727,0.0004026644746772945,-0.00010827981895999983,0.00022093881852924824,42.815513325447625,0.0006418741017612617,-0.00037160833681859157,3.377940993855029e-05,42.815513325447625,0.0006418741017612617,-0.00037160833681859157,3.377940993855029e-05,-0.02006683126091957,0.008799638599157333,-0.0631415843963623,0.0,0.0,0.0,0.994534322815963,-0.1044102463045613,-0.0003005988661617179,0.10441029463013152,0.9945343518910078,0.00014978668295197173,0.0002833166274785817,-0.00018035358971095483,0.9999999436021368,0.0,0.0,0.0
19,1774128802263768993,0.189809883,189,9.94089,0.3255140036344528,42.81087090132681,0.6904979177633356,-0.6904979177633356,-0.022888874635100365,0.01338195614516735,-0.05926327407360077,-0.002848345087841153,0.006977069191634655,-0.02724655531346798,0.9945257610579076,-0.10449121321008148,-0.00063514714758214,0.10449152092148406,0.9945258194361132,0.0004722164250372009,0.0005823277549857446,-0.0005359987284778815,0.9999996867998688,0.0007944839890114963,-0.0002806276606861502,0.0006797221722081304,-0.022888874635100365,0.01338195614516735,-0.05926327407360077,-0.002848345087841153,0.006977069191634655,-0.02724655531346798,0.9945257610579076,-0.10449121321008148,-0.00063514714758214,0.10449152092148406,0.9945258194361132,0.0004722164250372009,0.0005823277549857446,-0.0005359987284778815,0.9999996867998688,0.0007944839890114963,-0.0002806276606861502,0.0006797221722081304,42.81087090132681,0.0005074635572371973,-0.0003792803661602656,-3.646110386461351e-05,42.81087090132681,0.0005074635572371973,-0.0003792803661602656,-3.646110386461351e-05,-0.02006683126091957,0.008799638599157333,-0.0631415843963623,0.0,0.0,0.0,0.994534322815963,-0.1044102463045613,-0.0003005988661617179,0.10441029463013152,0.9945343518910078,0.00014978668295197173,0.0002833166274785817,-0.00018035358971095483,0.9999999436021368,0.0,0.0,0.0
20,1774128802273907012,0.199947902,199,10.138019,0.44677400728687644,42.80661008542854,0.6904291949262668,-0.6904291949262668,-0.02286856435239315,0.013480158522725105,-0.059128016233444214,-0.0027385957073420286,0.006886578630656004,-0.02705300599336624,0.9945261138572329,-0.10448766972394452,-0.0006465252473773601,0.10448798916862767,0.9945261737848631,0.00048170491373645836,0.0005926540424215252,-0.0005466220864689154,0.999999674982729,0.0002853686164598912,-2.284366200910881e-05,0.0005149813950993121,-0.02286856435239315,0.013480158522725105,-0.059128016233444214,-0.0027385957073420286,0.006886578630656004,-0.02705300599336624,0.9945261138572329,-0.10448766972394452,-0.0006465252473773601,0.10448798916862767,0.9945261737848631,0.00048170491373645836,0.0005926540424215252,-0.0005466220864689154,0.999999674982729,0.0002853686164598912,-2.284366200910881e-05,0.0005149813950993121,42.80661008542854,0.0006079442355685239,-0.0004973498852610364,-1.4593538732744866e-05,42.80661008542854,0.0006079442355685239,-0.0004973498852610364,-1.4593538732744866e-05,-0.02006683126091957,0.008799638599157333,-0.0631415843963623,0.0,0.0,0.0,0.994534322815963,-0.1044102463045613,-0.0003005988661617179,0.10441029463013152,0.9945343518910078,0.00014978668295197173,0.0002833166274785817,-0.00018035358971095483,0.9999999436021368,0.0,0.0,0.0
21,1774128802283757871,0.209798761,209,9.850859,0.4997329961042851,42.79875183366414,0.6903024489300668,-0.6903024489300668,-0.022826403379440308,0.013666811399161816,-0.05887749791145325,-0.002613834338262677,0.006655109114944935,-0.02668958343565464,0.994525400974368,-0.10449316139905207,-0.0006661351140193061,0.10449351185143874,0.9945254539471475,0.0005149083134751709,0.0006086839275541434,-0.0005816961730599757,0.9999996455666625,0.0006901741726323962,-0.0006707776919938624,-0.00029350860859267414,-0.022826403379440308,0.013666811399161816,-0.05887749791145325,-0.002613834338262677,0.006655109114944935,-0.02668958343565464,0.994525400974368,-0.10449316139905207,-0.0006661351140193061,0.10449351185143874,0.9945254539471475,0.0005149083134751709,0.0006086839275541434,-0.0005816961730599757,0.9999996455666625,0.0006901741726323962,-0.0006707776919938624,-0.00029350860859267414,42.79875183366414,0.0004041251077684806,-0.00041706665596280573,0.00011111562863942896,42.79875183366414,0.0004041251077684806,-0.00041706665596280573,0.00011111562863942896,-0.02006683126091957,0.008799638599157333,-0.0631415843963623,0.0,0.0,0.0,0.994534322815963,-0.1044102463045613,-0.0003005988661617179,0.10441029463013152,0.9945343518910078,0.00014978668295197173,0.0002833166274785817,-0.00018035358971095483,0.9999999436021368,0.0,0.0,0.0
22,1774128802293934477,0.219975367,219,10.176606,0.5951829953119159,42.794693205633685,0.69023698718764,-0.69023698718764,-0.022780023515224457,0.013791483826935291,-0.0587439090013504,-0.0024495339021086693,0.00655387993901968,-0.026513321325182915,0.9945251547087787,-0.1044963503413725,-0.000677658281837693,0.10449671720924725,0.9945252055036667,0.0005305792969310993,0.000618504632762933,-0.00059848739044854,0.9999996296324013,0.0010313550010323524,-4.484137025428936e-05,-0.0002671731635928154,-0.022780023515224457,0.013791483826935291,-0.0587439090013504,-0.0024495339021086693,0.00655387993901968,-0.026513321325182915,0.9945251547087787,-0.1044963503413725,-0.000677658281837693,0.10449671720924725,0.9945252055036667,0.0005305792969310993,0.000618504632762933,-0.00059848739044854,0.9999996296324013,0.0010313550010323524,-4.484137025428936e-05,-0.0002671731635928154,42.794693205633685,0.00027920701561355815,-0.000641729081382311,0.00010973004530411939,42.794693205633685,0.00027920701561355815,-0.000641729081382311,0.00010973004530411939,-0.02006683126091957,0.008799638599157333,-0.0631415843963623,0.0,0.0,0.0,0.994534322815963,-0.1044102463045613,-0.0003005988661617179,0.10441029463013152,0.9945343518910078,0.00014978668295197173,0.0002833166274785817,-0.00018035358971095483,0.9999999436021368,0.0,0.0,0.0
23,1774128802303910866,0.229951756,229,9.976389,0.7520560175180435,42.79054523568073,0.6901700844464634,-0.6901700844464634,-0.022732911631464958,0.01391228660941124,-0.058617010712623596,-0.0023251804523169994,0.006450812332332134,-0.026319555938243866,0.9945252231252444,-0.10449493316058334,-0.0006920022894210359,0.10449531352594832,0.994525278213835,0.0005383312725349247,0.0006319608752818721,-0.0006076949725528397,0.9999996156660779,0.0004646266461350024,0.0005027623265050352,0.0008083836291916668,-0.022732911631464958,0.01391228660941124,-0.058617010712623596,-0.0023251804523169994,0.006450812332332134,-0.026319555938243866,0.9945252231252444,-0.10449493316058334,-0.0006920022894210359,0.10449531352594832,0.994525278213835,0.0005383312725349247,0.0006319608752818721,-0.0006076949725528397,0.9999996156660779,0.0004646266461350024,0.0005027623265050352,0.0008083836291916668,42.79054523568073,0.0003994086496290193,-0.0008460380101652765,-5.272927175646104e-05,42.79054523568073,0.0003994086496290193,-0.0008460380101652765,-5.272927175646104e-05,-0.02006683126091957,0.008799638599157333,-0.0631415843963623,0.0,0.0,0.0,0.994534322815963,-0.1044102463045613,-0.0003005988661617179,0.10441029463013152,0.9945343518910078,0.00014978668295197173,0.0002833166274785817,-0.00018035358971095483,0.9999999436021368,0.0,0.0,0.0
24,1774128802313791272,0.239832162,239,9.880406,0.3295849892310798,42.786145944146135,0.6900991281313893,-0.6900991281313893,-0.022685477510094643,0.014029201120138168,-0.05849640071392059,-0.0022027716040611267,0.006332188844680786,-0.026094015687704086,0.9945256256828904,-0.1044903271040496,-0.000706602652436408,0.10449071788614961,0.9945256886581356,0.0005407034712885889,0.0006462362094304805,-0.0006115769076041225,0.9999996041761362,-0.0003440211294218898,0.0005515022203326225,0.0007559498772025108,-0.022685477510094643,0.014029201120138168,-0.05849640071392059,-0.0022027716040611267,0.006332188844680786,-0.026094015687704086,0.9945256256828904,-0.1044903271040496,-0.000706602652436408,0.10449071788614961,0.9945256886581356,0.0005407034712885889,0.0006462362094304805,-0.0006115769076041225,0.9999996041761362,-0.0003440211294218898,0.0005515022203326225,0.0007559498772025108,42.786145944146135,0.0005898682413168144,-0.000926235720264885,-4.855785555657485e-05,42.786145944146135,0.0005898682413168144,-0.000926235720264885,-4.855785555657485e-05,-0.02006683126091957,0.008799638599157333,-0.0631415843963623,0.0,0.0,0.0,0.994534322815963,-0.1044102463045613,-0.0003005988661617179,0.10441029463013152,0.9945343518910078,0.00014978668295197173,0.0002833166274785817,-0.00018035358971095483,0.9999999436021368,0.0,0.0,0.0
25,1774128802323751160,0.24979205,249,9.959888,0.47683800221420825,42.779817498732946,0.6899970564311766,-0.6899970564311766,-0.02257814072072506,0.01430134754627943,-0.05827413499355316,-0.00195930409245193,0.006311460398137569,-0.025833604857325554,0.9945250669883688,-0.10449617410196654,-0.0007251543219156031,0.10449658527537875,0.994525133688062,0.0005542991236190424,0.0006632620570226665,-0.0006270404713826514,0.9999995834517748,0.0010303253075107932,-0.00022616995556745678,0.0006637810729444027,-0.02257814072072506,0.01430134754627943,-0.05827413499355316,-0.00195930409245193,0.006311460398137569,-0.025833604857325554,0.9945250669883688,-0.10449617410196654,-0.0007251543219156031,0.10449658527537875,0.994525133688062,0.0005542991236190424,0.0006632620570226665,-0.0006270404713826514,0.9999995834517748,0.0010303253075107932,-0.00022616995556745678,0.0006637810729444027,42.779817498732946,0.00024924842444806056,-0.0008375946402426407,-3.0017930935210935e-05,42.779817498732946,0.00024924842444806056,-0.0008375946402426407,-3.0017930935210935e-05,-0.02006683126091957,0.008799638599157333,-0.0631415843963623,0.0,0.0,0.0,0.994534322815963,-0.1044102463045613,-0.0003005988661617179,0.10441029463013152,0.9945343518910078,0.00014978668295197173,0.0002833166274785817,-0.00018035358971095483,0.9999999436021368,0.0,0.0,0.0
26,1774128802333819960,0.25986085,259,10.0688,0.4458900075405836,42.776418583338575,0.6899422352151383,-0.6899422352151383,-0.022518835961818695,0.014456694945693016,-0.058169662952423096,-0.0018787480657920241,0.006289217155426741,-0.025678636506199837,0.9945251718435344,-0.10449581989012269,-0.000736398636989339,0.10449624321109896,0.9945252412916119,0.000561851040432514,0.0006736559350632785,-0.0006357257469608059,0.9999995710201818,0.0007145903655327857,0.00025177025236189365,0.0003274163755122572,-0.022518835961818695,0.014456694945693016,-0.058169662952423096,-0.0018787480657920241,0.006289217155426741,-0.025678636506199837,0.9945251718435344,-0.10449581989012269,-0.000736398636989339,0.10449624321109896,0.9945252412916119,0.000561851040432514,0.0006736559350632785,-0.0006357257469608059,0.9999995710201818,0.0007145903655327857,0.00025177025236189365,0.0003274163755122572,42.776418583338575,0.00032706241815948456,-0.0010072424133971806,2.015665435708847e-05,42.776418583338575,0.00032706241815948456,-0.0010072424133971806,2.015665435708847e-05,-0.02006683126091957,0.008799638599157333,-0.0631415843963623,0.0,0.0,0.0,0.994534322815963,-0.1044102463045613,-0.0003005988661617179,0.10441029463013152,0.9945343518910078,0.00014978668295197173,0.0002833166274785817,-0.00018035358971095483,0.9999999436021368,0.0,0.0,0.0
27,1774128802343948342,0.269989232,269,10.128382,0.4867489915341139,42.772781553897694,0.6898835734499628,-0.6898835734499628,-0.02245945855975151,0.014608053490519524,-0.05807127058506012,-0.0017572985962033272,0.0062294588424265385,-0.025493549183011055,0.9945254957311039,-0.10449280829298968,-0.000754922332636208,0.10449325006227594,0.9945255716478624,0.0005714734537522279,0.0006910746832856484,-0.0006472290311613301,0.9999995517551378,0.0003689641016535461,0.0009455939289182425,3.513770934659988e-05,-0.02245945855975151,0.014608053490519524,-0.05807127058506012,-0.0017572985962033272,0.0062294588424265385,-0.025493549183011055,0.9945254957311039,-0.10449280829298968,-0.000754922332636208,0.10449325006227594,0.9945255716478624,0.0005714734537522279,0.0006910746832856484,-0.0006472290311613301,0.9999995517551378,0.0003689641016535461,0.0009455939289182425,3.513770934659988e-05,42.772781553897694,0.00039996758886953976,-0.0012581856057668163,6.158796132363115e-05,42.772781553897694,0.00039996758886953976,-0.0012581856057668163,6.158796132363115e-05,-0.02006683126091957,0.008799638599157333,-0.0631415843963623,0.0,0.0,0.0,0.994534322815963,-0.1044102463045613,-0.0003005988661617179,0.10441029463013152,0.9945343518910078,0.00014978668295197173,0.0002833166274785817,-0.00018035358971095483,0.9999999436021368,0.0,0.0,0.0
28,1774128802353828037,0.279868927,279,9.879695,0.6391759961843491,42.77000928558393,0.6898388594449021,-0.6898388594449021,-0.022399717941880226,0.01475551538169384,-0.057978853583335876,-0.0016353728715330362,0.006184787023812532,-0.02537970431149006,0.9945245469022176,-0.10450113604974653,-0.0007627843254210953,0.10450158290515232,0.9945246282850441,0.000571464387690691,0.000698889111688113,-0.0006480474389044463,0.9999995457941896,-5.7077239034697413e-05,-0.00033408752642571926,-0.0009702387615107,-0.022399717941880226,0.01475551538169384,-0.057978853583335876,-0.0016353728715330362,0.006184787023812532,-0.02537970431149006,0.9945245469022176,-0.10450113604974653,-0.0007627843254210953,0.10450158290515232,0.9945246282850441,0.000571464387690691,0.000698889111688113,-0.0006480474389044463,0.9999995457941896,-5.7077239034697413e-05,-0.00033408752642571926,-0.0009702387615107,42.77000928558393,0.0005195897728972779,-0.0009889907857900933,0.00021910418503212606,42.77000928558393,0.0005195897728972779,-0.0009889907857900933,0.00021910418503212606,-0.02006683126091957,0.008799638599157333,-0.0631415843963623,0.0,0.0,0.0,0.994534322815963,-0.1044102463045613,-0.0003005988661617179,0.10441029463013152,0.9945343518910078,0.00014978668295197173,0.0002833166274785817,-0.00018035358971095483,0.9999999436021368,0.0,0.0,0.0
