step,timestamp_ns,experiment_time_s,reference_index,tick_dt_ms,solver_ms,px4_collective_command_newton,px4_collective_normalized,px4_thrust_body_z,state_raw_0,state_raw_1,state_raw_2,state_raw_3,state_raw_4,state_raw_5,state_raw_6,state_raw_7,state_raw_8,state_raw_9,state_raw_10,state_raw_11,state_raw_12,state_raw_13,state_raw_14,state_raw_15,state_raw_16,state_raw_17,state_used_0,state_used_1,state_used_2,state_used_3,state_used_4,state_used_5,state_used_6,state_used_7,state_used_8,state_used_9,state_used_10,state_used_11,state_used_12,state_used_13,state_used_14,state_used_15,state_used_16,state_used_17,control_raw_0,control_raw_1,control_raw_2,control_raw_3,control_internal_0,control_internal_1,control_internal_2,control_internal_3,control_used_0,control_used_1,control_used_2,control_used_3,reference_0,reference_1,reference_2,reference_3,reference_4,reference_5,reference_6,reference_7,reference_8,reference_9,reference_10,reference_11,reference_12,reference_13,reference_14,reference_15,reference_16,reference_17
0,1775247186602785338,0.0,0,0.0,40.96995100553613,48.88057669880122,0.7883963983677617,-0.7883963983677617,0.008920268155634403,-0.05406614765524864,0.02533002197742462,0.013139134272933006,-0.0116963442414999,-0.005540210288017988,0.9945419463987492,-0.1043363693994166,-0.00044608572121582896,0.10433660675613043,0.9945418712458917,0.0005467612486179038,0.00038660384141305654,-0.0005903200856040083,0.9999997510297977,-0.001510768779553473,0.0005588720086961985,-0.00011948311293963343,0.008920268155634403,-0.05406614765524864,0.02533002197742462,0.013139134272933006,-0.0116963442414999,-0.005540210288017988,0.9945419463987492,-0.1043363693994166,-0.00044608572121582896,0.10433660675613043,0.9945418712458917,0.0005467612486179038,0.00038660384141305654,-0.0005903200856040083,0.9999997510297977,-0.001510768779553473,0.0005588720086961985,-0.00011948311293963343,48.88057669880122,0.00013761548434410042,0.00012750536983288522,-0.002833765524852813,-0.3242831359537545,-5.4629610426198766e-05,-0.004447724673585332,0.0015150938169195367,48.88057669880122,0.00013761548434410042,0.00012750536983288522,-0.002833765524852813,0.004310895223170519,-0.04766757786273956,0.023360148072242737,0.0,0.0,0.0,0.9945639730663234,-0.10412680450039424,-0.00041924719490933626,0.10412686937913262,0.9945640453454812,0.00013595764228684776,0.0004028113436316677,-0.0001788734535284539,0.9999999028736526,0.0,0.0,0.0
1,1775247186646105783,0.043320445,43,43.320445,8.40541000070516,48.04130841097644,0.7748598130802652,-0.7748598130802652,0.008920268155634403,-0.05406614765524864,0.02533002197742462,0.013139134272933006,-0.0116963442414999,-0.005540210288017988,0.9945419463987492,-0.1043363693994166,-0.00044608572121582896,0.10433660675613043,0.9945418712458917,0.0005467612486179038,0.00038660384141305654,-0.0005903200856040083,0.9999997510297977,-0.001510768779553473,0.0005588720086961985,-0.00011948311293963343,0.008920268155634403,-0.05406614765524864,0.02533002197742462,0.013139134272933006,-0.0116963442414999,-0.005540210288017988,0.9945419463987492,-0.1043363693994166,-0.00044608572121582896,0.10433660675613043,0.9945418712458917,0.0005467612486179038,0.00038660384141305654,-0.0005903200856040083,0.9999997510297977,-0.001510768779553473,0.0005588720086961985,-0.00011948311293963343,48.04130841097644,0.0002045588242676687,0.00018923015240450997,-0.002840047972666838,-0.540988871054492,0.0017094176610862226,-0.00325597233157983,0.0014119063817406364,48.04130841097644,0.0002045588242676687,0.00018923015240450997,-0.002840047972666838,0.004310895223170519,-0.04766757786273956,0.023360148072242737,0.0,0.0,0.0,0.9945639730663234,-0.10412680450039424,-0.00041924719490933626,0.10412686937913262,0.9945640453454812,0.00013595764228684776,0.0004028113436316677,-0.0001788734535284539,0.9999999028736526,0.0,0.0,0.0
2,1775247186656186219,0.053400881,53,10.080436,20.95121999445837,47.37918186667909,0.7641803526883725,-0.7641803526883725,0.0088848527520895,-0.05424011871218681,0.025669798254966736,0.012898321263492107,-0.011757628060877323,-0.005343318451195955,0.994542761763719,-0.10432892964794238,-0.0004278474136244735,0.10432915517024033,0.9945426814560878,0.0005438153191644115,0.00036877684490269937,-0.0005854845423806272,0.9999997606057175,0.00027952215168625116,0.00013244592992123216,-4.12636436522007e-05,0.0088848527520895,-0.05424011871218681,0.025669798254966736,0.012898321263492107,-0.011757628060877323,-0.005343318451195955,0.994542761763719,-0.10432892964794238,-0.0004278474136244735,0.10432915517024033,0.9945426814560878,0.0005438153191644115,0.00036877684490269937,-0.0005854845423806272,0.9999997606057175,0.00027952215168625116,0.00013244592992123216,-4.12636436522007e-05,47.37918186667909,0.00015650516697498213,0.0003043962024873596,-0.002849520227465228,-0.7119552015988755,0.000443138997217038,-0.0010324017625543956,0.001256327265615734,47.37918186667909,0.00015650516697498213,0.0003043962024873596,-0.002849520227465228,0.004310895223170519,-0.04766757786273956,0.023360148072242737,0.0,0.0,0.0,0.9945639730663234,-0.10412680450039424,-0.00041924719490933626,0.10412686937913262,0.9945640453454812,0.00013595764228684776,0.0004028113436316677,-0.0001788734535284539,0.9999999028736526,0.0,0.0,0.0
3,1775247186680027570,0.077242232,77,23.841351,19.332552998093888,46.924947923235194,0.756853998761858,-0.756853998761858,0.008860369212925434,-0.054319869726896286,0.025872856378555298,0.012805452570319176,-0.011752627789974213,-0.005179383791983128,0.9945433141902962,-0.10432503383590896,-0.00041268148645755634,0.10432525245028779,0.9945432251528379,0.0005493590110013866,0.00035311770457336494,-0.0005894143016165095,0.9999997639493367,0.00036115097464062274,-0.00017730309627950191,-0.0010089848656207323,0.008860369212925434,-0.054319869726896286,0.025872856378555298,0.012805452570319176,-0.011752627789974213,-0.005179383791983128,0.9945433141902962,-0.10432503383590896,-0.00041268148645755634,0.10432525245028779,0.9945432251528379,0.0005493590110013866,0.00035311770457336494,-0.0005894143016165095,0.9999997639493367,0.00036115097464062274,-0.00017730309627950191,-0.0010089848656207323,46.924947923235194,0.00017756805401078414,0.0004017088248319444,-0.002840602014968357,-0.8292420120857107,0.0009981744712179352,0.0008464634315235674,0.0014028063930472576,46.924947923235194,0.00017756805401078414,0.0004017088248319444,-0.002840602014968357,0.004310895223170519,-0.04766757786273956,0.023360148072242737,0.0,0.0,0.0,0.9945639730663234,-0.10412680450039424,-0.00041924719490933626,0.10412686937913262,0.9945640453454812,0.00013595764228684776,0.0004028113436316677,-0.0001788734535284539,0.9999999028736526,0.0,0.0,0.0
4,1775247186701342882,0.098557544,98,21.315312,9.934708999935538,46.66323818808351,0.7526328740013469,-0.7526328740013469,0.008836371824145317,-0.05440007150173187,0.026071175932884216,0.01265122089534998,-0.011762969195842743,-0.005057214759290218,0.994543985850204,-0.10431865637283466,-0.00040307194455861325,0.1043188677520055,0.9945438961546061,0.000544773206584994,0.0003440427590737684,-0.0005838487980907962,0.9999997703775837,-0.0009673498570919037,0.0009793465724214911,0.00015511264791712165,0.008836371824145317,-0.05440007150173187,0.026071175932884216,0.01265122089534998,-0.011762969195842743,-0.005057214759290218,0.994543985850204,-0.10431865637283466,-0.00040307194455861325,0.1043188677520055,0.9945438961546061,0.000544773206584994,0.0003440427590737684,-0.0005838487980907962,0.9999997703775837,-0.0009673498570919037,0.0009793465724214911,0.00015511264791712165,46.66323818808351,0.00031131125215248345,0.0003219913211427014,-0.0028642745565719122,-0.8968175434882586,0.00452248807783779,-0.0006926836948392756,0.001013991567274498,46.66323818808351,0.00031131125215248345,0.0003219913211427014,-0.0028642745565719122,0.004310895223170519,-0.04766757786273956,0.023360148072242737,0.0,0.0,0.0,0.9945639730663234,-0.10412680450039424,-0.00041924719490933626,0.10412686937913262,0.9945640453454812,0.00013595764228684776,0.0004028113436316677,-0.0001788734535284539,0.9999999028736526,0.0,0.0,0.0
5,1775247186715796401,0.113011063,113,14.453519,10.073447003378533,46.40994370307574,0.7485474790818668,-0.7485474790818668,0.008812894113361835,-0.05448068678379059,0.026264727115631104,0.012595770880579948,-0.011739522218704224,-0.004923139698803425,0.9945449497627306,-0.10430820473227587,-0.00039092387905084736,0.10430840841175226,0.9945448570417557,0.0005429188748651975,0.0003321604413492468,-0.0005807338677051022,0.9999997762087842,0.0005214264383539557,0.0005079472321085632,0.0002320447820238769,0.008812894113361835,-0.05448068678379059,0.026264727115631104,0.012595770880579948,-0.011739522218704224,-0.004923139698803425,0.9945449497627306,-0.10430820473227587,-0.00039092387905084736,0.10430840841175226,0.9945448570417557,0.0005429188748651975,0.0003321604413492468,-0.0005807338677051022,0.9999997762087842,0.0005214264383539557,0.0005079472321085632,0.0002320447820238769,46.40994370307574,0.00025275413004183277,0.0003872419838505302,-0.0028695210409896703,-0.9622201904926354,0.002979428953437189,0.0005671446408738733,0.0009278195389822906,46.40994370307574,0.00025275413004183277,0.0003872419838505302,-0.0028695210409896703,0.004310895223170519,-0.04766757786273956,0.023360148072242737,0.0,0.0,0.0,0.9945639730663234,-0.10412680450039424,-0.00041924719490933626,0.10412686937913262,0.9945640453454812,0.00013595764228684776,0.0004028113436316677,-0.0001788734535284539,0.9999999028736526,0.0,0.0,0.0
6,1775247186728350564,0.125565226,125,12.554163,12.69550999859348,46.25089106415027,0.7459821139379075,-0.7459821139379075,0.00870923325419426,-0.05462494492530823,0.026742786169052124,0.012315342202782631,-0.011792120523750782,-0.00462822150439024,0.9945466677626739,-0.10429155404552937,-0.000372968991555922,0.10429174918634798,0.9945465657766052,0.0005488738842414839,0.0003136921131234108,-0.0005847783063937517,0.9999997798157653,-0.00011951965279877186,0.00010711160575738177,0.00018363003619015217,0.00870923325419426,-0.05462494492530823,0.026742786169052124,0.012315342202782631,-0.011792120523750782,-0.00462822150439024,0.9945466677626739,-0.10429155404552937,-0.000372968991555922,0.10429174918634798,0.9945465657766052,0.0005488738842414839,0.0003136921131234108,-0.0005847783063937517,0.9999997798157653,-0.00011951965279877186,0.00010711160575738177,0.00018363003619015217,46.25089106415027,0.0002937905235032602,0.0004807206673187698,-0.002870405543727908,-1.0032888446263342,0.004060793253470499,0.00237198599161649,0.0009132918307275963,46.25089106415027,0.0002937905235032602,0.0004807206673187698,-0.002870405543727908,0.004310895223170519,-0.04766757786273956,0.023360148072242737,0.0,0.0,0.0,0.9945639730663234,-0.10412680450039424,-0.00041924719490933626,0.10412686937913262,0.9945640453454812,0.00013595764228684776,0.0004028113436316677,-0.0001788734535284539,0.9999999028736526,0.0,0.0,0.0
7,1775247186742583424,0.139798086,139,14.23286,4.399266006657854,46.14359919978719,0.7442515999965675,-0.7442515999965675,0.008658587001264095,-0.05469842627644539,0.02697359025478363,0.01218576729297638,-0.011851086281239986,-0.004546209238469601,0.9945482243883054,-0.1042780911779988,-0.0003610660769375381,0.1042782793673469,0.9945481187408712,0.0005488748375317917,0.0003018619919571766,-0.0005835337496685692,0.9999997841838487,-0.000392275454942137,0.0003907934296876192,0.00018009009363595396,0.008658587001264095,-0.05469842627644539,0.02697359025478363,0.01218576729297638,-0.011851086281239986,-0.004546209238469601,0.9945482243883054,-0.1042780911779988,-0.0003610660769375381,0.1042782793673469,0.9945481187408712,0.0005488748375317917,0.0003018619919571766,-0.0005835337496685692,0.9999997841838487,-0.000392275454942137,0.0003907934296876192,0.00018009009363595396,46.14359919978719,0.00033221127235755384,0.00047063607591218563,-0.002870800845863925,-1.0309924558248345,0.005073231791243832,0.002177277562906849,0.0009067991045253567,46.14359919978719,0.00033221127235755384,0.00047063607591218563,-0.002870800845863925,0.004310895223170519,-0.04766757786273956,0.023360148072242737,0.0,0.0,0.0,0.9945639730663234,-0.10412680450039424,-0.00041924719490933626,0.10412686937913262,0.9945640453454812,0.00013595764228684776,0.0004028113436316677,-0.0001788734535284539,0.9999999028736526,0.0,0.0,0.0
8,1775247186757914439,0.155129101,155,15.331015,11.158527006045915,45.98251693167157,0.7416534988979285,-0.7416534988979285,0.008608836680650711,-0.05477258190512657,0.027198821306228638,0.01205406989902258,-0.011835613287985325,-0.004436878487467766,0.9945488538214902,-0.10427082952658573,-0.00034835374901813834,0.10427101124519034,0.9945487425235997,0.0005521202407469082,0.00028888474156426105,-0.0005854337714795467,0.9999997869064251,0.0011605026666074991,0.000717576767783612,0.00023757432063575834,0.008608836680650711,-0.05477258190512657,0.027198821306228638,0.01205406989902258,-0.011835613287985325,-0.004436878487467766,0.9945488538214902,-0.10427082952658573,-0.00034835374901813834,0.10427101124519034,0.9945487425235997,0.0005521202407469082,0.00028888474156426105,-0.0005854337714795467,0.9999997869064251,0.0011605026666074991,0.000717576767783612,0.00023757432063575834,45.98251693167157,0.0002711873029068628,0.00043130664316154,-0.0028697858142668034,-1.0725851763292187,0.0034651679132052388,0.001417923837586856,0.0009234707125089058,45.98251693167157,0.0002711873029068628,0.00043130664316154,-0.0028697858142668034,0.004310895223170519,-0.04766757786273956,0.023360148072242737,0.0,0.0,0.0,0.9945639730663234,-0.10412680450039424,-0.00041924719490933626,0.10412686937913262,0.9945640453454812,0.00013595764228684776,0.0004028113436316677,-0.0001788734535284539,0.9999999028736526,0.0,0.0,0.0
9,1775247186775342503,0.172557165,172,17.428064,4.351452007540502,45.94278655209691,0.7410126863241437,-0.7410126863241437,0.008540955372154713,-0.054852962493896484,0.02745431661605835,0.011913520283997059,-0.01185213029384613,-0.004233240149915218,0.9945497049641981,-0.10426445414220997,-0.00033082190037260137,0.1042646259590656,0.9945495880124203,0.0005533923241998594,0.00027131967461745295,-0.0005848690694633639,0.9999997921569096,-0.0002412843023194,-0.0006576486630365252,-0.0004357947618700564,0.008540955372154713,-0.054852962493896484,0.02745431661605835,0.011913520283997059,-0.01185213029384613,-0.004233240149915218,0.9945497049641981,-0.10426445414220997,-0.00033082190037260137,0.1042646259590656,0.9945495880124203,0.0005533923241998594,0.00027131967461745295,-0.0005848690694633639,0.9999997921569096,-0.0002412843023194,-0.0006576486630365252,-0.0004357947618700564,45.94278655209691,0.00031867962606454373,0.0006268981370330211,-0.0028614457049268094,-1.0828438757659307,0.004716654665729785,0.005194310099089027,0.0010604546584772813,45.94278655209691,0.00031867962606454373,0.0006268981370330211,-0.0028614457049268094,0.004310895223170519,-0.04766757786273956,0.023360148072242737,0.0,0.0,0.0,0.9945639730663234,-0.10412680450039424,-0.00041924719490933626,0.10412686937913262,0.9945640453454812,0.00013595764228684776,0.0004028113436316677,-0.0001788734535284539,0.9999999028736526,0.0,0.0,0.0
10,1775247186783969027,0.181183689,181,8.626524,11.492945995996706,45.85766994569801,0.7396398378338388,-0.7396398378338388,0.008408397436141968,-0.05501584708690643,0.027947649359703064,0.011605242267251015,-0.011899324133992195,-0.00394755695015192,0.9945503956187034,-0.10425772469386119,-0.0003067255641414808,0.10425788141913883,0.9945502748318935,0.0005492340725503277,0.0002477921344187315,-0.0005782194187921551,0.9999998021306843,0.0003809857298620045,-0.0004415057192090899,-0.0007318748976103961,0.008408397436141968,-0.05501584708690643,0.027947649359703064,0.011605242267251015,-0.011899324133992195,-0.00394755695015192,0.9945503956187034,-0.10425772469386119,-0.0003067255641414808,0.10425788141913883,0.9945502748318935,0.0005492340725503277,0.0002477921344187315,-0.0005782194187921551,0.9999998021306843,0.0003809857298620045,-0.0004415057192090899,-0.0007318748976103961,45.85766994569801,0.0003078088746816143,0.0006267874306157866,-0.002851447861102931,-1.1048216593025413,0.004430195708972608,0.005192172632960876,0.0012246664262538676,45.85766994569801,0.0003078088746816143,0.0006267874306157866,-0.002851447861102931,0.004310895223170519,-0.04766757786273956,0.023360148072242737,0.0,0.0,0.0,0.9945639730663234,-0.10412680450039424,-0.00041924719490933626,0.10412686937913262,0.9945640453454812,0.00013595764228684776,0.0004028113436316677,-0.0001788734535284539,0.9999999028736526,0.0,0.0,0.0
11,1775247186799411432,0.196626094,196,15.442405,9.82615900284145,45.793323061704065,0.7386019848661945,-0.7386019848661945,0.008343282155692577,-0.055098213255405426,0.028186336159706116,0.011385123245418072,-0.011979938484728336,-0.003847696352750063,0.994551158893749,-0.10424957934327317,-0.0002856687440621723,0.10424972522094489,0.9945510297796789,0.0005549885819738521,0.00022625482690661995,-0.0005817454002885296,0.9999998051905079,0.0003738335217349231,-0.0008710353286005557,-6.932116957614198e-05,0.008343282155692577,-0.055098213255405426,0.028186336159706116,0.011385123245418072,-0.011979938484728336,-0.003847696352750063,0.994551158893749,-0.10424957934327317,-0.0002856687440621723,0.10424972522094489,0.9945510297796789,0.0005549885819738521,0.00022625482690661995,-0.0005817454002885296,0.9999998051905079,0.0003738335217349231,-0.0008710353286005557,-6.932116957614198e-05,45.793323061704065,0.0003058749514854841,0.0006959839858688314,-0.002862475625657301,-1.1214365356175868,0.004379234225106651,0.006528186359470768,0.0010435385006733562,45.793323061704065,0.0003058749514854841,0.0006959839858688314,-0.002862475625657301,0.004310895223170519,-0.04766757786273956,0.023360148072242737,0.0,0.0,0.0,0.9945639730663234,-0.10412680450039424,-0.00041924719490933626,0.10412686937913262,0.9945640453454812,0.00013595764228684776,0.0004028113436316677,-0.0001788734535284539,0.9999999028736526,0.0,0.0,0.0
12,1775247186810794154,0.208008816,208,11.382722,7.154766004532576,45.75469012326171,0.7379788729558341,-0.7379788729558341,0.00824697408825159,-0.0551687628030777,0.028459593653678894,0.011199797503650188,-0.01198651734739542,-0.003687004093080759,0.9945518936845534,-0.10424196400256203,-0.00027222572100362493,0.10424210253392285,0.9945517603528113,0.0005571677559807926,0.00021266229801770661,-0.0005825096552697162,0.9999998077285998,-0.0002485738950781524,0.00031424808548763394,2.3007813069853e-05,0.00824697408825159,-0.0551687628030777,0.028459593653678894,0.011199797503650188,-0.01198651734739542,-0.003687004093080759,0.9945518936845534,-0.10424196400256203,-0.00027222572100362493,0.10424210253392285,0.9945517603528113,0.0005571677559807926,0.00021266229801770661,-0.0005825096552697162,0.9999998077285998,-0.0002485738950781524,0.00031424808548763394,2.3007813069853e-05,45.75469012326171,0.00037819230700018733,0.0005700764984300169,-0.0028628887604703994,-1.131411867041048,0.006284894053617731,0.004097225296835699,0.0010367528777746483,45.75469012326171,0.00037819230700018733,0.0005700764984300169,-0.0028628887604703994,0.004310895223170519,-0.04766757786273956,0.023360148072242737,0.0,0.0,0.0,0.9945639730663234,-0.10412680450039424,-0.00041924719490933626,0.10412686937913262,0.9945640453454812,0.00013595764228684776,0.0004028113436316677,-0.0001788734535284539,0.9999999028736526,0.0,0.0,0.0
13,1775247186819854663,0.217069325,217,9.060509,6.036524995579384,45.69163369183899,0.7369618337393385,-0.7369618337393385,0.008151816204190254,-0.05523985996842384,0.02872714400291443,0.011006186716258526,-0.01198683399707079,-0.0035333968698978424,0.994552910132706,-0.10423222233143314,-0.000258870878340995,0.10423235287800425,0.9945527746799081,0.0005560842709602673,0.00019949883712499974,-0.0005800379832805978,0.999999811878051,0.0002771347644738853,9.777912055142224e-05,0.00025189804728142917,0.008151816204190254,-0.05523985996842384,0.02872714400291443,0.011006186716258526,-0.01198683399707079,-0.0035333968698978424,0.994552910132706,-0.10423222233143314,-0.000258870878340995,0.10423235287800425,0.9945527746799081,0.0005560842709602673,0.00019949883712499974,-0.0005800379832805978,0.999999811878051,0.0002771347644738853,9.777912055142224e-05,0.00025189804728142917,45.69163369183899,0.00036037380093903606,0.0005918944981036535,-0.0028656110268336778,-1.1476935382569433,0.0058153523929314055,0.004518476715238993,0.0009920404197939576,45.69163369183899,0.00036037380093903606,0.0005918944981036535,-0.0028656110268336778,0.004310895223170519,-0.04766757786273956,0.023360148072242737,0.0,0.0,0.0,0.9945639730663234,-0.10412680450039424,-0.00041924719490933626,0.10412686937913262,0.9945640453454812,0.00013595764228684776,0.0004028113436316677,-0.0001788734535284539,0.9999999028736526,0.0,0.0,0.0
14,1775247186827486952,0.224701614,224,7.632289,10.004670999478549,45.664260848828064,0.7365203362714204,-0.7365203362714204,0.008057964965701103,-0.05531172454357147,0.028989076614379883,0.010834483429789543,-0.012000308372080326,-0.003384141018614173,0.9945544838421113,-0.10421840688309914,-0.0002437231964355288,0.10421852883128047,0.9945543449370263,0.0005570276829402077,0.0001843434527764986,-0.0005793947941265323,0.999999815159578,-0.0002591888187453151,-0.00016520361532457173,0.0008680530008859932,0.008057964965701103,-0.05531172454357147,0.028989076614379883,0.010834483429789543,-0.012000308372080326,-0.003384141018614173,0.9945544838421113,-0.10421840688309914,-0.0002437231964355288,0.10421852883128047,0.9945543449370263,0.0005570276829402077,0.0001843434527764986,-0.0005793947941265323,0.999999815159578,-0.0002591888187453151,-0.00016520361532457173,0.0008680530008859932,45.664260848828064,0.0003908773514125439,0.00064526417016282,-0.002876877393359256,-1.1547614236429764,0.0066191620780422684,0.005548912611789498,0.0008069935240657463,45.664260848828064,0.0003908773514125439,0.00064526417016282,-0.002876877393359256,0.004310895223170519,-0.04766757786273956,0.023360148072242737,0.0,0.0,0.0,0.9945639730663234,-0.10412680450039424,-0.00041924719490933626,0.10412686937913262,0.9945640453454812,0.00013595764228684776,0.0004028113436316677,-0.0001788734535284539,0.9999999028736526,0.0,0.0,0.0
15,1775247186839661045,0.236875707,236,12.174093,6.609124000533484,45.64033352370482,0.7361344116726584,-0.7361344116726584,0.007965492084622383,-0.05538436025381088,0.029245838522911072,0.010655836202204227,-0.012043366208672523,-0.0031784719321876764,0.9945553398983645,-0.10421008220969341,-0.00022803502388563102,0.10421019410985188,0.9945552015315445,0.0005512754505078848,0.00016934497941482884,-0.0005720374746449597,0.9999998220476964,-0.0005165852489881217,0.00011640015873126686,0.00011447784345364198,0.007965492084622383,-0.05538436025381088,0.029245838522911072,0.010655836202204227,-0.012043366208672523,-0.0031784719321876764,0.9945553398983645,-0.10421008220969341,-0.00022803502388563102,0.10421019410985188,0.9945552015315445,0.0005512754505078848,0.00016934497941482884,-0.0005720374746449597,0.9999998220476964,-0.0005165852489881217,0.00011640015873126686,0.00011447784345364198,45.64033352370482,0.00042104309903623,0.0006188040055424332,-0.0028627968063018767,-1.1609396489554884,0.007414070202576422,0.0050380325107602965,0.0010382631990832772,45.64033352370482,0.00042104309903623,0.0006188040055424332,-0.0028627968063018767,0.004310895223170519,-0.04766757786273956,0.023360148072242737,0.0,0.0,0.0,0.9945639730663234,-0.10412680450039424,-0.00041924719490933626,0.10412686937913262,0.9945640453454812,0.00013595764228684776,0.0004028113436316677,-0.0001788734535284539,0.9999999028736526,0.0,0.0,0.0
16,1775247186848400932,0.245615594,245,8.739887,8.862476010108367,45.580820050765375,0.7351745169478286,-0.7351745169478286,0.007748694159090519,-0.055468086153268814,0.029830828309059143,0.010346616618335247,-0.012086701579391956,-0.0027366599533706903,0.9945573082168545,-0.10419183785823627,-0.00020485073237115972,0.10419193530088977,0.9945571709170201,0.0005429212304932755,0.00014716784352097542,-0.0005613099953739632,0.9999998316363601,-0.00026134419022127986,-0.0002527878386899829,0.0001888214610517025,0.007748694159090519,-0.055468086153268814,0.029830828309059143,0.010346616618335247,-0.012086701579391956,-0.0027366599533706903,0.9945573082168545,-0.10419183785823627,-0.00020485073237115972,0.10419193530088977,0.9945571709170201,0.0005429212304932755,0.00014716784352097542,-0.0005613099953739632,0.9999998316363601,-0.00026134419022127986,-0.0002527878386899829,0.0001888214610517025,45.580820050765375,0.0004175342512307865,0.0006691784633450451,-0.002858889010900478,-1.176306500162469,0.007321607331670784,0.0060106382545530345,0.001102447637475917,45.580820050765375,0.0004175342512307865,0.0006691784633450451,-0.002858889010900478,0.004310895223170519,-0.04766757786273956,0.023360148072242737,0.0,0.0,0.0,0.9945639730663234,-0.10412680450039424,-0.00041924719490933626,0.10412686937913262,0.9945640453454812,0.00013595764228684776,0.0004028113436316677,-0.0001788734535284539,0.9999999028736526,0.0,0.0,0.0
17,1775247186858958905,0.256173567,256,10.557973,3.8325640052789822,45.55657056309627,0.7347833961789721,-0.7347833961789721,0.0076431590132415295,-0.0555119514465332,0.03011530637741089,0.010240184143185616,-0.012066866271197796,-0.002540360204875469,0.9945578636868966,-0.1041859941200074,-0.00018483309254285762,0.10418607949983238,0.9945577273369501,0.0005362726104593402,0.0001279551038603638,-0.0005526111437746395,0.9999998391242019,-0.0008825103286653757,-0.00034820419386960566,-0.00024934374960139394,0.0076431590132415295,-0.0555119514465332,0.03011530637741089,0.010240184143185616,-0.012066866271197796,-0.002540360204875469,0.9945578636868966,-0.1041859941200074,-0.00018483309254285762,0.10418607949983238,0.9945577273369501,0.0005362726104593402,0.0001279551038603638,-0.0005526111437746395,0.9999998391242019,-0.0008825103286653757,-0.00034820419386960566,-0.00024934374960139394,45.55657056309627,0.00045789888238764655,0.0006957143520041534,-0.0028501263017595892,-1.1825679104020583,0.008385269789193248,0.0065229803988124035,0.001246372666100651,45.55657056309627,0.00045789888238764655,0.0006957143520041534,-0.0028501263017595892,0.004310895223170519,-0.04766757786273956,0.023360148072242737,0.0,0.0,0.0,0.9945639730663234,-0.10412680450039424,-0.00041924719490933626,0.10412686937913262,0.9945640453454812,0.00013595764228684776,0.0004028113436316677,-0.0001788734535284539,0.9999999028736526,0.0,0.0,0.0
18,1775247186864464335,0.261678997,261,5.50543,6.599507003556937,45.497122035020325,0.7338245489519407,-0.7338245489519407,0.007539460901170969,-0.05555684119462967,0.03039427101612091,0.01004126574844122,-0.012051251716911793,-0.0023712413385510445,0.9945585678308119,-0.10417890803110019,-0.00017459956813918771,0.10417898666200265,0.9945584353119118,0.0005269698648846469,0.00011875033194138664,-0.00054229199362958,0.9999998459088657,-0.0005502299754880369,0.0008598162676207721,-0.0001460451603634283,0.007539460901170969,-0.05555684119462967,0.03039427101612091,0.01004126574844122,-0.012051251716911793,-0.0023712413385510445,0.9945585678308119,-0.10417890803110019,-0.00017459956813918771,0.10417898666200265,0.9945584353119118,0.0005269698648846469,0.00011875033194138664,-0.00054229199362958,0.9999998459088657,-0.0005502299754880369,0.0008598162676207721,-0.0001460451603634283,45.497122035020325,0.0004825456631445854,0.0005506584750643655,-0.002847156288436258,-1.1979179923296686,0.00903474569516811,0.0037223114638662703,0.0012951542980940837,45.497122035020325,0.0004825456631445854,0.0005506584750643655,-0.002847156288436258,0.004310895223170519,-0.04766757786273956,0.023360148072242737,0.0,0.0,0.0,0.9945639730663234,-0.10412680450039424,-0.00041924719490933626,0.10412686937913262,0.9945640453454812,0.00013595764228684776,0.0004028113436316677,-0.0001788734535284539,0.9999999028736526,0.0,0.0,0.0
19,1775247186872812911,0.270027573,270,8.348576,12.119923994760029,45.42943482122281,0.7327328196971421,-0.7327328196971421,0.007291935849934816,-0.05560095235705376,0.030981406569480896,0.00961459893733263,-0.012052987702190876,-0.0020004399120807648,0.994560952292308,-0.1041576543520415,-0.00014857843662139172,0.104157718679454,0.9945608183562724,0.000524490482700788,9.314065695373644e-05,-0.0005371132434550362,0.9999998514171018,-0.0005425951676443219,0.0003922625328414142,0.0007702235598117113,0.007291935849934816,-0.05560095235705376,0.030981406569480896,0.00961459893733263,-0.012052987702190876,-0.0020004399120807648,0.994560952292308,-0.1041576543520415,-0.00014857843662139172,0.104157718679454,0.9945608183562724,0.000524490482700788,9.314065695373644e-05,-0.0005371132434550362,0.9999998514171018,-0.0005425951676443219,0.0003922625328414142,0.0007702235598117113,45.42943482122281,0.00049188043603395,0.0006136696996021827,-0.0028606300564896405,-1.2153953683198044,0.009280729547549436,0.004938901807111952,0.0010738514542375688,45.42943482122281,0.00049188043603395,0.0006136696996021827,-0.0028606300564896405,0.004310895223170519,-0.04766757786273956,0.023360148072242737,0.0,0.0,0.0,0.9945639730663234,-0.10412680450039424,-0.00041924719490933626,0.10412686937913262,0.9945640453454812,0.00013595764228684776,0.0004028113436316677,-0.0001788734535284539,0.9999999028736526,0.0,0.0,0.0
20,1775247186886990186,0.284204848,284,14.177275,8.48376601061318,45.346654195402046,0.7313976483129362,-0.7313976483129362,0.007170853670686483,-0.05562547966837883,0.03126691281795502,0.009433561936020851,-0.012033016420900822,-0.0017700232565402985,0.9945613925770744,-0.10415234126355588,-0.00013674336626096073,0.10415239889735317,0.9945612598646476,0.0005202640239040102,8.181295682624379e-05,-0.000531676633754502,0.9999998553132942,-0.00011854953481815755,0.0004978703800588846,-0.0007602121913805604,0.007170853670686483,-0.05562547966837883,0.03126691281795502,0.009433561936020851,-0.012033016420900822,-0.0017700232565402985,0.9945613925770744,-0.10415234126355588,-0.00013674336626096073,0.10415239889735317,0.9945612598646476,0.0005202640239040102,8.181295682624379e-05,-0.000531676633754502,0.9999998553132942,-0.00011854953481815755,0.0004978703800588846,-0.0007602121913805604,45.346654195402046,0.00048065467016247083,0.000604166118565361,-0.0028328806281479888,-1.2367699831251402,0.008984915480327368,0.004755411246494281,0.0015296279959644003,45.346654195402046,0.00048065467016247083,0.000604166118565361,-0.0028328806281479888,0.004310895223170519,-0.04766757786273956,0.023360148072242737,0.0,0.0,0.0,0.9945639730663234,-0.10412680450039424,-0.00041924719490933626,0.10412686937913262,0.9945640453454812,0.00013595764228684776,0.0004028113436316677,-0.0001788734535284539,0.9999999028736526,0.0,0.0,0.0
21,1775247186896980928,0.29419559,294,9.990742,6.979034005780704,45.28352486386495,0.7303794332881444,-0.7303794332881444,0.007051465567201376,-0.05565154179930687,0.031546980142593384,0.009235410951077938,-0.012009074911475182,-0.0016219166573137045,0.9945620894186172,-0.10414543376779939,-0.00012729628246275528,0.10414548620023623,0.9945619573217263,0.0005177260348951506,7.268524488356597e-05,-0.0005281680091725627,0.999999857877697,-0.0001833335409173742,0.00013352109817788005,0.0002368626737734303,0.007051465567201376,-0.05565154179930687,0.031546980142593384,0.009235410951077938,-0.012009074911475182,-0.0016219166573137045,0.9945620894186172,-0.10414543376779939,-0.00012729628246275528,0.10414548620023623,0.9945619573217263,0.0005177260348951506,7.268524488356597e-05,-0.0005281680091725627,0.999999857877697,-0.0001833335409173742,0.00013352109817788005,0.0002368626737734303,45.28352486386495,0.0004868912403404997,0.000666431570401505,-0.002847623596475243,-1.2530704777293407,0.009149257513735153,0.005957602569981709,0.0012874788952242499,45.28352486386495,0.0004868912403404997,0.000666431570401505,-0.002847623596475243,0.004310895223170519,-0.04766757786273956,0.023360148072242737,0.0,0.0,0.0,0.9945639730663234,-0.10412680450039424,-0.00041924719490933626,0.10412686937913262,0.9945640453454812,0.00013595764228684776,0.0004028113436316677,-0.0001788734535284539,0.9999999028736526,0.0,0.0,0.0
22,1775247186905592308,0.30280697,302,8.61138,4.538360997685231,45.18236479614588,0.7287478192926755,-0.7287478192926755,0.006782666314393282,-0.05566126108169556,0.03210084140300751,0.008902154862880707,-0.01201164722442627,-0.0013136969646438956,0.9945637649693954,-0.10412949521608494,-9.455713845287275e-05,0.10412953006842551,0.99456363546857,0.0005091918887469085,4.1021206216924205e-05,-0.0005162699803770779,0.9999998658912777,0.000442083808593452,4.172418994130567e-05,-0.0004539144574664533,0.006782666314393282,-0.05566126108169556,0.03210084140300751,0.008902154862880707,-0.01201164722442627,-0.0013136969646438956,0.9945637649693954,-0.10412949521608494,-9.455713845287275e-05,0.10412953006842551,0.99456363546857,0.0005091918887469085,4.1021206216924205e-05,-0.0005162699803770779,0.9999998658912777,0.000442083808593452,4.172418994130567e-05,-0.0004539144574664533,45.18236479614588,0.00046681562414130286,0.0006798357999889552,-0.0028333949668621528,-1.2791908103523184,0.00862023795748717,0.0062164049721624955,0.0015211801275062992,45.18236479614588,0.00046681562414130286,0.0006798357999889552,-0.0028333949668621528,0.004310895223170519,-0.04766757786273956,0.023360148072242737,0.0,0.0,0.0,0.9945639730663234,-0.10412680450039424,-0.00041924719490933626,0.10412686937913262,0.9945640453454812,0.00013595764228684776,0.0004028113436316677,-0.0001788734535284539,0.9999999028736526,0.0,0.0,0.0
23,1775247186912691597,0.309906259,309,7.099289,5.203902008361183,45.00785938753442,0.7259332159279744,-0.7259332159279744,0.00568648474290967,-0.05569395795464516,0.0341930091381073,0.007513090502470732,-0.012157060205936432,-0.0002353716263314709,0.9945672042978221,-0.10409762267942102,-2.1144033623471045e-05,0.10409762025559188,0.9945670799129697,0.0004983672076419709,-3.084962439348603e-05,-0.0004978606677430008,0.9999998755915338,0.00018641413771547377,0.0009111470426432788,4.8135949327843264e-05,0.00568648474290967,-0.05569395795464516,0.0341930091381073,0.007513090502470732,-0.012157060205936432,-0.0002353716263314709,0.9945672042978221,-0.10409762267942102,-2.1144033623471045e-05,0.10409762025559188,0.9945670799129697,0.0004983672076419709,-3.084962439348603e-05,-0.0004978606677430008,0.9999998755915338,0.00018641413771547377,0.0009111470426432788,4.8135949327843264e-05,45.00785938753442,0.000554587491269869,0.0005832624914573062,-0.0028266243990378625,-1.3242494923027763,0.010933145005454562,0.004351814092733126,0.001632384796319247,45.00785938753442,0.000554587491269869,0.0005832624914573062,-0.0028266243990378625,0.004310895223170519,-0.04766757786273956,0.023360148072242737,0.0,0.0,0.0,0.9945639730663234,-0.10412680450039424,-0.00041924719490933626,0.10412686937913262,0.9945640453454812,0.00013595764228684776,0.0004028113436316677,-0.0001788734535284539,0.9999999028736526,0.0,0.0,0.0
24,1775247186922772976,0.319987638,319,10.081379,4.931584990117699,44.80304938261939,0.7226298287519257,-0.7226298287519257,0.005259511061012745,-0.05571359768509865,0.03499102592468262,0.007071439642459154,-0.012253009714186192,0.0001746198395267129,0.9945684314421004,-0.10408540747649009,4.086726258525908e-06,0.1040853922010172,0.9945683052744454,0.0005041441502321442,-5.653854295539773e-05,-0.0005009804574085536,0.999999872910987,0.0012386583257466555,0.0003291148168500513,9.789125761017203e-05,0.005259511061012745,-0.05571359768509865,0.03499102592468262,0.007071439642459154,-0.012253009714186192,0.0001746198395267129,0.9945684314421004,-0.10408540747649009,4.086726258525908e-06,0.1040853922010172,0.9945683052744454,0.0005041441502321442,-5.653854295539773e-05,-0.0005009804574085536,0.999999872910987,0.0012386583257466555,0.0003291148168500513,9.789125761017203e-05,44.80304938261939,0.0005208587593649364,0.0006476184166312119,-0.0028233920591278342,-1.3771330616154334,0.010044347440881257,0.005594367267528601,0.001685475068585034,44.80304938261939,0.0005208587593649364,0.0006476184166312119,-0.0028233920591278342,0.004310895223170519,-0.04766757786273956,0.023360148072242737,0.0,0.0,0.0,0.9945639730663234,-0.10412680450039424,-0.00041924719490933626,0.10412686937913262,0.9945640453454812,0.00013595764228684776,0.0004028113436316677,-0.0001788734535284539,0.9999999028736526,0.0,0.0,0.0
25,1775247186932732281,0.329946943,329,9.959305,4.930390001391061,44.72078573633911,0.721302995747405,-0.721302995747405,0.005116255953907967,-0.05571891367435455,0.03525592386722565,0.00697443587705493,-0.01228941511362791,0.00024641217896714807,0.9945686253327621,-0.10408328360387209,1.0950456193023483e-05,0.10408326486785269,0.9945684993817836,0.0005045333395671137,-6.340444473791444e-05,-0.0005006532528737395,0.999999872663095,3.5790169931715354e-05,-0.0004962721723131835,-0.0004158421652391553,0.005116255953907967,-0.05571891367435455,0.03525592386722565,0.00697443587705493,-0.01228941511362791,0.00024641217896714807,0.9945686253327621,-0.10408328360387209,1.0950456193023483e-05,0.10408326486785269,0.9945684993817836,0.0005045333395671137,-6.340444473791444e-05,-0.0005006532528737395,0.999999872663095,3.5790169931715354e-05,-0.0004962721723131835,-0.0004158421652391553,44.72078573633911,0.0005765124201938664,0.0007755633564307642,-0.0028173574875853783,-1.3983741881989722,0.011510896445562569,0.008064666478010789,0.0017845912058459734,44.72078573633911,0.0005765124201938664,0.0007755633564307642,-0.0028173574875853783,0.004310895223170519,-0.04766757786273956,0.023360148072242737,0.0,0.0,0.0,0.9945639730663234,-0.10412680450039424,-0.00041924719490933626,0.10412686937913262,0.9945640453454812,0.00013595764228684776,0.0004028113436316677,-0.0001788734535284539,0.9999999028736526,0.0,0.0,0.0
26,1775247186943193000,0.340407662,340,10.460719,11.357369003235362,44.57742532092572,0.7189907309826729,-0.7189907309826729,0.00497588561847806,-0.055727098137140274,0.03551524877548218,0.006849076133221388,-0.012368418276309967,0.00035479472717270255,0.9945685572862205,-0.10408470484944088,1.614346458307138e-05,0.10408468285556993,0.9945684268594389,0.0005140776132489446,-6.956333307117125e-05,-0.0005096050888526386,0.9999998677318037,0.0012478760909289122,0.0010160577949136496,-0.00011015601921826601,0.00497588561847806,-0.055727098137140274,0.03551524877548218,0.006849076133221388,-0.012368418276309967,0.00035479472717270255,0.9945685572862205,-0.10408470484944088,1.614346458307138e-05,0.10408468285556993,0.9945684268594389,0.0005140776132489446,-6.956333307117125e-05,-0.0005096050888526386,0.9999998677318037,0.0012478760909289122,0.0010160577949136496,-0.00011015601921826601,44.57742532092572,0.0005661225903725047,0.0005903476021016488,-0.002817657878403744,-1.4353909856369236,0.011237110420413877,0.004488609993050236,0.0017796573712935764,44.57742532092572,0.0005661225903725047,0.0005903476021016488,-0.002817657878403744,0.004310895223170519,-0.04766757786273956,0.023360148072242737,0.0,0.0,0.0,0.9945639730663234,-0.10412680450039424,-0.00041924719490933626,0.10412686937913262,0.9945640453454812,0.00013595764228684776,0.0004028113436316677,-0.0001788734535284539,0.9999999028736526,0.0,0.0,0.0
