step,timestamp_ns,experiment_time_s,reference_index,tick_dt_ms,solver_ms,px4_collective_command_newton,px4_collective_normalized,px4_thrust_body_z,state_raw_0,state_raw_1,state_raw_2,state_raw_3,state_raw_4,state_raw_5,state_raw_6,state_raw_7,state_raw_8,state_raw_9,state_raw_10,state_raw_11,state_raw_12,state_raw_13,state_raw_14,state_raw_15,state_raw_16,state_raw_17,state_used_0,state_used_1,state_used_2,state_used_3,state_used_4,state_used_5,state_used_6,state_used_7,state_used_8,state_used_9,state_used_10,state_used_11,state_used_12,state_used_13,state_used_14,state_used_15,state_used_16,state_used_17,control_raw_0,control_raw_1,control_raw_2,control_raw_3,control_used_0,control_used_1,control_used_2,control_used_3,reference_0,reference_1,reference_2,reference_3,reference_4,reference_5,reference_6,reference_7,reference_8,reference_9,reference_10,reference_11,reference_12,reference_13,reference_14,reference_15,reference_16,reference_17
0,1774971497980933233,0.0,0,0.0,50.88185699969472,9.779561085687348,0.1577348562207637,-0.1577348562207637,0.03765818104147911,0.023434551432728767,-0.015344321727752686,0.023989753797650337,-0.0016616302309557796,0.011267962865531445,0.9946253239588793,-0.10353849795510062,-0.0007093003811571678,0.10353852043856637,0.9946255745184011,-5.047089920343084e-06,0.0007060107838697122,-6.841985739565806e-05,0.999999748433746,-0.0005808816058561206,0.0003018727293238044,0.0005145641625858843,0.03765818104147911,0.023434551432728767,-0.015344321727752686,0.023989753797650337,-0.0016616302309557796,0.011267962865531445,0.9946253239588793,-0.10353849795510062,-0.0007093003811571678,0.10353852043856637,0.9946255745184011,-5.047089920343084e-06,0.0007060107838697122,-6.841985739565806e-05,0.999999748433746,-0.0005808816058561206,0.0003018727293238044,0.0005145641625858843,9.779561085687348,-0.0008620035861906572,-0.00616988722601793,0.0017070396223965534,9.779561085687348,-0.0008620035861906572,-0.00616988722601793,0.0017070396223965534,0.039389412850141525,0.02276165783405304,-0.02185402810573578,0.0,0.0,0.0,0.994644026297375,-0.10335614315568153,-0.0010099289018830372,0.10335598908781152,0.994644534170182,-0.00020371176897207924,0.0010255749849052385,9.823859736901239e-05,0.9999994692724837,0.0,0.0,0.0
1,1774971498040842809,0.059909576,59,59.909576,18.94469600119919,9.779561085687348,0.1577348562207637,-0.1577348562207637,0.03765818104147911,0.023434551432728767,-0.015344321727752686,0.023989753797650337,-0.0016616302309557796,0.011267962865531445,0.9946253239588793,-0.10353849795510062,-0.0007093003811571678,0.10353852043856637,0.9946255745184011,-5.047089920343084e-06,0.0007060107838697122,-6.841985739565806e-05,0.999999748433746,-0.0005808816058561206,0.0003018727293238044,0.0005145641625858843,0.03765818104147911,0.023434551432728767,-0.015344321727752686,0.023989753797650337,-0.0016616302309557796,0.011267962865531445,0.9946253239588793,-0.10353849795510062,-0.0007093003811571678,0.10353852043856637,0.9946255745184011,-5.047089920343084e-06,0.0007060107838697122,-6.841985739565806e-05,0.999999748433746,-0.0005808816058561206,0.0003018727293238044,0.0005145641625858843,9.779561085687348,-0.0008620035861906572,-0.00616988722601793,0.0017070396223965534,9.779561085687348,-0.0008620035861906572,-0.00616988722601793,0.0017070396223965534,0.039389412850141525,0.02276165783405304,-0.02185402810573578,0.0,0.0,0.0,0.994644026297375,-0.10335614315568153,-0.0010099289018830372,0.10335598908781152,0.994644534170182,-0.00020371176897207924,0.0010255749849052385,9.823859736901239e-05,0.9999994692724837,0.0,0.0,0.0
2,1774971498063511564,0.082578331,82,22.668755,20.89679900018382,9.143010203408036,0.14746790650658123,-0.14746790650658123,0.03753792494535446,0.023485351353883743,-0.01518501341342926,0.02384665235877037,-0.0016872963169589639,0.011352772824466228,0.9946247010177517,-0.10354398509467688,-0.0007033802089167936,0.10354400932674124,0.9946249472018606,-1.9748315368047636e-06,0.0006998039381942208,-7.086653895379755e-05,0.9999997526261768,-0.000471720180939883,0.0005822886014357209,-0.0002572927041910589,0.03753792494535446,0.023485351353883743,-0.01518501341342926,0.02384665235877037,-0.0016872963169589639,0.011352772824466228,0.9946247010177517,-0.10354398509467688,-0.0007033802089167936,0.10354400932674124,0.9946249472018606,-1.9748315368047636e-06,0.0006998039381942208,-7.086653895379755e-05,0.9999997526261768,-0.000471720180939883,0.0005822886014357209,-0.0002572927041910589,9.143010203408036,-0.0003596516036394845,-0.00659920713312155,0.002843855111763707,9.143010203408036,-0.0003596516036394845,-0.00659920713312155,0.002843855111763707,0.039389412850141525,0.02276165783405304,-0.02185402810573578,0.0,0.0,0.0,0.994644026297375,-0.10335614315568153,-0.0010099289018830372,0.10335598908781152,0.994644534170182,-0.00020371176897207924,0.0010255749849052385,9.823859736901239e-05,0.9999994692724837,0.0,0.0,0.0
3,1774971498089791300,0.108858067,108,26.279736,14.077605999773368,7.983429321182886,0.12876498905133688,-0.12876498905133688,0.03731008619070053,0.02358091250061989,-0.014869406819343567,0.02342844195663929,-0.0017496573273092508,0.011456828564405441,0.9946231435888884,-0.10355955965161168,-0.0006789656322342772,0.10355958771858553,0.9946233723903297,6.217561051119827e-06,0.000674671125949473,-7.64974485246827e-05,0.9999997694835047,-0.0008152236114256084,0.00015987124061211944,0.0004485432873480022,0.03731008619070053,0.02358091250061989,-0.014869406819343567,0.02342844195663929,-0.0017496573273092508,0.011456828564405441,0.9946231435888884,-0.10355955965161168,-0.0006789656322342772,0.10355958771858553,0.9946233723903297,6.217561051119827e-06,0.000674671125949473,-7.64974485246827e-05,0.9999997694835047,-0.0008152236114256084,0.00015987124061211944,0.0004485432873480022,7.983429321182886,-0.0005206229473870919,-0.006325974687577958,0.001587823304761055,7.983429321182886,-0.0005206229473870919,-0.006325974687577958,0.001587823304761055,0.039389412850141525,0.02276165783405304,-0.02185402810573578,0.0,0.0,0.0,0.994644026297375,-0.10335614315568153,-0.0010099289018830372,0.10335598908781152,0.994644534170182,-0.00020371176897207924,0.0010255749849052385,9.823859736901239e-05,0.9999994692724837,0.0,0.0,0.0
4,1774971498108915841,0.127982608,127,19.124541,16.676852999808034,6.888284571599479,0.11110136405805612,-0.11110136405805612,0.037051428109407425,0.02369627170264721,-0.014570996165275574,0.023010151460766792,-0.001797670149244368,0.01149167399853468,0.9946217415436662,-0.10357194797043867,-0.0006595525011340655,0.10357198083358798,0.9946219566773082,1.577522874767097e-05,0.0006543715303045632,-8.400154713519847e-05,0.9999997823707958,0.0003797461395151913,-9.350448090117425e-05,-0.0005391484592109919,0.037051428109407425,0.02369627170264721,-0.014570996165275574,0.023010151460766792,-0.001797670149244368,0.01149167399853468,0.9946217415436662,-0.10357194797043867,-0.0006595525011340655,0.10357198083358798,0.9946219566773082,1.577522874767097e-05,0.0006543715303045632,-8.400154713519847e-05,0.9999997823707958,0.0003797461395151913,-9.350448090117425e-05,-0.0005391484592109919,6.888284571599479,-0.0011775744863147535,-0.0061945777277334834,0.0038853838082671312,6.888284571599479,-0.0011775744863147535,-0.0061945777277334834,0.0038853838082671312,0.039389412850141525,0.02276165783405304,-0.02185402810573578,0.0,0.0,0.0,0.994644026297375,-0.10335614315568153,-0.0010099289018830372,0.10335598908781152,0.994644534170182,-0.00020371176897207924,0.0010255749849052385,9.823859736901239e-05,0.9999994692724837,0.0,0.0,0.0
5,1774971498130155302,0.149222069,149,21.239461,14.859487999274279,5.305467881131136,0.08557206259888929,-0.08557206259888929,0.03662606701254845,0.02389485202729702,-0.014127880334854126,0.022380756214261055,-0.0017887139692902565,0.011636813171207905,0.9946216553661612,-0.10357388416702529,-0.0006299529139986628,0.10357392207679617,0.9946218505241108,2.77681522666412e-05,0.0006236888280945069,-9.286543945844807e-05,0.9999998011941247,-0.0003074460255447775,0.0007097197812981904,-0.0007183368434198201,0.03662606701254845,0.02389485202729702,-0.014127880334854126,0.022380756214261055,-0.0017887139692902565,0.011636813171207905,0.9946216553661612,-0.10357388416702529,-0.0006299529139986628,0.10357392207679617,0.9946218505241108,2.77681522666412e-05,0.0006236888280945069,-9.286543945844807e-05,0.9999998011941247,-0.0003074460255447775,0.0007097197812981904,-0.0007183368434198201,5.305467881131136,-0.0001611989369685208,-0.007395604816655331,0.003577155148410848,5.305467881131136,-0.0001611989369685208,-0.007395604816655331,0.003577155148410848,0.039389412850141525,0.02276165783405304,-0.02185402810573578,0.0,0.0,0.0,0.994644026297375,-0.10335614315568153,-0.0010099289018830372,0.10335598908781152,0.994644534170182,-0.00020371176897207924,0.0010255749849052385,9.823859736901239e-05,0.9999994692724837,0.0,0.0,0.0
6,1774971498149490982,0.168557749,168,19.33568,18.67981199939095,4.260684137250141,0.06872071189113131,-0.06872071189113131,0.03632260859012604,0.024044260382652283,-0.013837739825248718,0.02188601903617382,-0.0018203264335170388,0.011692230589687824,0.9946201037816444,-0.10358928335740769,-0.0006127595721044654,0.10358932875088933,0.9946202868888014,4.2726957895207474e-05,0.0006050369786981258,-0.0001059723574545271,0.9999998113500619,0.00045668912935070693,0.0005050020990893245,-0.0004243574512656778,0.03632260859012604,0.024044260382652283,-0.013837739825248718,0.02188601903617382,-0.0018203264335170388,0.011692230589687824,0.9946201037816444,-0.10358928335740769,-0.0006127595721044654,0.10358932875088933,0.9946202868888014,4.2726957895207474e-05,0.0006050369786981258,-0.0001059723574545271,0.9999998113500619,0.00045668912935070693,0.0005050020990893245,-0.0004243574512656778,4.260684137250141,-0.001328361140789027,-0.007315760838393847,0.003777432580801495,4.260684137250141,-0.001328361140789027,-0.007315760838393847,0.003777432580801495,0.039389412850141525,0.02276165783405304,-0.02185402810573578,0.0,0.0,0.0,0.994644026297375,-0.10335614315568153,-0.0010099289018830372,0.10335598908781152,0.994644534170182,-0.00020371176897207924,0.0010255749849052385,9.823859736901239e-05,0.9999994692724837,0.0,0.0,0.0
7,1774971498174158955,0.193225722,193,24.667973,18.310809000467998,2.7628849215471503,0.044562660024954036,-0.044562660024954036,0.03583735227584839,0.024290872737765312,-0.013419657945632935,0.02120332606136799,-0.0017583173466846347,0.011806145310401917,0.9946193031395243,-0.10359671014236138,-0.0005843656794753665,0.1035967626477503,0.9946194675125692,6.02266374430966e-05,0.0005749821579345959,-0.0001204409119165261,0.9999998274447515,0.0002188089129049331,0.0009711314341984689,-0.0008655976271256804,0.03583735227584839,0.024290872737765312,-0.013419657945632935,0.02120332606136799,-0.0017583173466846347,0.011806145310401917,0.9946193031395243,-0.10359671014236138,-0.0005843656794753665,0.1035967626477503,0.9946194675125692,6.02266374430966e-05,0.0005749821579345959,-0.0001204409119165261,0.9999998274447515,0.0002188089129049331,0.0009711314341984689,-0.0008655976271256804,2.7628849215471503,-0.0006551850047373487,-0.00810570277312527,0.0041813019464308114,2.7628849215471503,-0.0006551850047373487,-0.00810570277312527,0.0041813019464308114,0.039389412850141525,0.02276165783405304,-0.02185402810573578,0.0,0.0,0.0,0.994644026297375,-0.10335614315568153,-0.0010099289018830372,0.10335598908781152,0.994644534170182,-0.00020371176897207924,0.0010255749849052385,9.823859736901239e-05,0.9999994692724837,0.0,0.0,0.0
8,1774971498196600003,0.21566677,215,22.441048,16.73178799865127,2.0504360985945764,0.03307154997733188,-0.03307154997733188,0.03542660176753998,0.0244777612388134,-0.013224691152572632,0.020610667765140533,-0.0017285383073613048,0.011824918910861015,0.9946196460124683,-0.10359351269209971,-0.0005578785084111061,0.1035935702122941,0.9946197936394283,7.513738287126363e-05,0.0005470932257050382,-0.00013252569124286642,0.9999998415629713,0.0005825157277286053,-0.0005383193492889404,0.0005293980939313769,0.03542660176753998,0.0244777612388134,-0.013224691152572632,0.020610667765140533,-0.0017285383073613048,0.011824918910861015,0.9946196460124683,-0.10359351269209971,-0.0005578785084111061,0.1035935702122941,0.9946197936394283,7.513738287126363e-05,0.0005470932257050382,-0.00013252569124286642,0.9999998415629713,0.0005825157277286053,-0.0005383193492889404,0.0005293980939313769,2.0504360985945764,-0.0022652153337151767,-0.006494031151783986,0.0025446702340351695,2.0504360985945764,-0.0022652153337151767,-0.006494031151783986,0.0025446702340351695,0.039389412850141525,0.02276165783405304,-0.02185402810573578,0.0,0.0,0.0,0.994644026297375,-0.10335614315568153,-0.0010099289018830372,0.10335598908781152,0.994644534170182,-0.00020371176897207924,0.0010255749849052385,9.823859736901239e-05,0.9999994692724837,0.0,0.0,0.0
9,1774971498215202460,0.234269227,234,18.602457,17.48677900104667,1.216801684973122,0.01962583362859874,-0.01962583362859874,0.03480565547943115,0.024754013866186142,-0.0129614919424057,0.019765764474868774,-0.0017376822652295232,0.01182396337389946,0.9946213804299999,-0.10357667228858203,-0.0004891074030864747,0.10357672567691978,0.9946214914940343,8.504786830515823e-05,0.0004776677494923755,-0.00013525055545962096,0.9999998767703997,5.6810593378031626e-05,-0.00012576201697811484,0.0005113717052154243,0.03480565547943115,0.024754013866186142,-0.0129614919424057,0.019765764474868774,-0.0017376822652295232,0.01182396337389946,0.9946213804299999,-0.10357667228858203,-0.0004891074030864747,0.10357672567691978,0.9946214914940343,8.504786830515823e-05,0.0004776677494923755,-0.00013525055545962096,0.9999998767703997,5.6810593378031626e-05,-0.00012576201697811484,0.0005113717052154243,1.216801684973122,-0.0015906215565166546,-0.007117958531496469,0.002161090943336421,1.216801684973122,-0.0015906215565166546,-0.007117958531496469,0.002161090943336421,0.039389412850141525,0.02276165783405304,-0.02185402810573578,0.0,0.0,0.0,0.994644026297375,-0.10335614315568153,-0.0010099289018830372,0.10335598908781152,0.994644534170182,-0.00020371176897207924,0.0010255749849052385,9.823859736901239e-05,0.9999994692724837,0.0,0.0,0.0
10,1774971498234085077,0.253151844,253,18.882617,22.325762000036775,0.7522420959181886,0.012132937030938526,-0.012132937030938526,0.03436443209648132,0.024945469573140144,-0.012820854783058167,0.019123246893286705,-0.0016964585520327091,0.011877867393195629,0.9946225389137758,-0.1035658635545802,-0.0004696469611042489,0.10356591959138561,0.9946226392737124,9.654403145064813e-05,0.0004571228170707417,-0.00014466426025977822,0.9999998850554898,0.000277245620964095,0.0011041848920285702,0.0007818747544661164,0.03436443209648132,0.024945469573140144,-0.012820854783058167,0.019123246893286705,-0.0016964585520327091,0.011877867393195629,0.9946225389137758,-0.1035658635545802,-0.0004696469611042489,0.10356591959138561,0.9946226392737124,9.654403145064813e-05,0.0004571228170707417,-0.00014466426025977822,0.9999998850554898,0.000277245620964095,0.0011041848920285702,0.0007818747544661164,0.7522420959181886,-0.00203178619901254,-0.008576040299542207,0.001995056632500418,0.7522420959181886,-0.00203178619901254,-0.008576040299542207,0.001995056632500418,0.039389412850141525,0.02276165783405304,-0.02185402810573578,0.0,0.0,0.0,0.994644026297375,-0.10335614315568153,-0.0010099289018830372,0.10335598908781152,0.994644534170182,-0.00020371176897207924,0.0010255749849052385,9.823859736901239e-05,0.9999994692724837,0.0,0.0,0.0
11,1774971498259513340,0.278580107,278,25.428263,19.28652500100725,0.14495494878079773,0.0023379830448515765,-0.0023379830448515765,0.033457498997449875,0.0253108162432909,-0.012599259614944458,0.01792348548769951,-0.0016494945157319307,0.011693112552165985,0.9946243868205402,-0.10354849464030402,-0.0003910788901401868,0.10354854394232538,0.9946244527152641,0.00010794163970648599,0.0003777994187685839,-0.00014785700887656739,0.9999999177029529,0.0004982162499800324,-0.0002577628183644265,-0.00014064602146390826,0.033457498997449875,0.0253108162432909,-0.012599259614944458,0.01792348548769951,-0.0016494945157319307,0.011693112552165985,0.9946243868205402,-0.10354849464030402,-0.0003910788901401868,0.10354854394232538,0.9946244527152641,0.00010794163970648599,0.0003777994187685839,-0.00014785700887656739,0.9999999177029529,0.0004982162499800324,-0.0002577628183644265,-0.00014064602146390826,0.14495494878079773,-0.001584959300067732,-0.007122188593489587,0.0034361953674731495,0.14495494878079773,-0.001584959300067732,-0.007122188593489587,0.0034361953674731495,0.039389412850141525,0.02276165783405304,-0.02185402810573578,0.0,0.0,0.0,0.994644026297375,-0.10335614315568153,-0.0010099289018830372,0.10335598908781152,0.994644534170182,-0.00020371176897207924,0.0010255749849052385,9.823859736901239e-05,0.9999994692724837,0.0,0.0,0.0
12,1774971498280700170,0.299766937,299,21.18683,20.133084000917734,0.0868900618207645,0.0014014526100123307,-0.0014014526100123307,0.03323495760560036,0.025397149845957756,-0.012548401951789856,0.017621323466300964,-0.001672300393693149,0.011611796915531158,0.9946245921755822,-0.10354618969544549,-0.000377039070367971,0.1035462397365039,0.9946246517047125,0.00011565924318832077,0.00036303627619474477,-0.00015407849715483313,0.9999999222322377,0.0009787339949980378,0.00033655104925855994,-0.0003699990047607571,0.03323495760560036,0.025397149845957756,-0.012548401951789856,0.017621323466300964,-0.001672300393693149,0.011611796915531158,0.9946245921755822,-0.10354618969544549,-0.000377039070367971,0.1035462397365039,0.9946246517047125,0.00011565924318832077,0.00036303627619474477,-0.00015407849715483313,0.9999999222322377,0.0009787339949980378,0.00033655104925855994,-0.0003699990047607571,0.0868900618207645,-0.0019639025764834083,-0.007789871808353662,0.004147721506551003,0.0868900618207645,-0.0019639025764834083,-0.007789871808353662,0.004147721506551003,0.039389412850141525,0.02276165783405304,-0.02185402810573578,0.0,0.0,0.0,0.994644026297375,-0.10335614315568153,-0.0010099289018830372,0.10335598908781152,0.994644534170182,-0.00020371176897207924,0.0010255749849052385,9.823859736901239e-05,0.9999994692724837,0.0,0.0,0.0
13,1774971498301889402,0.320956169,320,21.189232,22.640331999355112,0.01367769532946591,0.00022060798918493402,-0.00022060798918493402,0.032250892370939255,0.025775911286473274,-0.012440592050552368,0.016328217461705208,-0.001501744263805449,0.011534890159964561,0.9946259063769348,-0.10353413995211391,-0.00030907354891012914,0.10353418104190948,0.9946259428819003,0.000120002073778748,0.0002949882499963599,-0.00015135682578326995,0.999999945036523,-0.00024393700005020946,0.0006382803549058735,-9.79492615442723e-05,0.032250892370939255,0.025775911286473274,-0.012440592050552368,0.016328217461705208,-0.001501744263805449,0.011534890159964561,0.9946259063769348,-0.10353413995211391,-0.00030907354891012914,0.10353418104190948,0.9946259428819003,0.000120002073778748,0.0002949882499963599,-0.00015135682578326995,0.999999945036523,-0.00024393700005020946,0.0006382803549058735,-9.79492615442723e-05,0.01367769532946591,-0.000670162950997652,-0.008163661595400737,0.0028431243022534127,0.01367769532946591,-0.000670162950997652,-0.008163661595400737,0.0028431243022534127,0.039389412850141525,0.02276165783405304,-0.02185402810573578,0.0,0.0,0.0,0.994644026297375,-0.10335614315568153,-0.0010099289018830372,0.10335598908781152,0.994644534170182,-0.00020371176897207924,0.0010255749849052385,9.823859736901239e-05,0.9999994692724837,0.0,0.0,0.0
14,1774971498331233075,0.350299842,350,29.343673,27.54843900038395,0.034904389962681706,0.0005629740316561566,-0.0005629740316561566,0.03175528347492218,0.025993062183260918,-0.012423768639564514,0.015756886452436447,-0.0014267105143517256,0.011347506195306778,0.9946275141763814,-0.10351961470848337,-0.00027081968219419897,0.10351965170763533,0.9946275391724888,0.00012633051603665353,0.00025628701146677806,-0.00015368691323363118,0.9999999553486548,0.0004225119773764163,-0.0006947268266230822,-0.000534070422872901,0.03175528347492218,0.025993062183260918,-0.012423768639564514,0.015756886452436447,-0.0014267105143517256,0.011347506195306778,0.9946275141763814,-0.10351961470848337,-0.00027081968219419897,0.10351965170763533,0.9946275391724888,0.00012633051603665353,0.00025628701146677806,-0.00015368691323363118,0.9999999553486548,0.0004225119773764163,-0.0006947268266230822,-0.000534070422872901,0.034904389962681706,-0.00116333724144142,-0.006623243562286459,0.003972997343871705,0.034904389962681706,-0.00116333724144142,-0.006623243562286459,0.003972997343871705,0.039389412850141525,0.02276165783405304,-0.02185402810573578,0.0,0.0,0.0,0.994644026297375,-0.10335614315568153,-0.0010099289018830372,0.10335598908781152,0.994644534170182,-0.00020371176897207924,0.0010255749849052385,9.823859736901239e-05,0.9999994692724837,0.0,0.0,0.0
15,1774971498368428528,0.387495295,387,37.195453,24.998270000651246,0.5706952512786303,0.009204762117397262,-0.009204762117397262,0.03034895285964012,0.026610735803842545,-0.012450292706489563,0.01404610089957714,-0.0012183856451883912,0.010959075763821602,0.9946327071728236,-0.10346842999324934,-0.00016550240014092518,0.10346845380975389,0.994632708263981,0.0001424497415262842,0.00014987504948351518,-0.00015880945455364415,0.9999999761585127,0.0004066997207701206,0.0004759443108923733,-0.00034211360616609454,0.03034895285964012,0.026610735803842545,-0.012450292706489563,0.01404610089957714,-0.0012183856451883912,0.010959075763821602,0.9946327071728236,-0.10346842999324934,-0.00016550240014092518,0.10346845380975389,0.994632708263981,0.0001424497415262842,0.00014987504948351518,-0.00015880945455364415,0.9999999761585127,0.0004066997207701206,0.0004759443108923733,-0.00034211360616609454,0.5706952512786303,-0.001246060770308112,-0.00783458138848339,0.003781425394688495,0.5706952512786303,-0.001246060770308112,-0.00783458138848339,0.003781425394688495,0.039389412850141525,0.02276165783405304,-0.02185402810573578,0.0,0.0,0.0,0.994644026297375,-0.10335614315568153,-0.0010099289018830372,0.10335598908781152,0.994644534170182,-0.00020371176897207924,0.0010255749849052385,9.823859736901239e-05,0.9999994692724837,0.0,0.0,0.0
16,1774971498395555672,0.414622439,414,27.127144,31.25163600088854,1.024208655518283,0.016519494443843274,-0.016519494443843274,0.02990652807056904,0.02684415504336357,-0.012533590197563171,0.013477807864546776,-0.0010947579285129905,0.010820680297911167,0.9946346796839248,-0.10345001230897921,-0.00013431218291416926,0.10345003068546599,0.9946346772761688,0.0001379396350476518,0.0001193216983465996,-0.0001510941352267907,0.9999999814664478,-0.0005353167653083801,0.00012767240696121007,-9.747712465468794e-05,0.02990652807056904,0.02684415504336357,-0.012533590197563171,0.013477807864546776,-0.0010947579285129905,0.010820680297911167,0.9946346796839248,-0.10345001230897921,-0.00013431218291416926,0.10345003068546599,0.9946346772761688,0.0001379396350476518,0.0001193216983465996,-0.0001510941352267907,0.9999999814664478,-0.0005353167653083801,0.00012767240696121007,-9.747712465468794e-05,1.024208655518283,-0.0003023536016823153,-0.007376373448831595,0.002721992780713517,1.024208655518283,-0.0003023536016823153,-0.007376373448831595,0.002721992780713517,0.039389412850141525,0.02276165783405304,-0.02185402810573578,0.0,0.0,0.0,0.994644026297375,-0.10335614315568153,-0.0010099289018830372,0.10335598908781152,0.994644534170182,-0.00020371176897207924,0.0010255749849052385,9.823859736901239e-05,0.9999994692724837,0.0,0.0,0.0
17,1774971498429441760,0.448508527,448,33.886088,22.068637001211755,1.8647643587576586,0.030076844496091267,-0.030076844496091267,0.029075762256979942,0.027314290404319763,-0.012691333889961243,0.012463427148759365,-0.0006873537786304951,0.010516543872654438,0.9946378569322339,-0.10341973049744291,-7.69295797854307e-05,0.1034197397807799,0.9946378506440064,0.0001284796430984481,6.32297451666681e-05,-0.0001357467431020935,0.999999988787411,-0.00019546074327081442,-0.0002044822322204709,-0.0008205106714740396,0.029075762256979942,0.027314290404319763,-0.012691333889961243,0.012463427148759365,-0.0006873537786304951,0.010516543872654438,0.9946378569322339,-0.10341973049744291,-7.69295797854307e-05,0.1034197397807799,0.9946378506440064,0.0001284796430984481,6.32297451666681e-05,-0.0001357467431020935,0.999999988787411,-0.00019546074327081442,-0.0002044822322204709,-0.0008205106714740396,1.8647643587576586,-0.00012058822802546715,-0.006823344165685694,0.004060451041368595,1.8647643587576586,-0.00012058822802546715,-0.006823344165685694,0.004060451041368595,0.039389412850141525,0.02276165783405304,-0.02185402810573578,0.0,0.0,0.0,0.994644026297375,-0.10335614315568153,-0.0010099289018830372,0.10335598908781152,0.994644534170182,-0.00020371176897207924,0.0010255749849052385,9.823859736901239e-05,0.9999994692724837,0.0,0.0,0.0
18,1774971498452912472,0.471979239,471,23.470712,30.890078998709214,2.197779722928078,0.035448060047227066,-0.035448060047227066,0.028694601729512215,0.027574215084314346,-0.012764543294906616,0.012072119861841202,-0.0005000088131055236,0.01046183705329895,0.9946389918619083,-0.10340928270126737,-5.2064238804818905e-05,0.1034092883260962,0.9946389853548787,0.0001203813009046182,3.9336585267916654e-05,-0.00012511984506573433,0.9999999913988294,-0.00026445911498740315,-0.00016262222197838128,1.9072334907832555e-05,0.028694601729512215,0.027574215084314346,-0.012764543294906616,0.012072119861841202,-0.0005000088131055236,0.01046183705329895,0.9946389918619083,-0.10340928270126737,-5.2064238804818905e-05,0.1034092883260962,0.9946389853548787,0.0001203813009046182,3.9336585267916654e-05,-0.00012511984506573433,0.9999999913988294,-0.00026445911498740315,-0.00016262222197838128,1.9072334907832555e-05,2.197779722928078,-0.0007050926948735835,-0.00680403724386379,0.002902383543373359,2.197779722928078,-0.0007050926948735835,-0.00680403724386379,0.002902383543373359,0.039389412850141525,0.02276165783405304,-0.02185402810573578,0.0,0.0,0.0,0.994644026297375,-0.10335614315568153,-0.0010099289018830372,0.10335598908781152,0.994644534170182,-0.00020371176897207924,0.0010255749849052385,9.823859736901239e-05,0.9999994692724837,0.0,0.0,0.0
19,1774971498485322375,0.504389142,504,32.409903,36.69950200128369,3.6379722972554047,0.0586769725363775,-0.0586769725363775,0.027838753536343575,0.028268514201045036,-0.013010993599891663,0.01114338543266058,0.000148632432683371,0.009942279197275639,0.9946420856063427,-0.10337882515014152,1.348760335210912e-05,0.10337882342033389,0.9946420813479349,9.492496940317115e-05,-2.3228566465352193e-05,-9.30220348107991e-05,0.9999999954036675,0.0010767303174361587,0.0005359940114431083,0.00017137647955678403,0.027838753536343575,0.028268514201045036,-0.013010993599891663,0.01114338543266058,0.000148632432683371,0.009942279197275639,0.9946420856063427,-0.10337882515014152,1.348760335210912e-05,0.10337882342033389,0.9946420813479349,9.492496940317115e-05,-2.3228566465352193e-05,-9.30220348107991e-05,0.9999999954036675,0.0010767303174361587,0.0005359940114431083,0.00017137647955678403,3.6379722972554047,-0.002407638167272814,-0.007278203172906422,0.003921698976384934,3.6379722972554047,-0.002407638167272814,-0.007278203172906422,0.003921698976384934,0.039389412850141525,0.02276165783405304,-0.02185402810573578,0.0,0.0,0.0,0.994644026297375,-0.10335614315568153,-0.0010099289018830372,0.10335598908781152,0.994644534170182,-0.00020371176897207924,0.0010255749849052385,9.823859736901239e-05,0.9999994692724837,0.0,0.0,0.0
20,1774971498523256364,0.542323131,542,37.933989,11.209839998628013,5.455695061223571,0.08799508163263824,-0.08799508163263824,0.02708687260746956,0.02904435805976391,-0.013384997844696045,0.010324819944798946,0.0006983340135775506,0.009492671117186546,0.9946450480861195,-0.10335102395671969,4.699568117575424e-05,0.10335101970359162,0.9946450459744873,8.53719671247595e-05,-5.556728839571472e-05,-8.005774965780406e-05,0.9999999952515171,-6.852792284917086e-05,0.0009267422137781978,8.397609781241044e-05,0.02708687260746956,0.02904435805976391,-0.013384997844696045,0.010324819944798946,0.0006983340135775506,0.009492671117186546,0.9946450480861195,-0.10335102395671969,4.699568117575424e-05,0.10335101970359162,0.9946450459744873,8.53719671247595e-05,-5.556728839571472e-05,-8.005774965780406e-05,0.9999999952515171,-6.852792284917086e-05,0.0009267422137781978,8.397609781241044e-05,5.455695061223571,-0.0009135896229046843,-0.007411108075802212,0.0032243044033835743,5.455695061223571,-0.0009135896229046843,-0.007411108075802212,0.0032243044033835743,0.039389412850141525,0.02276165783405304,-0.02185402810573578,0.0,0.0,0.0,0.994644026297375,-0.10335614315568153,-0.0010099289018830372,0.10335598908781152,0.994644534170182,-0.00020371176897207924,0.0010255749849052385,9.823859736901239e-05,0.9999994692724837,0.0,0.0,0.0
21,1774971498536104113,0.55517088,555,12.847749,10.887585000091349,6.302686850550122,0.10165623952500197,-0.10165623952500197,0.026809100061655045,0.029372720047831535,-0.013565286993980408,0.009947541169822216,0.000911979703232646,0.009267529472708702,0.9946456893873427,-0.10334518032009488,5.9752688211120274e-05,0.10334517567822243,0.9946456887483753,7.616367398683151e-05,-6.73038843148507e-05,-6.958071672353555e-05,0.9999999953143561,-0.0003476305864751339,0.0005733963917009532,-0.0001484449312556535,0.026809100061655045,0.029372720047831535,-0.013565286993980408,0.009947541169822216,0.000911979703232646,0.009267529472708702,0.9946456893873427,-0.10334518032009488,5.9752688211120274e-05,0.10334517567822243,0.9946456887483753,7.616367398683151e-05,-6.73038843148507e-05,-6.958071672353555e-05,0.9999999953143561,-0.0003476305864751339,0.0005733963917009532,-0.0001484449312556535,6.302686850550122,-0.00039005864368621103,-0.006857320600707901,0.0033636082455771148,6.302686850550122,-0.00039005864368621103,-0.006857320600707901,0.0033636082455771148,0.039389412850141525,0.02276165783405304,-0.02185402810573578,0.0,0.0,0.0,0.994644026297375,-0.10335614315568153,-0.0010099289018830372,0.10335598908781152,0.994644534170182,-0.00020371176897207924,0.0010255749849052385,9.823859736901239e-05,0.9999994692724837,0.0,0.0,0.0
22,1774971498548258474,0.567325241,567,12.154361,37.6631550007005,6.761279691802388,0.10905289825487723,-0.10905289825487723,0.026674732565879822,0.029533013701438904,-0.013651639223098755,0.009830578230321407,0.0009938093135133386,0.009164338000118732,0.9946468048394665,-0.10333331525297318,5.982967978626706e-05,0.10333331102282006,0.9946468046191042,6.994417424032188e-05,-6.673696050243114e-05,-6.33873504445856e-05,0.999999995764111,-0.00023219424474518746,0.001210517599247396,0.0006441755685955286,0.026674732565879822,0.029533013701438904,-0.013651639223098755,0.009830578230321407,0.0009938093135133386,0.009164338000118732,0.9946468048394665,-0.10333331525297318,5.982967978626706e-05,0.10333331102282006,0.9946468046191042,6.994417424032188e-05,-6.673696050243114e-05,-6.33873504445856e-05,0.999999995764111,-0.00023219424474518746,0.001210517599247396,0.0006441755685955286,6.761279691802388,-0.0011489878071581203,-0.007488427317928287,0.002414158974765783,6.761279691802388,-0.0011489878071581203,-0.007488427317928287,0.002414158974765783,0.039389412850141525,0.02276165783405304,-0.02185402810573578,0.0,0.0,0.0,0.994644026297375,-0.10335614315568153,-0.0010099289018830372,0.10335598908781152,0.994644534170182,-0.00020371176897207924,0.0010255749849052385,9.823859736901239e-05,0.9999994692724837,0.0,0.0,0.0
23,1774971498588657393,0.60772416,607,40.398919,26.827828000023146,8.769537243719512,0.1414441490922502,-0.1414441490922502,0.0260554738342762,0.030334003269672394,-0.014053896069526672,0.00908551923930645,0.0014403535751625896,0.008522361516952515,0.9946510054329922,-0.10329293879090984,6.935449689462244e-05,0.10329293676636908,0.9946510075408168,3.217433582638845e-05,-7.23068991390944e-05,-2.4838406999327586e-05,0.999999997077383,-0.00010626592120388523,9.208850678987801e-05,-0.00037920381873846054,0.0260554738342762,0.030334003269672394,-0.014053896069526672,0.00908551923930645,0.0014403535751625896,0.008522361516952515,0.9946510054329922,-0.10329293879090984,6.935449689462244e-05,0.10329293676636908,0.9946510075408168,3.217433582638845e-05,-7.23068991390944e-05,-2.4838406999327586e-05,0.999999997077383,-0.00010626592120388523,9.208850678987801e-05,-0.00037920381873846054,8.769537243719512,-0.0004952392133141077,-0.005836962265090385,0.004038353254618126,8.769537243719512,-0.0004952392133141077,-0.005836962265090385,0.004038353254618126,0.039389412850141525,0.02276165783405304,-0.02185402810573578,0.0,0.0,0.0,0.994644026297375,-0.10335614315568153,-0.0010099289018830372,0.10335598908781152,0.994644534170182,-0.00020371176897207924,0.0010255749849052385,9.823859736901239e-05,0.9999994692724837,0.0,0.0,0.0
24,1774971498617301586,0.636368353,636,28.644193,23.710962999757612,10.170489739624095,0.1640401570907112,-0.1640401570907112,0.025578312575817108,0.030966587364673615,-0.014339163899421692,0.008442462421953678,0.001780001912266016,0.008163643069565296,0.994653843058648,-0.10326584565761965,9.723134000934851e-05,0.1032658454567057,0.9946538478065554,7.097878679099279e-06,-9.744448961281592e-05,2.980739145674871e-06,0.9999999952478436,-0.0005999524728395045,0.00024908981868065894,4.9268724978901446e-05,0.025578312575817108,0.030966587364673615,-0.014339163899421692,0.008442462421953678,0.001780001912266016,0.008163643069565296,0.994653843058648,-0.10326584565761965,9.723134000934851e-05,0.1032658454567057,0.9946538478065554,7.097878679099279e-06,-9.744448961281592e-05,2.980739145674871e-06,0.9999999952478436,-0.0005999524728395045,0.00024908981868065894,4.9268724978901446e-05,10.170489739624095,-0.00022501732213307409,-0.005759715337528254,0.003164843535888847,10.170489739624095,-0.00022501732213307409,-0.005759715337528254,0.003164843535888847,0.039389412850141525,0.02276165783405304,-0.02185402810573578,0.0,0.0,0.0,0.994644026297375,-0.10335614315568153,-0.0010099289018830372,0.10335598908781152,0.994644534170182,-0.00020371176897207924,0.0010255749849052385,9.823859736901239e-05,0.9999994692724837,0.0,0.0,0.0
25,1774971498642513520,0.661580287,661,25.211934,7.624469000802492,11.077184428027696,0.17866426496818863,-0.17866426496818863,0.025211449712514877,0.03141174465417862,-0.01450231671333313,0.007898139767348766,0.0018476416589692235,0.007854252122342587,0.9946545190318911,-0.10325929360717412,0.00011216322869525217,0.10325929532131028,0.9946545251318558,-9.585098159685564e-06,-0.0001105739076344191,2.111575072142116e-05,0.9999999936637683,-0.0005462821573019028,2.0629859136533923e-05,0.000482679606648162,0.025211449712514877,0.03141174465417862,-0.01450231671333313,0.007898139767348766,0.0018476416589692235,0.007854252122342587,0.9946545190318911,-0.10325929360717412,0.00011216322869525217,0.10325929532131028,0.9946545251318558,-9.585098159685564e-06,-0.0001105739076344191,2.111575072142116e-05,0.9999999936637683,-0.0005462821573019028,2.0629859136533923e-05,0.000482679606648162,11.077184428027696,-0.0006456535215807381,-0.005322682094073931,0.002686831860908268,11.077184428027696,-0.0006456535215807381,-0.005322682094073931,0.002686831860908268,0.039389412850141525,0.02276165783405304,-0.02185402810573578,0.0,0.0,0.0,0.994644026297375,-0.10335614315568153,-0.0010099289018830372,0.10335598908781152,0.994644534170182,-0.00020371176897207924,0.0010255749849052385,9.823859736901239e-05,0.9999994692724837,0.0,0.0,0.0
26,1774971498651319717,0.670386484,670,8.806197,9.550438999212929,11.677479999131679,0.18834645159889804,-0.18834645159889804,0.024968458339571953,0.0317067950963974,-0.01462613046169281,0.007441032212227583,0.0018849949119612575,0.007651011925190687,0.9946550988593941,-0.10325469068901127,0.00012692792173929057,0.10325469193266712,0.9946551068235607,-3.266990092178415e-06,-0.00012591215611039604,1.635541148822372e-05,0.9999999919393159,0.00044618401443585753,-9.317700460087508e-06,-0.00044993305345997214,0.024968458339571953,0.0317067950963974,-0.01462613046169281,0.007441032212227583,0.0018849949119612575,0.007651011925190687,0.9946550988593941,-0.10325469068901127,0.00012692792173929057,0.10325469193266712,0.9946551068235607,-3.266990092178415e-06,-0.00012591215611039604,1.635541148822372e-05,0.9999999919393159,0.00044618401443585753,-9.317700460087508e-06,-0.00044993305345997214,11.677479999131679,-0.0010996417900668851,-0.005146423812947674,0.004783653461104802,11.677479999131679,-0.0010996417900668851,-0.005146423812947674,0.004783653461104802,0.039389412850141525,0.02276165783405304,-0.02185402810573578,0.0,0.0,0.0,0.994644026297375,-0.10335614315568153,-0.0010099289018830372,0.10335598908781152,0.994644534170182,-0.00020371176897207924,0.0010255749849052385,9.823859736901239e-05,0.9999994692724837,0.0,0.0,0.0
27,1774971498662166663,0.68123343,681,10.846946,8.96082200051751,12.023815902285062,0.19393251455298485,-0.19393251455298485,0.02484968490898609,0.03184986859560013,-0.014685332775115967,0.0072655645199120045,0.001901099574752152,0.007582759018987417,0.9946561351372217,-0.10324442051565308,0.00013360196139599115,0.10324442205744666,0.9946561439388809,-4.676826261242051e-06,-0.00013240514074409557,1.8445473625526565e-05,0.9999999910643226,-0.00046460836892947555,8.060144318733364e-05,0.0011217984138056636,0.02484968490898609,0.03184986859560013,-0.014685332775115967,0.0072655645199120045,0.001901099574752152,0.007582759018987417,0.9946561351372217,-0.10324442051565308,0.00013360196139599115,0.10324442205744666,0.9946561439388809,-4.676826261242051e-06,-0.00013240514074409557,1.8445473625526565e-05,0.9999999910643226,-0.00046460836892947555,8.060144318733364e-05,0.0011217984138056636,12.023815902285062,-0.0012602742205682002,-0.005203820824168131,0.001924350577303593,12.023815902285062,-0.0012602742205682002,-0.005203820824168131,0.001924350577303593,0.039389412850141525,0.02276165783405304,-0.02185402810573578,0.0,0.0,0.0,0.994644026297375,-0.10335614315568153,-0.0010099289018830372,0.10335598908781152,0.994644534170182,-0.00020371176897207924,0.0010255749849052385,9.823859736901239e-05,0.9999994692724837,0.0,0.0,0.0
28,1774971498672869120,0.691935887,691,10.702457,10.285493999617756,12.216369219691522,0.197038213220831,-0.197038213220831,0.024733031168580055,0.03199010714888573,-0.014743700623512268,0.00709490105509758,0.001907785190269351,0.007507564965635538,0.9946566181356293,-0.10323999405482076,0.0001404948047402147,0.10323999564345132,0.9946566278847722,-4.083011380089357e-06,-0.00013932254000798396,1.856585539760291e-05,0.9999999901222707,0.0007187596056610346,-0.0005630661034956574,8.187450293917209e-05,0.024733031168580055,0.03199010714888573,-0.014743700623512268,0.00709490105509758,0.001907785190269351,0.007507564965635538,0.9946566181356293,-0.10323999405482076,0.0001404948047402147,0.10323999564345132,0.9946566278847722,-4.083011380089357e-06,-0.00013932254000798396,1.856585539760291e-05,0.9999999901222707,0.0007187596056610346,-0.0005630661034956574,8.187450293917209e-05,12.216369219691522,-0.0018794330240440667,-0.004406462118494583,0.004298112964535658,12.216369219691522,-0.0018794330240440667,-0.004406462118494583,0.004298112964535658,0.039389412850141525,0.02276165783405304,-0.02185402810573578,0.0,0.0,0.0,0.994644026297375,-0.10335614315568153,-0.0010099289018830372,0.10335598908781152,0.994644534170182,-0.00020371176897207924,0.0010255749849052385,9.823859736901239e-05,0.9999994692724837,0.0,0.0,0.0
