step,timestamp_ns,experiment_time_s,reference_index,tick_dt_ms,solver_ms,px4_collective_command_newton,px4_collective_normalized,px4_thrust_body_z,state_raw_0,state_raw_1,state_raw_2,state_raw_3,state_raw_4,state_raw_5,state_raw_6,state_raw_7,state_raw_8,state_raw_9,state_raw_10,state_raw_11,state_raw_12,state_raw_13,state_raw_14,state_raw_15,state_raw_16,state_raw_17,state_used_0,state_used_1,state_used_2,state_used_3,state_used_4,state_used_5,state_used_6,state_used_7,state_used_8,state_used_9,state_used_10,state_used_11,state_used_12,state_used_13,state_used_14,state_used_15,state_used_16,state_used_17,control_raw_0,control_raw_1,control_raw_2,control_raw_3,control_used_0,control_used_1,control_used_2,control_used_3,reference_0,reference_1,reference_2,reference_3,reference_4,reference_5,reference_6,reference_7,reference_8,reference_9,reference_10,reference_11,reference_12,reference_13,reference_14,reference_15,reference_16,reference_17
0,1774041577517850024,0.0,0,0.0,37.403520007501356,14.42201639070599,0.18027520488382487,-0.18027520488382487,-0.020758479833602905,-0.030537106096744537,0.0466359406709671,-0.0030000756960362196,-0.004757875110954046,0.011079534888267517,0.9945568481786631,-0.10419519982648828,0.000561014837370151,0.10419500613512955,0.9945569600363462,0.0003641473863304906,-0.0005959034997320492,-0.000303710364867385,0.9999997763295199,-0.0005113384686410427,-0.0005514479125849903,-0.00010006249794969335,-0.020758479833602905,-0.030537106096744537,0.0466359406709671,-0.0030000756960362196,-0.004757875110954046,0.011079534888267517,0.9945568481786631,-0.10419519982648828,0.000561014837370151,0.10419500613512955,0.9945569600363462,0.0003641473863304906,-0.0005959034997320492,-0.000303710364867385,0.9999997763295199,-0.0005113384686410427,-0.0005514479125849903,-0.00010006249794969335,14.42201639070599,-0.04596186704123569,-0.0009341511845619222,4.885006430347815e-05,14.42201639070599,-0.04596186704123569,-0.0009341511845619222,4.885006430347815e-05,-0.02131165936589241,-0.030274108052253723,0.04312162101268768,0.0,0.0,0.0,0.9945564638947113,-0.10419786719501034,0.0005382893732900958,0.10419765671815728,0.9945565490094301,0.00040535796547228314,-0.0005775966368207043,-0.0003470628973288332,0.9999997729647141,0.0,0.0,0.0
1,1774041577556552195,0.038702171,38,38.702171,13.32084801106248,14.42201639070599,0.18027520488382487,-0.18027520488382487,-0.020758479833602905,-0.030537106096744537,0.0466359406709671,-0.0030000756960362196,-0.004757875110954046,0.011079534888267517,0.9945568481786631,-0.10419519982648828,0.000561014837370151,0.10419500613512955,0.9945569600363462,0.0003641473863304906,-0.0005959034997320492,-0.000303710364867385,0.9999997763295199,-0.0005113384686410427,-0.0005514479125849903,-0.00010006249794969335,-0.020758479833602905,-0.030537106096744537,0.0466359406709671,-0.0030000756960362196,-0.004757875110954046,0.011079534888267517,0.9945568481786631,-0.10419519982648828,0.000561014837370151,0.10419500613512955,0.9945569600363462,0.0003641473863304906,-0.0005959034997320492,-0.000303710364867385,0.9999997763295199,-0.0005113384686410427,-0.0005514479125849903,-0.00010006249794969335,14.42201639070599,-0.04596186704123569,-0.0009341511845619222,4.885006430347815e-05,14.42201639070599,-0.04596186704123569,-0.0009341511845619222,4.885006430347815e-05,-0.02131165936589241,-0.030274108052253723,0.04312162101268768,0.0,0.0,0.0,0.9945564638947113,-0.10419786719501034,0.0005382893732900958,0.10419765671815728,0.9945565490094301,0.00040535796547228314,-0.0005775966368207043,-0.0003470628973288332,0.9999997729647141,0.0,0.0,0.0
2,1774041577572035760,0.054185736,54,15.483565,12.3502170026768,14.14507378134182,0.17681342226677274,-0.17681342226677274,-0.02061482146382332,-0.030510850250720978,0.046805188059806824,-0.0028380693402141333,-0.0047382269985973835,0.0111537491902709,0.99455639909573,-0.10419891866679554,0.0005569144363461523,0.10419872572948519,0.9945565082656156,0.00036497960829091555,-0.0005919132902322717,-0.00030496304813099756,0.9999997783180892,-6.59665311104618e-05,-0.0004119583172723651,0.0005677684093825519,-0.02061482146382332,-0.030510850250720978,0.046805188059806824,-0.0028380693402141333,-0.0047382269985973835,0.0111537491902709,0.99455639909573,-0.10419891866679554,0.0005569144363461523,0.10419872572948519,0.9945565082656156,0.00036497960829091555,-0.0005919132902322717,-0.00030496304813099756,0.9999997783180892,-6.59665311104618e-05,-0.0004119583172723651,0.0005677684093825519,14.14507378134182,-0.04635333587537519,-0.0010562749267840432,-0.00019133679994679415,14.14507378134182,-0.04635333587537519,-0.0010562749267840432,-0.00019133679994679415,-0.02131165936589241,-0.030274108052253723,0.04312162101268768,0.0,0.0,0.0,0.9945564638947113,-0.10419786719501034,0.0005382893732900958,0.10419765671815728,0.9945565490094301,0.00040535796547228314,-0.0005775966368207043,-0.0003470628973288332,0.9999997729647141,0.0,0.0,0.0
3,1774041577586028078,0.068178054,68,13.992318,12.858155008871108,14.004404048188272,0.1750550506023534,-0.1750550506023534,-0.020537732169032097,-0.03050350397825241,0.04688684642314911,-0.002723179291933775,-0.0047521404922008514,0.011194499209523201,0.9945562239254752,-0.10420068682621775,0.0005512679800578069,0.10420049677981469,0.9945563303757116,0.0003629886368747212,-0.0005860906516937867,-0.000303570229657546,0.9999997821714248,0.0003204292734153569,0.00022033453569747508,9.959039016393945e-05,-0.020537732169032097,-0.03050350397825241,0.04688684642314911,-0.002723179291933775,-0.0047521404922008514,0.011194499209523201,0.9945562239254752,-0.10420068682621775,0.0005512679800578069,0.10420049677981469,0.9945563303757116,0.0003629886368747212,-0.0005860906516937867,-0.000303570229657546,0.9999997821714248,0.0003204292734153569,0.00022033453569747508,9.959039016393945e-05,14.004404048188272,-0.04670149545245941,-0.0015986361635637358,-2.315689452342323e-05,14.004404048188272,-0.04670149545245941,-0.0015986361635637358,-2.315689452342323e-05,-0.02131165936589241,-0.030274108052253723,0.04312162101268768,0.0,0.0,0.0,0.9945564638947113,-0.10419786719501034,0.0005382893732900958,0.10419765671815728,0.9945565490094301,0.00040535796547228314,-0.0005775966368207043,-0.0003470628973288332,0.9999997729647141,0.0,0.0,0.0
4,1774041577600926637,0.083076613,83,14.898559,12.891455000499263,13.616308141393453,0.17020385176741817,-0.17020385176741817,-0.020461585372686386,-0.030497193336486816,0.0469660609960556,-0.002620187820866704,-0.0047568692825734615,0.011297490447759628,0.994556666026339,-0.1041971400959556,0.000547442283954213,0.10419695372610516,0.9945567715449803,0.00035866813505620876,-0.000581834494290584,-0.00029967400057282975,0.9999997858320641,-0.0007457990432158113,-0.0007876433664932847,0.0009622616344131529,-0.020461585372686386,-0.030497193336486816,0.0469660609960556,-0.002620187820866704,-0.0047568692825734615,0.011297490447759628,0.994556666026339,-0.1041971400959556,0.000547442283954213,0.10419695372610516,0.9945567715449803,0.00035866813505620876,-0.000581834494290584,-0.00029967400057282975,0.9999997858320641,-0.0007457990432158113,-0.0007876433664932847,0.0009622616344131529,13.616308141393453,-0.0457818280618724,-0.0007375568591158471,-0.0003332413532345759,13.616308141393453,-0.0457818280618724,-0.0007375568591158471,-0.0003332413532345759,-0.02131165936589241,-0.030274108052253723,0.04312162101268768,0.0,0.0,0.0,0.9945564638947113,-0.10419786719501034,0.0005382893732900958,0.10419765671815728,0.9945565490094301,0.00040535796547228314,-0.0005775966368207043,-0.0003470628973288332,0.9999997729647141,0.0,0.0,0.0
5,1774041577616210571,0.098360547,98,15.283934,14.58061599987559,13.443138724165236,0.16803923405206544,-0.16803923405206544,-0.020386409014463425,-0.03049166314303875,0.047046199440956116,-0.002540118293836713,-0.004722151439636946,0.011361828073859215,0.9945567612773922,-0.10419518941201567,0.0005494704327897743,0.10419500599158127,0.9945568697848322,0.0003525721684950883,-0.0005832158790695027,-0.0002934009695087902,0.9999997868875408,2.6795018129632808e-05,-0.0005982801667414606,9.326236613560468e-05,-0.020386409014463425,-0.03049166314303875,0.047046199440956116,-0.002540118293836713,-0.004722151439636946,0.011361828073859215,0.9945567612773922,-0.10419518941201567,0.0005494704327897743,0.10419500599158127,0.9945568697848322,0.0003525721684950883,-0.0005832158790695027,-0.0002934009695087902,0.9999997868875408,2.6795018129632808e-05,-0.0005982801667414606,9.326236613560468e-05,13.443138724165236,-0.04647608467881347,-0.0009026688055898803,-2.0931118051604455e-05,13.443138724165236,-0.04647608467881347,-0.0009026688055898803,-2.0931118051604455e-05,-0.02131165936589241,-0.030274108052253723,0.04312162101268768,0.0,0.0,0.0,0.9945564638947113,-0.10419786719501034,0.0005382893732900958,0.10419765671815728,0.9945565490094301,0.00040535796547228314,-0.0005775966368207043,-0.0003470628973288332,0.9999997729647141,0.0,0.0,0.0
6,1774041577632172918,0.114322894,114,15.962347,10.751419991720468,13.126234069365964,0.16407792586707454,-0.16407792586707454,-0.02024712972342968,-0.030513659119606018,0.047197699546813965,-0.00250038830563426,-0.00484413793310523,0.011443016119301319,0.9945562183530834,-0.10420085037707749,0.0005333539197986611,0.10420067317778092,0.9945563183572395,0.0003499649396214652,-0.0005669170832786272,-0.0002924839883065508,0.9999997965290639,-6.576083978870884e-05,-0.00016644137213006616,-0.00010223569552181289,-0.02024712972342968,-0.030513659119606018,0.047197699546813965,-0.00250038830563426,-0.00484413793310523,0.011443016119301319,0.9945562183530834,-0.10420085037707749,0.0005333539197986611,0.10420067317778092,0.9945563183572395,0.0003499649396214652,-0.0005669170832786272,-0.0002924839883065508,0.9999997965290639,-6.576083978870884e-05,-0.00016644137213006616,-0.00010223569552181289,13.126234069365964,-0.04647249661600198,-0.0012752047219076555,4.927737957786129e-05,13.126234069365964,-0.04647249661600198,-0.0012752047219076555,4.927737957786129e-05,-0.02131165936589241,-0.030274108052253723,0.04312162101268768,0.0,0.0,0.0,0.9945564638947113,-0.10419786719501034,0.0005382893732900958,0.10419765671815728,0.9945565490094301,0.00040535796547228314,-0.0005775966368207043,-0.0003470628973288332,0.9999997729647141,0.0,0.0,0.0
7,1774041577645234228,0.127384204,127,13.06131,14.341996007715352,12.901523546027219,0.16126904432534023,-0.16126904432534023,-0.020179521292448044,-0.030526062473654747,0.04727458953857422,-0.0024831893388181925,-0.004817691165953875,0.011523944325745106,0.9945556572473981,-0.10420686872247042,0.000520630214367249,0.10420669483096634,0.9945557498954736,0.00035072749773780443,-0.0005543438654913094,-0.00029456489365445836,0.9999998029672083,0.0006562605849467218,0.0007618176750838757,-0.0006445071194320917,-0.020179521292448044,-0.030526062473654747,0.04727458953857422,-0.0024831893388181925,-0.004817691165953875,0.011523944325745106,0.9945556572473981,-0.10420686872247042,0.000520630214367249,0.10420669483096634,0.9945557498954736,0.00035072749773780443,-0.0005543438654913094,-0.00029456489365445836,0.9999998029672083,0.0006562605849467218,0.0007618176750838757,-0.0006445071194320917,12.901523546027219,-0.04715203254438889,-0.0020712594349914532,0.0002441263349223634,12.901523546027219,-0.04715203254438889,-0.0020712594349914532,0.0002441263349223634,-0.02131165936589241,-0.030274108052253723,0.04312162101268768,0.0,0.0,0.0,0.9945564638947113,-0.10419786719501034,0.0005382893732900958,0.10419765671815728,0.9945565490094301,0.00040535796547228314,-0.0005775966368207043,-0.0003470628973288332,0.9999997729647141,0.0,0.0,0.0
8,1774041577660824183,0.142974159,142,15.589955,24.28258300642483,12.843710172416053,0.16054637715520065,-0.16054637715520065,-0.020112894475460052,-0.03053884394466877,0.04735194146633148,-0.0023990245535969734,-0.004785521421581507,0.011502806097269058,0.9945549606387459,-0.10421200029914623,0.000512560794097526,0.10421183198035999,0.9945550505567752,0.0003448816698231605,-0.0005457107458702593,-0.0002895888735217969,0.9999998091690125,-0.0005246039945632219,0.00021215659216977656,-0.0002886501024477184,-0.020112894475460052,-0.03053884394466877,0.04735194146633148,-0.0023990245535969734,-0.004785521421581507,0.011502806097269058,0.9945549606387459,-0.10421200029914623,0.000512560794097526,0.10421183198035999,0.9945550505567752,0.0003448816698231605,-0.0005457107458702593,-0.0002895888735217969,0.9999998091690125,-0.0005246039945632219,0.00021215659216977656,-0.0002886501024477184,12.843710172416053,-0.046164019914238366,-0.0016023977162580784,0.00011621942393252735,12.843710172416053,-0.046164019914238366,-0.0016023977162580784,0.00011621942393252735,-0.02131165936589241,-0.030274108052253723,0.04312162101268768,0.0,0.0,0.0,0.9945564638947113,-0.10419786719501034,0.0005382893732900958,0.10419765671815728,0.9945565490094301,0.00040535796547228314,-0.0005775966368207043,-0.0003470628973288332,0.9999997729647141,0.0,0.0,0.0
9,1774041577695649676,0.177799652,177,34.825493,20.44901199406013,12.610133303156633,0.15762666628945793,-0.15762666628945793,-0.01989680342376232,-0.030583156272768974,0.04761853814125061,-0.0021722447127103806,-0.004870765842497349,0.011562312953174114,0.9945551780036617,-0.1042112896566878,0.0004983938315448275,0.10421112108955666,0.9945552578709176,0.00035307895682757,-0.0005324749215013091,-0.0002992183467779904,0.9999998134694226,0.0006606741226278245,0.0003352979547344148,-0.0005723044159822166,-0.01989680342376232,-0.030583156272768974,0.04761853814125061,-0.0021722447127103806,-0.004870765842497349,0.011562312953174114,0.9945551780036617,-0.1042112896566878,0.0004983938315448275,0.10421112108955666,0.9945552578709176,0.00035307895682757,-0.0005324749215013091,-0.0002992183467779904,0.9999998134694226,0.0006606741226278245,0.0003352979547344148,-0.0005723044159822166,12.610133303156633,-0.04734654459665593,-0.001716981479242821,0.00021805463152132346,12.610133303156633,-0.04734654459665593,-0.001716981479242821,0.00021805463152132346,-0.02131165936589241,-0.030274108052253723,0.04312162101268768,0.0,0.0,0.0,0.9945564638947113,-0.10419786719501034,0.0005382893732900958,0.10419765671815728,0.9945565490094301,0.00040535796547228314,-0.0005775966368207043,-0.0003470628973288332,0.9999997729647141,0.0,0.0,0.0
10,1774041577724733028,0.206883004,206,29.083352,14.902010007062927,12.409423994847995,0.15511779993559993,-0.15511779993559993,-0.019757214933633804,-0.03061757981777191,0.04780256748199463,-0.0020484032575041056,-0.0049522328190505505,0.011596362106502056,0.9945547504187754,-0.1042146520941043,0.0004821483024305324,0.1042144849375124,0.9945548197274651,0.0003597842408837298,-0.0005170176766262097,-0.00030757829504202963,0.9999998190441473,0.0004176684014964849,-0.0006935475394129753,0.00022725891903974116,-0.019757214933633804,-0.03061757981777191,0.04780256748199463,-0.0020484032575041056,-0.0049522328190505505,0.011596362106502056,0.9945547504187754,-0.1042146520941043,0.0004821483024305324,0.1042144849375124,0.9945548197274651,0.0003597842408837298,-0.0005170176766262097,-0.00030757829504202963,0.9999998190441473,0.0004176684014964849,-0.0006935475394129753,0.00022725891903974116,12.409423994847995,-0.04723720857403516,-0.0008426466634494545,-6.934287480526107e-05,12.409423994847995,-0.04723720857403516,-0.0008426466634494545,-6.934287480526107e-05,-0.02131165936589241,-0.030274108052253723,0.04312162101268768,0.0,0.0,0.0,0.9945564638947113,-0.10419786719501034,0.0005382893732900958,0.10419765671815728,0.9945565490094301,0.00040535796547228314,-0.0005775966368207043,-0.0003470628973288332,0.9999997729647141,0.0,0.0,0.0
11,1774041577749345521,0.231495497,231,24.612493,20.73677100997884,11.720104870274787,0.14650131087843482,-0.14650131087843482,-0.019562607631087303,-0.030657371506094933,0.0481337308883667,-0.0019011709373444319,-0.004897469189018011,0.011743583716452122,0.9945540001390963,-0.10422261281972989,0.00047243299588505504,0.10422245741958647,0.9945540696633873,0.00034248206948544937,-0.000505554444430221,-0.00029137880368485143,0.9999998297565519,-0.000955931143835187,8.133030496537685e-05,-0.0005490862531587481,-0.019562607631087303,-0.030657371506094933,0.0481337308883667,-0.0019011709373444319,-0.004897469189018011,0.011743583716452122,0.9945540001390963,-0.10422261281972989,0.00047243299588505504,0.10422245741958647,0.9945540696633873,0.00034248206948544937,-0.000505554444430221,-0.00029137880368485143,0.9999998297565519,-0.000955931143835187,8.133030496537685e-05,-0.0005490862531587481,11.720104870274787,-0.046169251487621916,-0.0015098336634564854,0.0002095756859297685,11.720104870274787,-0.046169251487621916,-0.0015098336634564854,0.0002095756859297685,-0.02131165936589241,-0.030274108052253723,0.04312162101268768,0.0,0.0,0.0,0.9945564638947113,-0.10419786719501034,0.0005382893732900958,0.10419765671815728,0.9945565490094301,0.00040535796547228314,-0.0005775966368207043,-0.0003470628973288332,0.9999997729647141,0.0,0.0,0.0
12,1774041577780018507,0.262168483,262,30.672986,28.016288008075207,11.301290936925946,0.14126613671157434,-0.14126613671157434,-0.019475925713777542,-0.030644821003079414,0.048350438475608826,-0.0018789981259033084,-0.004661756567656994,0.011881312355399132,0.9945514774357658,-0.10424668988753716,0.00045090014682398327,0.10424655028832253,0.9945515418900872,0.0003228159261680439,-0.00048209584894439404,-0.00027405228885051414,0.999999846239471,0.0004932001465931535,0.0010546538978815079,-0.0005902680568397045,-0.019475925713777542,-0.030644821003079414,0.048350438475608826,-0.0018789981259033084,-0.004661756567656994,0.011881312355399132,0.9945514774357658,-0.10424668988753716,0.00045090014682398327,0.10424655028832253,0.9945515418900872,0.0003228159261680439,-0.00048209584894439404,-0.00027405228885051414,0.999999846239471,0.0004932001465931535,0.0010546538978815079,-0.0005902680568397045,11.301290936925946,-0.04746298091730785,-0.002346784030243636,0.00022427807036720586,11.301290936925946,-0.04746298091730785,-0.002346784030243636,0.00022427807036720586,-0.02131165936589241,-0.030274108052253723,0.04312162101268768,0.0,0.0,0.0,0.9945564638947113,-0.10419786719501034,0.0005382893732900958,0.10419765671815728,0.9945565490094301,0.00040535796547228314,-0.0005775966368207043,-0.0003470628973288332,0.9999997729647141,0.0,0.0,0.0
13,1774041577811272521,0.293422497,293,31.254014,22.159185988130048,11.237000719310672,0.1404625089913834,-0.1404625089913834,-0.01952865719795227,-0.030592840164899826,0.04851950705051422,-0.002043080748990178,-0.004569196607917547,0.011853857897222042,0.9945516537256958,-0.10424490838478184,0.0004423643443565786,0.10424477936721877,0.9945517187418864,0.0003053868011421391,-0.00047178917174939706,-0.00025760879039712914,0.9999998555263462,-0.00013194933126214892,-0.0003296594659332186,0.0001767453213687986,-0.01952865719795227,-0.030592840164899826,0.04851950705051422,-0.002043080748990178,-0.004569196607917547,0.011853857897222042,0.9945516537256958,-0.10424490838478184,0.0004423643443565786,0.10424477936721877,0.9945517187418864,0.0003053868011421391,-0.00047178917174939706,-0.00025760879039712914,0.9999998555263462,-0.00013194933126214892,-0.0003296594659332186,0.0001767453213687986,11.237000719310672,-0.04681365625716994,-0.0011609519725816345,-5.1338728088840746e-05,11.237000719310672,-0.04681365625716994,-0.0011609519725816345,-5.1338728088840746e-05,-0.02131165936589241,-0.030274108052253723,0.04312162101268768,0.0,0.0,0.0,0.9945564638947113,-0.10419786719501034,0.0005382893732900958,0.10419765671815728,0.9945565490094301,0.00040535796547228314,-0.0005775966368207043,-0.0003470628973288332,0.9999997729647141,0.0,0.0,0.0
14,1774041577839213163,0.321363139,321,27.940642,31.828738006879576,11.166701676937432,0.1395837709617179,-0.1395837709617179,-0.019598228856921196,-0.03053961880505085,0.04857763648033142,-0.002244568895548582,-0.004459970165044069,0.011838804930448532,0.994551316020243,-0.1042480949584641,0.0004464337513599634,0.10424796940025294,0.9945513853585688,0.00029590609181645057,-0.00047484888774889343,-0.00024775399760862404,0.999999856568247,-0.001097410568036139,-0.00014331546844914556,-0.00014014476619195193,-0.019598228856921196,-0.03053961880505085,0.04857763648033142,-0.002244568895548582,-0.004459970165044069,0.011838804930448532,0.994551316020243,-0.1042480949584641,0.0004464337513599634,0.10424796940025294,0.9945513853585688,0.00029590609181645057,-0.00047484888774889343,-0.00024775399760862404,0.999999856568247,-0.001097410568036139,-0.00014331546844914556,-0.00014014476619195193,11.166701676937432,-0.04585714115541386,-0.0013143770158585751,6.258960768323371e-05,11.166701676937432,-0.04585714115541386,-0.0013143770158585751,6.258960768323371e-05,-0.02131165936589241,-0.030274108052253723,0.04312162101268768,0.0,0.0,0.0,0.9945564638947113,-0.10419786719501034,0.0005382893732900958,0.10419765671815728,0.9945565490094301,0.00040535796547228314,-0.0005775966368207043,-0.0003470628973288332,0.9999997729647141,0.0,0.0,0.0
15,1774041577872548767,0.354698743,354,33.335604,13.812940989737399,11.468278355505866,0.14335347944382332,-0.14335347944382332,-0.01984037272632122,-0.030388005077838898,0.04873195290565491,-0.002507099648937583,-0.004052659031003714,0.011722044087946415,0.9945513608345943,-0.10424702868194213,0.00046651928954137903,0.10424691139099562,0.9945514461369788,0.0002691086752854904,-0.0004920311897415814,-0.0002190092120199251,0.9999998549701308,0.0005604885518550873,0.00020165085152257234,0.000446446385467425,-0.01984037272632122,-0.030388005077838898,0.04873195290565491,-0.002507099648937583,-0.004052659031003714,0.011722044087946415,0.9945513608345943,-0.10424702868194213,0.00046651928954137903,0.10424691139099562,0.9945514461369788,0.0002691086752854904,-0.0004920311897415814,-0.0002190092120199251,0.9999998549701308,0.0005604885518550873,0.00020165085152257234,0.000446446385467425,11.468278355505866,-0.04698415673756206,-0.0016022012147432112,-0.0001483286211931051,11.468278355505866,-0.04698415673756206,-0.0016022012147432112,-0.0001483286211931051,-0.02131165936589241,-0.030274108052253723,0.04312162101268768,0.0,0.0,0.0,0.9945564638947113,-0.10419786719501034,0.0005382893732900958,0.10419765671815728,0.9945565490094301,0.00040535796547228314,-0.0005775966368207043,-0.0003470628973288332,0.9999997729647141,0.0,0.0,0.0
16,1774041577889120061,0.371270037,371,16.571294,13.861904008081183,11.506216624260464,0.1438277078032558,-0.1438277078032558,-0.020056938752532005,-0.030258793383836746,0.04881523549556732,-0.0027765745762735605,-0.003894905326887965,0.011638492345809937,0.9945510986994096,-0.10425039632000677,0.0004862567031281347,0.10425028159694927,0.9945511967343575,0.0002556635459334874,-0.0005102601185389081,-0.00020357809677120677,0.999999849095292,-0.0011457144282758236,0.00012593837163876742,-0.0004162122786510736,-0.020056938752532005,-0.030258793383836746,0.04881523549556732,-0.0027765745762735605,-0.003894905326887965,0.011638492345809937,0.9945510986994096,-0.10425039632000677,0.0004862567031281347,0.10425028159694927,0.9945511967343575,0.0002556635459334874,-0.0005102601185389081,-0.00020357809677120677,0.999999849095292,-0.0011457144282758236,0.00012593837163876742,-0.0004162122786510736,11.506216624260464,-0.045193314499278825,-0.0015242499828763258,0.00016177494983795674,11.506216624260464,-0.045193314499278825,-0.0015242499828763258,0.00016177494983795674,-0.02131165936589241,-0.030274108052253723,0.04312162101268768,0.0,0.0,0.0,0.9945564638947113,-0.10419786719501034,0.0005382893732900958,0.10419765671815728,0.9945565490094301,0.00040535796547228314,-0.0005775966368207043,-0.0003470628973288332,0.9999997729647141,0.0,0.0,0.0
17,1774041577904351850,0.386501826,386,15.231789,25.51165100885555,11.550194274351462,0.14437742842939327,-0.14437742842939327,-0.020136725157499313,-0.030211856588721275,0.04884687066078186,-0.0028672697953879833,-0.0038801252376288176,0.011638312600553036,0.9945505483632108,-0.10425606645398977,0.0004957233999321317,0.10425595275397215,0.9945506524065845,0.0002499933440822961,-0.0005190852259222192,-0.00019694895164737523,0.999999845880833,-0.00010185502469539642,-0.0001957969943759963,-0.00041578745003789663,-0.020136725157499313,-0.030211856588721275,0.04884687066078186,-0.0028672697953879833,-0.0038801252376288176,0.011638312600553036,0.9945505483632108,-0.10425606645398977,0.0004957233999321317,0.10425595275397215,0.9945506524065845,0.0002499933440822961,-0.0005190852259222192,-0.00019694895164737523,0.999999845880833,-0.00010185502469539642,-0.0001957969943759963,-0.00041578745003789663,11.550194274351462,-0.04599900088199139,-0.0012478645813568225,0.00016164961364952563,11.550194274351462,-0.04599900088199139,-0.0012478645813568225,0.00016164961364952563,-0.02131165936589241,-0.030274108052253723,0.04312162101268768,0.0,0.0,0.0,0.9945564638947113,-0.10419786719501034,0.0005382893732900958,0.10419765671815728,0.9945565490094301,0.00040535796547228314,-0.0005775966368207043,-0.0003470628973288332,0.9999997729647141,0.0,0.0,0.0
18,1774041577931250657,0.413400633,413,26.898807,14.28639299410861,11.684874612776689,0.1460609326597086,-0.1460609326597086,-0.020426297560334206,-0.030034054070711136,0.04893451929092407,-0.003174656303599477,-0.0036351564340293407,0.011553408578038216,0.9945505939052274,-0.1042550100070403,0.0005208851844885933,0.10425489462649296,0.994550712465344,0.00024403125209461127,-0.0005434881184535716,-0.00018839663616523547,0.9999998345636922,-0.00010652931086951867,0.0004607391310855746,0.0006692444439977407,-0.020426297560334206,-0.030034054070711136,0.04893451929092407,-0.003174656303599477,-0.0036351564340293407,0.011553408578038216,0.9945505939052274,-0.1042550100070403,0.0005208851844885933,0.10425489462649296,0.994550712465344,0.00024403125209461127,-0.0005434881184535716,-0.00018839663616523547,0.9999998345636922,-0.00010652931086951867,0.0004607391310855746,0.0006692444439977407,11.684874612776689,-0.04559333830601593,-0.001794403416351014,-0.00022846189183688042,11.684874612776689,-0.04559333830601593,-0.001794403416351014,-0.00022846189183688042,-0.02131165936589241,-0.030274108052253723,0.04312162101268768,0.0,0.0,0.0,0.9945564638947113,-0.10419786719501034,0.0005382893732900958,0.10419765671815728,0.9945565490094301,0.00040535796547228314,-0.0005775966368207043,-0.0003470628973288332,0.9999997729647141,0.0,0.0,0.0
19,1774041577948781039,0.430931015,430,17.530382,17.341778002446517,11.613696501527546,0.14517120626909433,-0.14517120626909433,-0.02076554112136364,-0.029821600764989853,0.04903121292591095,-0.0035046334378421307,-0.0033804248087108135,0.011538296937942505,0.9945519113169785,-0.10424261600713236,0.0005452772715380302,0.10424249856815138,0.994552044239793,0.00023961271125614095,-0.0005672843623303579,-0.00018146626823439295,0.9999998226292333,-0.0002141990844393149,0.0007508471608161926,2.2943469957681373e-05,-0.02076554112136364,-0.029821600764989853,0.04903121292591095,-0.0035046334378421307,-0.0033804248087108135,0.011538296937942505,0.9945519113169785,-0.10424261600713236,0.0005452772715380302,0.10424249856815138,0.994552044239793,0.00023961271125614095,-0.0005672843623303579,-0.00018146626823439295,0.9999998226292333,-0.0002141990844393149,0.0007508471608161926,2.2943469957681373e-05,11.613696501527546,-0.04501993185616113,-0.002024908733558454,3.7865152206635036e-06,11.613696501527546,-0.04501993185616113,-0.002024908733558454,3.7865152206635036e-06,-0.02131165936589241,-0.030274108052253723,0.04312162101268768,0.0,0.0,0.0,0.9945564638947113,-0.10419786719501034,0.0005382893732900958,0.10419765671815728,0.9945565490094301,0.00040535796547228314,-0.0005775966368207043,-0.0003470628973288332,0.9999997729647141,0.0,0.0,0.0
20,1774041577967940049,0.450090025,450,19.15901,21.462483011418954,11.616580054218042,0.14520725067772552,-0.14520725067772552,-0.020896540954709053,-0.02973705716431141,0.049064382910728455,-0.003715872997418046,-0.003257141215726733,0.011513269506394863,0.9945522619831221,-0.10423907137614852,0.0005511416990647364,0.10423895803658767,0.9945523998394011,0.00023059788293483194,-0.0005721765033755537,-0.0001718912593674151,0.9999998215337295,-0.00073696777690202,0.0001373873237753287,0.00030273955781012774,-0.020896540954709053,-0.02973705716431141,0.049064382910728455,-0.003715872997418046,-0.003257141215726733,0.011513269506394863,0.9945522619831221,-0.10423907137614852,0.0005511416990647364,0.10423895803658767,0.9945523998394011,0.00023059788293483194,-0.0005721765033755537,-0.0001718912593674151,0.9999998215337295,-0.00073696777690202,0.0001373873237753287,0.00030273955781012774,11.616580054218042,-0.0443769915900663,-0.0014934101641203008,-9.67291619369435e-05,11.616580054218042,-0.0443769915900663,-0.0014934101641203008,-9.67291619369435e-05,-0.02131165936589241,-0.030274108052253723,0.04312162101268768,0.0,0.0,0.0,0.9945564638947113,-0.10419786719501034,0.0005382893732900958,0.10419765671815728,0.9945565490094301,0.00040535796547228314,-0.0005775966368207043,-0.0003470628973288332,0.9999997729647141,0.0,0.0,0.0
21,1774041577991760797,0.473910773,473,23.820748,12.955366997630335,11.628704713554205,0.14535880891942757,-0.14535880891942757,-0.02144526317715645,-0.029398569837212563,0.04919503629207611,-0.004357469733804464,-0.0027967975474894047,0.01148173213005066,0.9945527559313214,-0.10423413265951953,0.0006109405497406219,0.1042340103485484,0.994552930073427,0.00022882134794604062,-0.0006314635870499248,-0.00016389418178586537,0.9999997871962252,0.00032042255043052137,-0.0002678089076653123,-0.0007869360269978642,-0.02144526317715645,-0.029398569837212563,0.04919503629207611,-0.004357469733804464,-0.0027967975474894047,0.01148173213005066,0.9945527559313214,-0.10423413265951953,0.0006109405497406219,0.1042340103485484,0.994552930073427,0.00022882134794604062,-0.0006314635870499248,-0.00016389418178586537,0.9999997871962252,0.00032042255043052137,-0.0002678089076653123,-0.0007869360269978642,11.628704713554205,-0.044545432813513496,-0.0011214763970455717,0.00029498942344688905,11.628704713554205,-0.044545432813513496,-0.0011214763970455717,0.00029498942344688905,-0.02131165936589241,-0.030274108052253723,0.04312162101268768,0.0,0.0,0.0,0.9945564638947113,-0.10419786719501034,0.0005382893732900958,0.10419765671815728,0.9945565490094301,0.00040535796547228314,-0.0005775966368207043,-0.0003470628973288332,0.9999997729647141,0.0,0.0,0.0
22,1774041578006743325,0.488893301,488,14.982528,13.874954005586915,11.52705321216884,0.14408816515211048,-0.14408816515211048,-0.021601533517241478,-0.029308786615729332,0.049203380942344666,-0.004514363128691912,-0.002700881101191044,0.011479275301098824,0.9945520271725159,-0.1042398030463918,0.0006226577094942468,0.10423968353212998,0.9945522099476718,0.00022149503754499006,-0.0006423541770320465,-0.00015538270849473762,0.9999997816186446,-0.0008471481269225478,0.00038739637238904834,-0.0011941645061597228,-0.021601533517241478,-0.029308786615729332,0.049203380942344666,-0.004514363128691912,-0.002700881101191044,0.011479275301098824,0.9945520271725159,-0.1042398030463918,0.0006226577094942468,0.10423968353212998,0.9945522099476718,0.00022149503754499006,-0.0006423541770320465,-0.00015538270849473762,0.9999997816186446,-0.0008471481269225478,0.00038739637238904834,-0.0011941645061597228,11.52705321216884,-0.04331302361760726,-0.0016714229572413082,0.00044132672528909644,11.52705321216884,-0.04331302361760726,-0.0016714229572413082,0.00044132672528909644,-0.02131165936589241,-0.030274108052253723,0.04312162101268768,0.0,0.0,0.0,0.9945564638947113,-0.10419786719501034,0.0005382893732900958,0.10419765671815728,0.9945565490094301,0.00040535796547228314,-0.0005775966368207043,-0.0003470628973288332,0.9999997729647141,0.0,0.0,0.0
23,1774041578022036636,0.504186612,504,15.293311,13.954437003121711,11.356315052645137,0.1419539381580642,-0.1419539381580642,-0.022085005417466164,-0.029047684744000435,0.04923723638057709,-0.005048440769314766,-0.0025265382137149572,0.011548735201358795,0.9945524477835771,-0.10423644968301016,0.0006589788710436098,0.1042363273439062,0.9945526551520051,0.00021743941653373094,-0.0006780542001185788,-0.00014756542293502956,0.9999997592334714,0.0004719350836239755,-0.0003583736252039671,-0.0005691181868314743,-0.022085005417466164,-0.029047684744000435,0.04923723638057709,-0.005048440769314766,-0.0025265382137149572,0.011548735201358795,0.9945524477835771,-0.10423644968301016,0.0006589788710436098,0.1042363273439062,0.9945526551520051,0.00021743941653373094,-0.0006780542001185788,-0.00014756542293502956,0.9999997592334714,0.0004719350836239755,-0.0003583736252039671,-0.0005691181868314743,11.356315052645137,-0.04385368784399965,-0.0010138643005484797,0.0002167158871738639,11.356315052645137,-0.04385368784399965,-0.0010138643005484797,0.0002167158871738639,-0.02131165936589241,-0.030274108052253723,0.04312162101268768,0.0,0.0,0.0,0.9945564638947113,-0.10419786719501034,0.0005382893732900958,0.10419765671815728,0.9945565490094301,0.00040535796547228314,-0.0005775966368207043,-0.0003470628973288332,0.9999997729647141,0.0,0.0,0.0
24,1774041578037207494,0.51935747,519,15.170858,21.3632209924981,11.107872863876171,0.13884841079845214,-0.13884841079845214,-0.022257409989833832,-0.02896283194422722,0.04925134778022766,-0.005246868822723627,-0.002447491977363825,0.011602225713431835,0.9945526996784013,-0.10423308579178747,0.0006692709950000021,0.10423296514231639,0.9945529147490431,0.0002127833558047791,-0.000687804461560592,-0.00014186417417086025,0.9999997533997653,-0.0005445202114060521,0.00039054470835253596,0.0003797414537984878,-0.022257409989833832,-0.02896283194422722,0.04925134778022766,-0.005246868822723627,-0.002447491977363825,0.011602225713431835,0.9945526996784013,-0.10423308579178747,0.0006692709950000021,0.10423296514231639,0.9945529147490431,0.0002127833558047791,-0.000687804461560592,-0.00014186417417086025,0.9999997533997653,-0.0005445202114060521,0.00039054470835253596,0.0003797414537984878,11.107872863876171,-0.04275679866761298,-0.0016437768631368044,-0.00012441884306190626,11.107872863876171,-0.04275679866761298,-0.0016437768631368044,-0.00012441884306190626,-0.02131165936589241,-0.030274108052253723,0.04312162101268768,0.0,0.0,0.0,0.9945564638947113,-0.10419786719501034,0.0005382893732900958,0.10419765671815728,0.9945565490094301,0.00040535796547228314,-0.0005775966368207043,-0.0003470628973288332,0.9999997729647141,0.0,0.0,0.0
25,1774041578060193263,0.542343239,542,22.985769,15.790392004419118,11.007448618448787,0.13759310773060984,-0.13759310773060984,-0.022600190714001656,-0.028797512874007225,0.04928489029407501,-0.0056091779842972755,-0.0023496339563280344,0.011617344804108143,0.9945539376870924,-0.10422228628963714,0.000689540399220933,0.10422216484286051,0.9945541673044518,0.00020987397622922697,-0.0007076587004791,-0.00013686567024736793,0.9999997402434769,-0.000534702034201473,0.0006443882593885064,3.892330641974695e-05,-0.022600190714001656,-0.028797512874007225,0.04928489029407501,-0.0056091779842972755,-0.0023496339563280344,0.011617344804108143,0.9945539376870924,-0.10422228628963714,0.000689540399220933,0.10422216484286051,0.9945541673044518,0.00020987397622922697,-0.0007076587004791,-0.00013686567024736793,0.9999997402434769,-0.000534702034201473,0.0006443882593885064,3.892330641974695e-05,11.007448618448787,-0.04235986614684555,-0.0018452240134741876,-1.923506725551973e-06,11.007448618448787,-0.04235986614684555,-0.0018452240134741876,-1.923506725551973e-06,-0.02131165936589241,-0.030274108052253723,0.04312162101268768,0.0,0.0,0.0,0.9945564638947113,-0.10419786719501034,0.0005382893732900958,0.10419765671815728,0.9945565490094301,0.00040535796547228314,-0.0005775966368207043,-0.0003470628973288332,0.9999997729647141,0.0,0.0,0.0
26,1774041578077346976,0.559496952,559,17.153713,29.601136004203,11.257340682859809,0.1407167585357476,-0.1407167585357476,-0.02317485213279724,-0.02855512872338295,0.04931865632534027,-0.00633198069408536,-0.0022076901514083147,0.011519978754222393,0.9945549055572139,-0.10421149750854752,0.0007230378619505831,0.10421136601926184,0.9945551584165263,0.00021731110889895017,-0.0007417473430943247,-0.0001407790711628401,0.9999997149960279,0.00026140178670175374,-0.00011850860028062016,-0.0003836355172097683,-0.02317485213279724,-0.02855512872338295,0.04931865632534027,-0.00633198069408536,-0.0022076901514083147,0.011519978754222393,0.9945549055572139,-0.10421149750854752,0.0007230378619505831,0.10421136601926184,0.9945551584165263,0.00021731110889895017,-0.0007417473430943247,-0.0001407790711628401,0.9999997149960279,0.00026140178670175374,-0.00011850860028062016,-0.0003836355172097683,11.257340682859809,-0.04244297582941829,-0.0011702163100825527,0.00015011624402829385,11.257340682859809,-0.04244297582941829,-0.0011702163100825527,0.00015011624402829385,-0.02131165936589241,-0.030274108052253723,0.04312162101268768,0.0,0.0,0.0,0.9945564638947113,-0.10419786719501034,0.0005382893732900958,0.10419765671815728,0.9945565490094301,0.00040535796547228314,-0.0005775966368207043,-0.0003470628973288332,0.9999997729647141,0.0,0.0,0.0
27,1774041578110197195,0.592347171,592,32.850219,16.12388099601958,11.159128868464322,0.139489110855804,-0.139489110855804,-0.023776115849614143,-0.028309416025877,0.04934622347354889,-0.006907690316438675,-0.0019523361697793007,0.011510866694152355,0.9945565058870658,-0.10419680666587561,0.0007621931454855554,0.10419667658880982,0.9945567897117611,0.00020853322338437036,-0.0007797727748804564,-0.00012798013844137618,0.9999996877877312,-0.0005567023763433099,-0.0005982014117762446,0.00018833034846466035,-0.023776115849614143,-0.028309416025877,0.04934622347354889,-0.006907690316438675,-0.0019523361697793007,0.011510866694152355,0.9945565058870658,-0.10419680666587561,0.0007621931454855554,0.10419667658880982,0.9945567897117611,0.00020853322338437036,-0.0007797727748804564,-0.00012798013844137618,0.9999996877877312,-0.0005567023763433099,-0.0005982014117762446,0.00018833034846466035,11.159128868464322,-0.04110021565694008,-0.0007350604525825917,-5.541937078217323e-05,11.159128868464322,-0.04110021565694008,-0.0007350604525825917,-5.541937078217323e-05,-0.02131165936589241,-0.030274108052253723,0.04312162101268768,0.0,0.0,0.0,0.9945564638947113,-0.10419786719501034,0.0005382893732900958,0.10419765671815728,0.9945565490094301,0.00040535796547228314,-0.0005775966368207043,-0.0003470628973288332,0.9999997729647141,0.0,0.0,0.0
28,1774041578127654498,0.609804474,609,17.457303,16.0404939961154,11.41614384775081,0.14270179809688513,-0.14270179809688513,-0.024407673627138138,-0.02805251255631447,0.049362197518348694,-0.007569096051156521,-0.0017265725182369351,0.011397160589694977,0.9945573168264884,-0.10418902730831325,0.0008077842958774256,0.10418890016941385,0.9945576384748863,0.00019802206961047272,-0.0008240196470932527,-0.0001127822234366499,0.9999996541358769,-0.00015595841978210956,0.00036998686846345663,-0.0005316954920999706,-0.024407673627138138,-0.02805251255631447,0.049362197518348694,-0.007569096051156521,-0.0017265725182369351,0.011397160589694977,0.9945573168264884,-0.10418902730831325,0.0008077842958774256,0.10418890016941385,0.9945576384748863,0.00019802206961047272,-0.0008240196470932527,-0.0001127822234366499,0.9999996541358769,-0.00015595841978210956,0.00036998686846345663,-0.0005316954920999706,11.41614384775081,-0.04079099528977091,-0.0015373590589290499,0.00020338851817173573,11.41614384775081,-0.04079099528977091,-0.0015373590589290499,0.00020338851817173573,-0.02131165936589241,-0.030274108052253723,0.04312162101268768,0.0,0.0,0.0,0.9945564638947113,-0.10419786719501034,0.0005382893732900958,0.10419765671815728,0.9945565490094301,0.00040535796547228314,-0.0005775966368207043,-0.0003470628973288332,0.9999997729647141,0.0,0.0,0.0
