step,timestamp_ns,experiment_time_s,reference_index,tick_dt_ms,solver_ms,px4_collective_command_newton,px4_collective_normalized,px4_thrust_body_z,state_raw_0,state_raw_1,state_raw_2,state_raw_3,state_raw_4,state_raw_5,state_raw_6,state_raw_7,state_raw_8,state_raw_9,state_raw_10,state_raw_11,state_raw_12,state_raw_13,state_raw_14,state_raw_15,state_raw_16,state_raw_17,state_used_0,state_used_1,state_used_2,state_used_3,state_used_4,state_used_5,state_used_6,state_used_7,state_used_8,state_used_9,state_used_10,state_used_11,state_used_12,state_used_13,state_used_14,state_used_15,state_used_16,state_used_17,control_raw_0,control_raw_1,control_raw_2,control_raw_3,control_used_0,control_used_1,control_used_2,control_used_3,reference_0,reference_1,reference_2,reference_3,reference_4,reference_5,reference_6,reference_7,reference_8,reference_9,reference_10,reference_11,reference_12,reference_13,reference_14,reference_15,reference_16,reference_17
0,1773773381934989082,0.0,0,0.0,51.14914999285247,80.0,1.0,-1.0,-0.0070132422260940075,-0.03047052212059498,0.04867182672023773,0.0072281938046216965,-0.01370746549218893,0.0014810676220804453,0.9946627716893114,-0.10317898921991397,-0.00012799050447239238,0.10317892145573482,0.9946626828746706,-0.00045502359536299386,0.00017425626758138524,0.00043938911545550116,0.9999998882859704,-0.0002619055740069598,-0.00029485858976840973,-0.00020476942881941795,-0.0070132422260940075,-0.03047052212059498,0.04867182672023773,0.0072281938046216965,-0.01370746549218893,0.0014810676220804453,0.9946627716893114,-0.10317898921991397,-0.00012799050447239238,0.10317892145573482,0.9946626828746706,-0.00045502359536299386,0.00017425626758138524,0.00043938911545550116,0.9999998882859704,-0.0002619055740069598,-0.00029485858976840973,-0.00020476942881941795,40.0007361379752,-0.5214591270030055,-0.026353118821553036,0.0025068094804690886,40.0007361379752,-0.5214591270030055,-0.026353118821553036,0.0025068094804690886,-0.009464881382882595,-0.03144771233201027,0.0412849485874176,0.0,0.0,0.0,0.9946636817646509,-0.10317096364014167,1.291859041692607e-05,0.10317096172962792,0.9946636190011998,-0.0003541442583586147,2.368773748291121e-05,0.00035358724071956303,0.9999999372074777,0.0,0.0,0.0
1,1773773381997623179,0.062634097,62,62.634097,16.689942000084557,80.0,1.0,-1.0,-0.0070132422260940075,-0.03047052212059498,0.04867182672023773,0.0072281938046216965,-0.01370746549218893,0.0014810676220804453,0.9946627716893114,-0.10317898921991397,-0.00012799050447239238,0.10317892145573482,0.9946626828746706,-0.00045502359536299386,0.00017425626758138524,0.00043938911545550116,0.9999998882859704,-0.0002619055740069598,-0.00029485858976840973,-0.00020476942881941795,-0.0070132422260940075,-0.03047052212059498,0.04867182672023773,0.0072281938046216965,-0.01370746549218893,0.0014810676220804453,0.9946627716893114,-0.10317898921991397,-0.00012799050447239238,0.10317892145573482,0.9946626828746706,-0.00045502359536299386,0.00017425626758138524,0.00043938911545550116,0.9999998882859704,-0.0002619055740069598,-0.00029485858976840973,-0.00020476942881941795,40.0007361379752,-0.5214591270030055,-0.026353118821553036,0.0025068094804690886,40.0007361379752,-0.5214591270030055,-0.026353118821553036,0.0025068094804690886,-0.009464881382882595,-0.03144771233201027,0.0412849485874176,0.0,0.0,0.0,0.9946636817646509,-0.10317096364014167,1.291859041692607e-05,0.10317096172962792,0.9946636190011998,-0.0003541442583586147,2.368773748291121e-05,0.00035358724071956303,0.9999999372074777,0.0,0.0,0.0
2,1773773382018581431,0.083592349,83,20.958252,14.225243008695543,80.0,1.0,-1.0,-0.006998926866799593,-0.03049323335289955,0.04896034300327301,0.007295271381735802,-0.013735148124396801,0.001623619464226067,0.9946624392075941,-0.10318394872212489,-0.0001319496114450102,0.10318387900808146,0.9946623505714959,-0.00045620543982693215,0.00017831829947109138,0.00044015529914100994,0.999999887232958,-0.0006078506703488529,0.00040498923044651747,-0.0004678786499425769,-0.006998926866799593,-0.03049323335289955,0.04896034300327301,0.007295271381735802,-0.013735148124396801,0.001623619464226067,0.9946624392075941,-0.10318394872212489,-0.0001319496114450102,0.10318387900808146,0.9946623505714959,-0.00045620543982693215,0.00017831829947109138,0.00044015529914100994,0.999999887232958,-0.0006078506703488529,0.00040498923044651747,-0.0004678786499425769,40.00074369235078,-0.5176133031458672,-0.034920013401890916,0.005265817148860737,40.00074369235078,-0.5176133031458672,-0.034920013401890916,0.005265817148860737,-0.009464881382882595,-0.03144771233201027,0.0412849485874176,0.0,0.0,0.0,0.9946636817646509,-0.10317096364014167,1.291859041692607e-05,0.10317096172962792,0.9946636190011998,-0.0003541442583586147,2.368773748291121e-05,0.00035358724071956303,0.9999999372074777,0.0,0.0,0.0
3,1773773382037754109,0.102765027,102,19.172678,16.368705008062534,80.0,1.0,-1.0,-0.0069834147579967976,-0.03051864542067051,0.04924359917640686,0.007303181104362011,-0.013779567554593086,0.0017755260923877358,0.9946617613627847,-0.10318872871441043,-0.00012967544902076078,0.10318866016746475,0.9946616727397174,-0.00045526059538707545,0.00017596097539340771,0.0004394492768563067,0.9999998879610253,-0.00041181803680956364,0.0005147777264937758,-0.00010381440370110795,-0.0069834147579967976,-0.03051864542067051,0.04924359917640686,0.007303181104362011,-0.013779567554593086,0.0017755260923877358,0.9946617613627847,-0.10318872871441043,-0.00012967544902076078,0.10318866016746475,0.9946616727397174,-0.00045526059538707545,0.00017596097539340771,0.0004394492768563067,0.9999998879610253,-0.00041181803680956364,0.0005147777264937758,-0.00010381440370110795,40.00074820294443,-0.520461774758487,-0.036302265230608935,0.0014437231691738358,40.00074820294443,-0.520461774758487,-0.036302265230608935,0.0014437231691738358,-0.009464881382882595,-0.03144771233201027,0.0412849485874176,0.0,0.0,0.0,0.9946636817646509,-0.10317096364014167,1.291859041692607e-05,0.10317096172962792,0.9946636190011998,-0.0003541442583586147,2.368773748291121e-05,0.00035358724071956303,0.9999999372074777,0.0,0.0,0.0
4,1773773382058868023,0.123878941,123,21.113914,17.34404099988751,80.0,1.0,-1.0,-0.0069670299999415874,-0.030546559020876884,0.0495217889547348,0.007323690690100193,-0.013804987072944641,0.0019471861887723207,0.9946617713174843,-0.1031903203258897,-0.0001253499090415125,0.10319025412533467,0.9946616830798094,-0.00045266805349257044,0.00017139162886946075,0.00043731667690924056,0.9999998896895256,0.0005955070955678821,-0.0005071383202448487,0.000602458487264812,-0.0069670299999415874,-0.030546559020876884,0.0495217889547348,0.007323690690100193,-0.013804987072944641,0.0019471861887723207,0.9946617713174843,-0.1031903203258897,-0.0001253499090415125,0.10319025412533467,0.9946616830798094,-0.00045266805349257044,0.00017139162886946075,0.00043731667690924056,0.9999998896895256,0.0005955070955678821,-0.0005071383202448487,0.000602458487264812,40.000747612677664,-0.533322179248807,-0.023906192861465798,-0.00596892571278221,40.000747612677664,-0.533322179248807,-0.023906192861465798,-0.00596892571278221,-0.009464881382882595,-0.03144771233201027,0.0412849485874176,0.0,0.0,0.0,0.9946636817646509,-0.10317096364014167,1.291859041692607e-05,0.10317096172962792,0.9946636190011998,-0.0003541442583586147,2.368773748291121e-05,0.00035358724071956303,0.9999999372074777,0.0,0.0,0.0
5,1773773382081864637,0.146875555,146,22.996614,14.638644992373884,80.0,1.0,-1.0,-0.006958173122256994,-0.03061721660196781,0.050402313470840454,0.007401518989354372,-0.013715188018977642,0.0023264694027602673,0.9946604643477891,-0.10320254231867398,-0.00012692711232410551,0.10320247348565292,0.9946603714289487,-0.0004638570300810104,0.00017412052979850871,0.000448281024917627,0.9999998843630867,-0.0005903523997403681,0.0008363501983694732,-0.0008487582672387362,-0.006958173122256994,-0.03061721660196781,0.050402313470840454,0.007401518989354372,-0.013715188018977642,0.0023264694027602673,0.9946604643477891,-0.10320254231867398,-0.00012692711232410551,0.10320247348565292,0.9946603714289487,-0.0004638570300810104,0.00017412052979850871,0.000448281024917627,0.9999998843630867,-0.0005903523997403681,0.0008363501983694732,-0.0008487582672387362,40.00030311412377,-0.5200567016735276,-0.04038761240617317,0.009256854088316741,40.00030311412377,-0.5200567016735276,-0.04038761240617317,0.009256854088316741,-0.009464881382882595,-0.03144771233201027,0.0412849485874176,0.0,0.0,0.0,0.9946636817646509,-0.10317096364014167,1.291859041692607e-05,0.10317096172962792,0.9946636190011998,-0.0003541442583586147,2.368773748291121e-05,0.00035358724071956303,0.9999999372074777,0.0,0.0,0.0
6,1773773382100732576,0.165743494,165,18.867939,14.46828899497632,80.0,1.0,-1.0,-0.00696197897195816,-0.030667072162032127,0.050987452268600464,0.007354799658060074,-0.013689564540982246,0.0026264195330441,0.9946593486985147,-0.10321263092195943,-0.00011319568885721082,0.10321256860462635,0.9946592544662327,-0.0004616656356158759,0.00016024084181128287,0.0004475168105223318,0.9999998870257861,-0.00041973916813731194,-0.00029117826488800347,-0.0008065298898145556,-0.00696197897195816,-0.030667072162032127,0.050987452268600464,0.007354799658060074,-0.013689564540982246,0.0026264195330441,0.9946593486985147,-0.10321263092195943,-0.00011319568885721082,0.10321256860462635,0.9946592544662327,-0.0004616656356158759,0.00016024084181128287,0.0004475168105223318,0.9999998870257861,-0.00041973916813731194,-0.00029117826488800347,-0.0008065298898145556,40.0000354430143,-0.523017433801501,-0.02671656734214708,0.00881344327359108,40.0000354430143,-0.523017433801501,-0.02671656734214708,0.00881344327359108,-0.009464881382882595,-0.03144771233201027,0.0412849485874176,0.0,0.0,0.0,0.9946636817646509,-0.10317096364014167,1.291859041692607e-05,0.10317096172962792,0.9946636190011998,-0.0003541442583586147,2.368773748291121e-05,0.00035358724071956303,0.9999999372074777,0.0,0.0,0.0
7,1773773382120258503,0.185269421,185,19.525927,16.092267003841698,79.9999009857767,0.9999987623222089,-0.9999987623222089,-0.007037966046482325,-0.030687345191836357,0.05187034606933594,0.007212724070996046,-0.013605182059109211,0.003139594104140997,0.9946590042590091,-0.10321598932849518,-0.00010414965819814312,0.10321593279372876,0.9946589137034434,-0.0004501794494383843,0.0001500590797250019,0.000437025125812604,0.9999998932456544,0.0005707070231437683,0.0012079797452315688,-0.0003831644426099956,-0.007037966046482325,-0.030687345191836357,0.05187034606933594,0.007212724070996046,-0.013605182059109211,0.003139594104140997,0.9946590042590091,-0.10321598932849518,-0.00010414965819814312,0.10321593279372876,0.9946589137034434,-0.0004501794494383843,0.0001500590797250019,0.000437025125812604,0.9999998932456544,0.0005707070231437683,0.0012079797452315688,-0.0003831644426099956,39.999900985776705,-0.535155710579733,-0.045045398808927085,0.004365168864194695,39.999900985776705,-0.535155710579733,-0.045045398808927085,0.004365168864194695,-0.009464881382882595,-0.03144771233201027,0.0412849485874176,0.0,0.0,0.0,0.9946636817646509,-0.10317096364014167,1.291859041692607e-05,0.10317096172962792,0.9946636190011998,-0.0003541442583586147,2.368773748291121e-05,0.00035358724071956303,0.9999999372074777,0.0,0.0,0.0
8,1773773382141253940,0.206264858,206,20.995437,17.332055998849683,79.99961624222277,0.9999952030277847,-0.9999952030277847,-0.00711704371497035,-0.030696356669068336,0.052416980266571045,0.007132108323276043,-0.013530181720852852,0.0034044235944747925,0.9946595483346046,-0.10321032064265245,-9.904204044119524e-05,0.1032102668013668,0.994659458408526,-0.00044700663626226836,0.00014464880131652771,0.00043439726393585277,0.999999895187865,-0.0002839181397575885,0.00018624593212734908,-0.0003885842452291399,-0.00711704371497035,-0.030696356669068336,0.052416980266571045,0.007132108323276043,-0.013530181720852852,0.0034044235944747925,0.9946595483346046,-0.10321032064265245,-9.904204044119524e-05,0.1032102668013668,0.994659458408526,-0.00044700663626226836,0.00014464880131652771,0.00043439726393585277,0.999999895187865,-0.0002839181397575885,0.00018624593212734908,-0.0003885842452291399,39.99961624222277,-0.5245871427456986,-0.03258146990896774,0.004420468019878479,39.99961624222277,-0.5245871427456986,-0.03258146990896774,0.004420468019878479,-0.009464881382882595,-0.03144771233201027,0.0412849485874176,0.0,0.0,0.0,0.9946636817646509,-0.10317096364014167,1.291859041692607e-05,0.10317096172962792,0.9946636190011998,-0.0003541442583586147,2.368773748291121e-05,0.00035358724071956303,0.9999999372074777,0.0,0.0,0.0
9,1773773382163326447,0.228337365,228,22.072507,14.974934005294926,30.06401210545588,0.3758001513181985,-0.3758001513181985,-0.00727259973064065,-0.030622417107224464,0.05325812101364136,0.007123708724975586,-0.005996970925480127,0.014682590030133724,0.9946549474680482,-0.10325440633375171,-7.117399426107701e-05,0.10325425105646158,0.9946542654738706,-0.00118060541721738,0.0001926962645404165,0.0011669460305662252,0.9999993005522927,-0.07865743339061737,0.00016851667896844447,-0.004530377686023712,-0.00727259973064065,-0.030622417107224464,0.05325812101364136,0.007123708724975586,-0.005996970925480127,0.014682590030133724,0.9946549474680482,-0.10325440633375171,-7.117399426107701e-05,0.10325425105646158,0.9946542654738706,-0.00118060541721738,0.0001926962645404165,0.0011669460305662252,0.9999993005522927,-0.07865743339061737,0.00016851667896844447,-0.004530377686023712,-9.93598789454412,0.42953530045058574,-0.03132479718571761,0.04790187143876257,-9.93598789454412,0.42953530045058574,-0.03132479718571761,0.04790187143876257,-0.009464881382882595,-0.03144771233201027,0.0412849485874176,0.0,0.0,0.0,0.9946636817646509,-0.10317096364014167,1.291859041692607e-05,0.10317096172962792,0.9946636190011998,-0.0003541442583586147,2.368773748291121e-05,0.00035358724071956303,0.9999999372074777,0.0,0.0,0.0
10,1773773382182342874,0.247353792,247,19.016427,15.819594002095982,0.000314867751747272,3.9358468968409e-06,-3.9358468968409e-06,-0.007397102192044258,-0.030494172126054764,0.05410042405128479,0.0062166485004127026,-0.0033370135352015495,0.033250678330659866,0.9946453401383195,-0.10334850492110625,-2.56377584391676e-05,0.10334769583998216,0.9946384756993751,-0.003717957556269441,0.00040974515674321865,0.0036953991112468887,0.9999930880441056,-0.20738083124160767,-0.002354140393435955,-0.007455491926521063,-0.007397102192044258,-0.030494172126054764,0.05410042405128479,0.0062166485004127026,-0.0033370135352015495,0.033250678330659866,0.9946453401383195,-0.10334850492110625,-2.56377584391676e-05,0.10334769583998216,0.9946384756993751,-0.003717957556269441,0.00040974515674321865,0.0036953991112468887,0.9999930880441056,-0.20738083124160767,-0.002354140393435955,-0.007455491926521063,-39.99968513224825,2.0039194892999914,0.0006967711756152109,0.07862427150528409,-39.99968513224825,2.0039194892999914,0.0006967711756152109,0.07862427150528409,-0.009464881382882595,-0.03144771233201027,0.0412849485874176,0.0,0.0,0.0,0.9946636817646509,-0.10317096364014167,1.291859041692607e-05,0.10317096172962792,0.9946636190011998,-0.0003541442583586147,2.368773748291121e-05,0.00035358724071956303,0.9999999372074777,0.0,0.0,0.0
11,1773773382202670666,0.267681584,267,20.327792,16.28002199868206,39.9117947153432,0.49889743394179,-0.49889743394179,-0.007600972894579172,-0.0302351713180542,0.055968016386032104,0.004818849265575409,0.00021286989795044065,0.06502556800842285,0.9946256054346181,-0.10353747571820149,0.0001441987657553323,0.10353193959104567,0.9945559616748652,-0.011819527843223376,0.0010803496063236384,0.011770933541945361,0.9999301365476345,-0.43217846751213074,-0.009078530594706535,-0.007971595041453838,-0.007600972894579172,-0.0302351713180542,0.055968016386032104,0.004818849265575409,0.00021286989795044065,0.06502556800842285,0.9946256054346181,-0.10353747571820149,0.0001441987657553323,0.10353193959104567,0.9945559616748652,-0.011819527843223376,0.0010803496063236384,0.011770933541945361,0.9999301365476345,-0.43217846751213074,-0.009078530594706535,-0.007971595041453838,-0.08820528465680262,3.9999999844481544,0.08233303299017722,0.08407760936878084,-0.08820528465680262,3.9999999844481544,0.08233303299017722,0.08407760936878084,-0.009464881382882595,-0.03144771233201027,0.0412849485874176,0.0,0.0,0.0,0.9946636817646509,-0.10317096364014167,1.291859041692607e-05,0.10317096172962792,0.9946636190011998,-0.0003541442583586147,2.368773748291121e-05,0.00035358724071956303,0.9999999372074777,0.0,0.0,0.0
12,1773773382223359007,0.288369925,288,20.688341,19.849225995130837,39.83334501223368,0.497916812652921,-0.497916812652921,-0.00774563942104578,-0.030006933957338333,0.05765315890312195,0.004267610609531403,0.0035207767505198717,0.08663757145404816,0.9946130381816791,-0.10365828555747592,0.0003728721233791088,0.10364446017024243,0.9944073586722235,-0.020300389415790543,0.0017335140353548772,0.02022967555702171,0.9997938563560475,-0.589849591255188,-0.015487436205148697,-0.0074035003781318665,-0.00774563942104578,-0.030006933957338333,0.05765315890312195,0.004267610609531403,0.0035207767505198717,0.08663757145404816,0.9946130381816791,-0.10365828555747592,0.0003728721233791088,0.10364446017024243,0.9944073586722235,-0.020300389415790543,0.0017335140353548772,0.02022967555702171,0.9997938563560475,-0.589849591255188,-0.015487436205148697,-0.0074035003781318665,-0.16665498776632254,3.9999922404665194,0.15844134980700206,0.07813053857304517,-0.16665498776632254,3.9999922404665194,0.15844134980700206,0.07813053857304517,-0.009464881382882595,-0.03144771233201027,0.0412849485874176,0.0,0.0,0.0,0.9946636817646509,-0.10317096364014167,1.291859041692607e-05,0.10317096172962792,0.9946636190011998,-0.0003541442583586147,2.368773748291121e-05,0.00035358724071956303,0.9999999372074777,0.0,0.0,0.0
13,1773773382244321920,0.309332838,309,20.962913,19.625296001322567,39.775384139482846,0.49719230174353557,-0.49719230174353557,-0.007964100688695908,-0.02954752743244171,0.060908496379852295,0.004366965498775244,0.010931949131190777,0.1193043664097786,0.9945943766212578,-0.10383214665869733,0.0010321405181663579,0.10379657964873634,0.9938771817434217,-0.037875739708236766,0.0029068956059523643,0.03777812767239053,0.9992819237470908,-0.8365203738212585,-0.03498373553156853,-0.00850505381822586,-0.007964100688695908,-0.02954752743244171,0.060908496379852295,0.004366965498775244,0.010931949131190777,0.1193043664097786,0.9945943766212578,-0.10383214665869733,0.0010321405181663579,0.10379657964873634,0.9938771817434217,-0.037875739708236766,0.0029068956059523643,0.03777812767239053,0.9992819237470908,-0.8365203738212585,-0.03498373553156853,-0.00850505381822586,-0.22461586051715252,3.999960720299143,0.39004011086740153,0.08972650078783806,-0.22461586051715252,3.999960720299143,0.39004011086740153,0.08972650078783806,-0.009464881382882595,-0.03144771233201027,0.0412849485874176,0.0,0.0,0.0,0.9946636817646509,-0.10317096364014167,1.291859041692607e-05,0.10317096172962792,0.9946636190011998,-0.0003541442583586147,2.368773748291121e-05,0.00035358724071956303,0.9999999372074777,0.0,0.0,0.0
14,1773773382267408216,0.332419134,332,23.086296,16.243477002717555,0.00032509545719960897,4.063693214995112e-06,-4.063693214995112e-06,-0.008220786228775978,-0.028571194037795067,0.06662467122077942,0.005369938910007477,0.028644690290093422,0.16322028636932373,0.9945754412693641,-0.10398200286608028,0.0027119149494492234,0.10391334334728164,0.9920774452464916,-0.07059942982389211,0.004650643193548465,0.07049826587965136,0.9975010605730013,-1.1715490818023682,-0.06472580134868622,-0.008261692710220814,-0.008220786228775978,-0.028571194037795067,0.06662467122077942,0.005369938910007477,0.028644690290093422,0.16322028636932373,0.9945754412693641,-0.10398200286608028,0.0027119149494492234,0.10391334334728164,0.9920774452464916,-0.07059942982389211,0.004650643193548465,0.07049826587965136,0.9975010605730013,-1.1715490818023682,-0.06472580134868622,-0.008261692710220814,-39.9996749045428,3.9989561823222783,0.7389398679601642,0.0872522858031332,-39.9996749045428,3.9989561823222783,0.7389398679601642,0.0872522858031332,-0.009464881382882595,-0.03144771233201027,0.0412849485874176,0.0,0.0,0.0,0.9946636817646509,-0.10317096364014167,1.291859041692607e-05,0.10317096172962792,0.9946636190011998,-0.0003541442583586147,2.368773748291121e-05,0.00035358724071956303,0.9999999372074777,0.0,0.0,0.0
15,1773773382287298479,0.352309397,352,19.890263,17.288791001192294,0.0006274961008330138,7.843701260412672e-06,-7.843701260412672e-06,-0.008326017297804356,-0.027824705466628075,0.07008673250675201,0.006099367514252663,0.04229019209742546,0.1845012754201889,0.9945699489259134,-0.10399577259161141,0.00395734877702969,0.10392355720019286,0.9904185462063715,-0.09094593015253771,0.00553855345360077,0.09086334379877803,0.9958479692194567,-1.3381909132003784,-0.08236376196146011,-0.007507373113185167,-0.008326017297804356,-0.027824705466628075,0.07008673250675201,0.006099367514252663,0.04229019209742546,0.1845012754201889,0.9945699489259134,-0.10399577259161141,0.00395734877702969,0.10392355720019286,0.9904185462063715,-0.09094593015253771,0.00553855345360077,0.09086334379877803,0.9958479692194567,-1.3381909132003784,-0.08236376196146011,-0.007507373113185167,-39.99937250389917,3.999518333580366,0.944413456443823,0.0793748652841975,-39.99937250389917,3.999518333580366,0.944413456443823,0.0793748652841975,-0.009464881382882595,-0.03144771233201027,0.0412849485874176,0.0,0.0,0.0,0.9946636817646509,-0.10317096364014167,1.291859041692607e-05,0.10317096172962792,0.9946636190011998,-0.0003541442583586147,2.368773748291121e-05,0.00035358724071956303,0.9999999372074777,0.0,0.0,0.0
16,1773773382307425213,0.372436131,372,20.126734,17.30191298702266,39.77079327395132,0.4971349159243915,-0.4971349159243915,-0.008445609360933304,-0.026233749464154243,0.07584863901138306,0.007346520200371742,0.06516829878091812,0.17365938425064087,0.9945696231275535,-0.1038813931454432,0.006320282084053108,0.10384949374115893,0.9866151720115325,-0.12572115995797617,0.006824401544538006,0.12569480327507554,0.9920454849218094,-1.5043078660964966,-0.10696882754564285,-0.005579251796007156,-0.008445609360933304,-0.026233749464154243,0.07584863901138306,0.007346520200371742,0.06516829878091812,0.17365938425064087,0.9945696231275535,-0.1038813931454432,0.006320282084053108,0.10384949374115893,0.9866151720115325,-0.12572115995797617,0.006824401544538006,0.12569480327507554,0.9920454849218094,-1.5043078660964966,-0.10696882754564285,-0.005579251796007156,-0.2292067260486781,4.00047172929388,1.2222885849006262,0.05901680454398505,-0.2292067260486781,4.00047172929388,1.2222885849006262,0.05901680454398505,-0.009464881382882595,-0.03144771233201027,0.0412849485874176,0.0,0.0,0.0,0.9946636817646509,-0.10317096364014167,1.291859041692607e-05,0.10317096172962792,0.9946636190011998,-0.0003541442583586147,2.368773748291121e-05,0.00035358724071956303,0.9999999372074777,0.0,0.0,0.0
17,1773773382329235380,0.394246298,394,21.810167,23.488278005970642,39.82804616315164,0.4978505770393955,-0.4978505770393955,-0.008505677804350853,-0.02477671019732952,0.07897642254829407,0.008043920621275902,0.11205340921878815,0.10938592255115509,0.9945008739208698,-0.10446681956388937,0.007395752579165471,0.10441938884040591,0.9836722062159571,-0.14657961566238287,0.008037709880701183,0.14654581571582925,0.9891712284197629,-0.9737911820411682,0.0316176563501358,-0.12169736623764038,-0.008505677804350853,-0.02477671019732952,0.07897642254829407,0.008043920621275902,0.11205340921878815,0.10938592255115509,0.9945008739208698,-0.10446681956388937,0.007395752579165471,0.10441938884040591,0.9836722062159571,-0.14657961566238287,0.008037709880701183,0.14654581571582925,0.9891712284197629,-0.9737911820411682,0.0316176563501358,-0.12169736623764038,-0.17195383684836102,3.999987128117298,-0.49097210912840117,1.2775244342537893,-0.17195383684836102,3.999987128117298,-0.49097210912840117,1.2775244342537893,-0.009464881382882595,-0.03144771233201027,0.0412849485874176,0.0,0.0,0.0,0.9946636817646509,-0.10317096364014167,1.291859041692607e-05,0.10317096172962792,0.9946636190011998,-0.0003541442583586147,2.368773748291121e-05,0.00035358724071956303,0.9999999372074777,0.0,0.0,0.0
18,1773773382356095429,0.421106347,421,26.860049,22.80618599615991,40.22335352482185,0.5027919190602732,-0.5027919190602732,-0.007821951061487198,-0.020753271877765656,0.08287671208381653,0.056292835623025894,0.08790359646081924,0.018702510744333267,0.993864255411443,-0.11057241598513379,0.002778369068865416,0.10950703266739215,0.9801328776955196,-0.16537196987870306,0.015562396239690024,0.164661530357046,0.9862273540816923,-0.38046345114707947,0.26027169823646545,-0.13756594061851501,-0.007821951061487198,-0.020753271877765656,0.08287671208381653,0.056292835623025894,0.08790359646081924,0.018702510744333267,0.993864255411443,-0.11057241598513379,0.002778369068865416,0.10950703266739215,0.9801328776955196,-0.16537196987870306,0.015562396239690024,0.164661530357046,0.9862273540816923,-0.38046345114707947,0.26027169823646545,-0.13756594061851501,0.22335352482185267,4.000000380899637,-3.3017631864899935,1.4437282663946571,0.22335352482185267,4.000000380899637,-3.3017631864899935,1.4437282663946571,-0.009464881382882595,-0.03144771233201027,0.0412849485874176,0.0,0.0,0.0,0.9946636817646509,-0.10317096364014167,1.291859041692607e-05,0.10317096172962792,0.9946636190011998,-0.0003541442583586147,2.368773748291121e-05,0.00035358724071956303,0.9999999372074777,0.0,0.0,0.0
19,1773773382384270582,0.4492815,449,28.175153,15.91304098838009,25.782534558977197,0.32228168198721496,-0.32228168198721496,-0.007108243647962809,-0.018992885947227478,0.08395963907241821,0.035612575709819794,0.06746885180473328,0.017174042761325836,0.9935411913336553,-0.11347093133573316,-0.0007244066440157404,0.11177170541951087,0.9797244206331256,-0.16627513632995017,0.019577090431375677,0.16512020850511044,0.9860791336007642,0.14362628757953644,0.20236319303512573,-0.1709204912185669,-0.007108243647962809,-0.018992885947227478,0.08395963907241821,0.035612575709819794,0.06746885180473328,0.017174042761325836,0.9935411913336553,-0.11347093133573316,-0.0007244066440157404,0.11177170541951087,0.9797244206331256,-0.16627513632995017,0.019577090431375677,0.16512020850511044,0.9860791336007642,0.14362628757953644,0.20236319303512573,-0.1709204912185669,-14.217465441022801,-2.0877295142404058,-2.600552510961182,1.7940060872501555,-14.217465441022801,-2.0877295142404058,-2.600552510961182,1.7940060872501555,-0.009464881382882595,-0.03144771233201027,0.0412849485874176,0.0,0.0,0.0,0.9946636817646509,-0.10317096364014167,1.291859041692607e-05,0.10317096172962792,0.9946636190011998,-0.0003541442583586147,2.368773748291121e-05,0.00035358724071956303,0.9999999372074777,0.0,0.0,0.0
20,1773773382404101174,0.469112092,469,19.830592,16.650238991132937,79.99950064001158,0.9999937580001447,-0.9999937580001447,-0.006379702594131231,-0.01640416495501995,0.08448401093482971,0.03872004523873329,0.08841440826654434,-0.08405888080596924,0.9929542092926386,-0.11837440244675035,-0.0054422482615312795,0.11626710761824244,0.9820930445484305,-0.14824098681264886,0.0228927187032113,0.1465637460892144,0.9889362939710473,1.1968863010406494,0.25198522210121155,-0.1831073760986328,-0.006379702594131231,-0.01640416495501995,0.08448401093482971,0.03872004523873329,0.08841440826654434,-0.08405888080596924,0.9929542092926386,-0.11837440244675035,-0.0054422482615312795,0.11626710761824244,0.9820930445484305,-0.14824098681264886,0.0228927187032113,0.1465637460892144,0.9889362939710473,1.1968863010406494,0.25198522210121155,-0.1831073760986328,39.999500640011576,-3.999428096793658,-3.207759102348648,1.921896808109515,39.999500640011576,-3.999428096793658,-3.207759102348648,1.921896808109515,-0.009464881382882595,-0.03144771233201027,0.0412849485874176,0.0,0.0,0.0,0.9946636817646509,-0.10317096364014167,1.291859041692607e-05,0.10317096172962792,0.9946636190011998,-0.0003541442583586147,2.368773748291121e-05,0.00035358724071956303,0.9999999372074777,0.0,0.0,0.0
21,1773773382425574115,0.490585033,490,21.472941,18.018834001850337,79.99990485219988,0.9999988106524984,-0.9999988106524984,-0.0059371450915932655,-0.014555075205862522,0.08339723944664001,0.014796655625104904,0.06814437359571457,-0.13303720951080322,0.9924717795761122,-0.12219154924319042,-0.008322897254895878,0.12018462583879641,0.984742878063793,-0.12584672382130613,0.02357330140102043,0.12389902330659552,0.992014784903446,1.5047967433929443,0.18092186748981476,-0.23674385249614716,-0.0059371450915932655,-0.014555075205862522,0.08339723944664001,0.014796655625104904,0.06814437359571457,-0.13303720951080322,0.9924717795761122,-0.12219154924319042,-0.008322897254895878,0.12018462583879641,0.984742878063793,-0.12584672382130613,0.02357330140102043,0.12389902330659552,0.992014784903446,1.5047967433929443,0.18092186748981476,-0.23674385249614716,39.99990485219987,-3.999957693285702,-2.3239108681605387,2.484960135873449,39.99990485219987,-3.999957693285702,-2.3239108681605387,2.484960135873449,-0.009464881382882595,-0.03144771233201027,0.0412849485874176,0.0,0.0,0.0,0.9946636817646509,-0.10317096364014167,1.291859041692607e-05,0.10317096172962792,0.9946636190011998,-0.0003541442583586147,2.368773748291121e-05,0.00035358724071956303,0.9999999372074777,0.0,0.0,0.0
22,1773773382448494109,0.513505027,513,22.919994,14.061195004615001,79.99994457905858,0.9999993072382323,-0.9999993072382323,-0.0068648215383291245,-0.012482686899602413,0.07856079936027527,-0.07314857840538025,-0.015034371986985207,-0.20558160543441772,0.9912372130672453,-0.13180897139234737,-0.008671637808510546,0.13080677852019984,0.9886031635626067,-0.07452104726296138,0.0183953505496115,0.07273372577839954,0.997181736821042,1.704039216041565,-0.07244163006544113,-0.35462531447410583,-0.0068648215383291245,-0.012482686899602413,0.07856079936027527,-0.07314857840538025,-0.015034371986985207,-0.20558160543441772,0.9912372130672453,-0.13180897139234737,-0.008671637808510546,0.13080677852019984,0.9886031635626067,-0.07452104726296138,0.0183953505496115,0.07273372577839954,0.997181736821042,1.704039216041565,-0.07244163006544113,-0.35462531447410583,39.99994457905858,-3.9999878758223546,0.8112071978015071,2.499999888324348,39.99994457905858,-3.9999878758223546,0.8112071978015071,2.499999888324348,-0.009464881382882595,-0.03144771233201027,0.0412849485874176,0.0,0.0,0.0,0.9946636817646509,-0.10317096364014167,1.291859041692607e-05,0.10317096172962792,0.9946636190011998,-0.0003541442583586147,2.368773748291121e-05,0.00035358724071956303,0.9999999372074777,0.0,0.0,0.0
23,1773773382463904077,0.528914995,528,15.409968,17.418761999579147,79.99954637076544,0.999994329634568,-0.999994329634568,-0.007491176016628742,-0.012389319948852062,0.076937735080719,-0.08377660810947418,-0.02944052591919899,-0.22780585289001465,0.9908446013129756,-0.1347810828610505,-0.007805526018986875,0.13407476938669172,0.9891396764158705,-0.060220821205602126,0.015837386643656748,0.058622953929408084,0.9981545603155808,1.832275152206421,-0.08199473470449448,-0.39313235878944397,-0.007491176016628742,-0.012389319948852062,0.076937735080719,-0.08377660810947418,-0.02944052591919899,-0.22780585289001465,0.9908446013129756,-0.1347810828610505,-0.007805526018986875,0.13407476938669172,0.9891396764158705,-0.060220821205602126,0.015837386643656748,0.058622953929408084,0.9981545603155808,1.832275152206421,-0.08199473470449448,-0.39313235878944397,39.99954637076545,-3.999237210128022,0.9400224925503633,2.4999953044194565,39.99954637076545,-3.999237210128022,0.9400224925503633,2.4999953044194565,-0.009464881382882595,-0.03144771233201027,0.0412849485874176,0.0,0.0,0.0,0.9946636817646509,-0.10317096364014167,1.291859041692607e-05,0.10317096172962792,0.9946636190011998,-0.0003541442583586147,2.368773748291121e-05,0.00035358724071956303,0.9999999372074777,0.0,0.0,0.0
24,1773773382482526580,0.547537498,547,18.622503,14.102646993706003,80.0,1.0,-1.0,-0.009663649834692478,-0.012706881389021873,0.07007232308387756,-0.0862111896276474,-0.05181773751974106,-0.3146226406097412,0.9893088077769985,-0.1456781276322432,-0.006810539660290988,0.1456181629417459,0.9893036892787794,-0.008601072320590106,0.00799067710031969,0.007517378200333163,0.999939817252219,2.431117057800293,0.030785728245973587,-0.5064471960067749,-0.009663649834692478,-0.012706881389021873,0.07007232308387756,-0.0862111896276474,-0.05181773751974106,-0.3146226406097412,0.9893088077769985,-0.1456781276322432,-0.006810539660290988,0.1456181629417459,0.9893036892787794,-0.008601072320590106,0.00799067710031969,0.007517378200333163,0.999939817252219,2.431117057800293,0.030785728245973587,-0.5064471960067749,40.00024202868752,-3.999084031493286,-0.3930044675226966,2.499994457529497,40.00024202868752,-3.999084031493286,-0.3930044675226966,2.499994457529497,-0.009464881382882595,-0.03144771233201027,0.0412849485874176,0.0,0.0,0.0,0.9946636817646509,-0.10317096364014167,1.291859041692607e-05,0.10317096172962792,0.9946636190011998,-0.0003541442583586147,2.368773748291121e-05,0.00035358724071956303,0.9999999372074777,0.0,0.0,0.0
25,1773773382498035035,0.563045953,563,15.508455,11.830218994873576,79.99981399518526,0.9999976749398158,-0.9999976749398158,-0.01029123179614544,-0.012886353768408298,0.06765531003475189,-0.042570579797029495,-0.048514749854803085,-0.15518251061439514,0.9888702180560153,-0.1486125134774574,-0.00707073879390277,0.14866281502802892,0.9888616092411758,0.007215806501368417,0.0059196229915476,-0.0081866521970054,0.9999489670921577,1.3967418670654297,0.02399802953004837,-0.25275152921676636,-0.01029123179614544,-0.012886353768408298,0.06765531003475189,-0.042570579797029495,-0.048514749854803085,-0.15518251061439514,0.9888702180560153,-0.1486125134774574,-0.00707073879390277,0.14866281502802892,0.9888616092411758,0.007215806501368417,0.0059196229915476,-0.0081866521970054,0.9999489670921577,1.3967418670654297,0.02399802953004837,-0.25275152921676636,39.999813995185264,-3.99967864501953,-0.3180935218885818,2.499999448629339,39.999813995185264,-3.99967864501953,-0.3180935218885818,2.499999448629339,-0.009464881382882595,-0.03144771233201027,0.0412849485874176,0.0,0.0,0.0,0.9946636817646509,-0.10317096364014167,1.291859041692607e-05,0.10317096172962792,0.9946636190011998,-0.0003541442583586147,2.368773748291121e-05,0.00035358724071956303,0.9999999372074777,0.0,0.0,0.0
26,1773773382511252620,0.576263538,576,13.217585,9.005555999465287,0.0,0.0,-0.0,-0.010639232583343983,-0.013437837362289429,0.06705120205879211,0.0006972159026190639,-0.04330548644065857,0.03151465207338333,0.9888960224817924,-0.14844595089281176,-0.006991553524941435,0.14850947895549838,0.988863954967901,0.009666368843260359,0.005478762731066372,-0.010597342414150529,0.9999288372274578,0.14435966312885284,-0.004351840354502201,-0.004159738775342703,-0.010639232583343983,-0.013437837362289429,0.06705120205879211,0.0006972159026190639,-0.04330548644065857,0.03151465207338333,0.9888960224817924,-0.14844595089281176,-0.006991553524941435,0.14850947895549838,0.988863954967901,0.009666368843260359,0.005478762731066372,-0.010597342414150529,0.9999288372274578,0.14435966312885284,-0.004351840354502201,-0.004159738775342703,-40.00039879589865,-1.9471035175805211,0.047576975488248116,0.04617983252226105,-40.00039879589865,-1.9471035175805211,0.047576975488248116,0.04617983252226105,-0.009464881382882595,-0.03144771233201027,0.0412849485874176,0.0,0.0,0.0,0.9946636817646509,-0.10317096364014167,1.291859041692607e-05,0.10317096172962792,0.9946636190011998,-0.0003541442583586147,2.368773748291121e-05,0.00035358724071956303,0.9999999372074777,0.0,0.0,0.0
27,1773773382521591662,0.58660258,586,10.339042,11.74201701360289,0.0,0.0,-0.0,-0.010923441499471664,-0.013878530822694302,0.06679774820804596,-0.0038103184197098017,-0.0306034404784441,0.026734856888651848,0.9888100864335818,-0.14905188534294256,-0.006167805361693701,0.14911304534651815,0.988758279565068,0.011057019191076378,0.004450398754904938,-0.011852993178683158,0.9999198470358467,0.04465320333838463,-0.08070649951696396,-0.08621606975793839,-0.010923441499471664,-0.013878530822694302,0.06679774820804596,-0.0038103184197098017,-0.0306034404784441,0.026734856888651848,0.9888100864335818,-0.14905188534294256,-0.006167805361693701,0.14911304534651815,0.988758279565068,0.011057019191076378,0.004450398754904938,-0.011852993178683158,0.9999198470358467,0.04465320333838463,-0.08070649951696396,-0.08621606975793839,-40.00009321713371,-0.7460432213978191,0.9821905177776253,0.9075684895052298,-40.00009321713371,-0.7460432213978191,0.9821905177776253,0.9075684895052298,-0.009464881382882595,-0.03144771233201027,0.0412849485874176,0.0,0.0,0.0,0.9946636817646509,-0.10317096364014167,1.291859041692607e-05,0.10317096172962792,0.9946636190011998,-0.0003541442583586147,2.368773748291121e-05,0.00035358724071956303,0.9999999372074777,0.0,0.0,0.0
28,1773773382534622667,0.599633585,599,13.031005,10.491079010535032,7.754934224578641,0.096936677807233,-0.096936677807233,-0.011071290820837021,-0.014027160592377186,0.06663548946380615,-0.003988244570791721,-0.021154390648007393,0.020377762615680695,0.9886822730522723,-0.1499299584988476,-0.0053316830335683185,0.14998101017955445,0.9886276946466851,0.01100155956431928,0.003621586317974018,-0.011676697707792588,0.9999252666308839,-0.02325289137661457,-0.10853873938322067,-0.13442614674568176,-0.011071290820837021,-0.014027160592377186,0.06663548946380615,-0.003988244570791721,-0.021154390648007393,0.020377762615680695,0.9886822730522723,-0.1499299584988476,-0.0053316830335683185,0.14998101017955445,0.9886276946466851,0.01100155956431928,0.003621586317974018,-0.011676697707792588,0.9999252666308839,-0.02325289137661457,-0.10853873938322067,-0.13442614674568176,-32.24506577542136,0.07599646940883877,1.3225525825203153,1.413649690032973,-32.24506577542136,0.07599646940883877,1.3225525825203153,1.413649690032973,-0.009464881382882595,-0.03144771233201027,0.0412849485874176,0.0,0.0,0.0,0.9946636817646509,-0.10317096364014167,1.291859041692607e-05,0.10317096172962792,0.9946636190011998,-0.0003541442583586147,2.368773748291121e-05,0.00035358724071956303,0.9999999372074777,0.0,0.0,0.0
29,1773773382546418604,0.611429522,611,11.795937,11.483213005703874,30.60915271946191,0.38261440899327387,-0.38261440899327387,-0.011235801503062248,-0.014187552966177464,0.06646762788295746,-0.0025491355918347836,-0.011122100986540318,0.014252527616918087,0.9884953778807613,-0.15119104322922383,-0.0043099698527159225,0.15122855504099242,0.9884444205371268,0.010390916581689336,0.002689153538736222,-0.010923160750627492,0.9999367245158656,-0.09310265630483627,-0.13391070067882538,-0.17969860136508942,-0.011235801503062248,-0.014187552966177464,0.06646762788295746,-0.0025491355918347836,-0.011122100986540318,0.014252527616918087,0.9884953778807613,-0.15119104322922383,-0.0043099698527159225,0.15122855504099242,0.9884444205371268,0.010390916581689336,0.002689153538736222,-0.010923160750627492,0.9999367245158656,-0.09310265630483627,-0.13391070067882538,-0.17969860136508942,-9.39084728053809,0.9218986273907592,1.632087750730681,1.8889071756045444,-9.39084728053809,0.9218986273907592,1.632087750730681,1.8889071756045444,-0.009464881382882595,-0.03144771233201027,0.0412849485874176,0.0,0.0,0.0,0.9946636817646509,-0.10317096364014167,1.291859041692607e-05,0.10317096172962792,0.9946636190011998,-0.0003541442583586147,2.368773748291121e-05,0.00035358724071956303,0.9999999372074777,0.0,0.0,0.0
