step,timestamp_ns,experiment_time_s,reference_index,tick_dt_ms,solver_ms,px4_collective_command_newton,px4_collective_normalized,px4_thrust_body_z,state_raw_0,state_raw_1,state_raw_2,state_raw_3,state_raw_4,state_raw_5,state_raw_6,state_raw_7,state_raw_8,state_raw_9,state_raw_10,state_raw_11,state_raw_12,state_raw_13,state_raw_14,state_raw_15,state_raw_16,state_raw_17,state_used_0,state_used_1,state_used_2,state_used_3,state_used_4,state_used_5,state_used_6,state_used_7,state_used_8,state_used_9,state_used_10,state_used_11,state_used_12,state_used_13,state_used_14,state_used_15,state_used_16,state_used_17,control_raw_0,control_raw_1,control_raw_2,control_raw_3,control_used_0,control_used_1,control_used_2,control_used_3,reference_0,reference_1,reference_2,reference_3,reference_4,reference_5,reference_6,reference_7,reference_8,reference_9,reference_10,reference_11,reference_12,reference_13,reference_14,reference_15,reference_16,reference_17
0,1774141096848244228,0.0,0,0.0,0.7490800053346902,42.75393347839842,0.6895795722322327,-0.6895795722322327,0.014232237823307514,-0.0005690548568964005,-0.08460469543933868,0.01145258080214262,0.013691673055291176,-0.010671677999198437,0.9947506223046098,-0.10232964379734488,0.0002556677578765959,0.10232985226590663,0.9947501179499746,-0.0010129732935709318,-0.00015066842280388182,0.0010338181282388975,0.999999454259458,0.00018683163216337562,-0.0007996307103894651,3.490732342470437e-05,0.014232237823307514,-0.0005690548568964005,-0.08460469543933868,0.01145258080214262,0.013691673055291176,-0.010671677999198437,0.9947506223046098,-0.10232964379734488,0.0002556677578765959,0.10232985226590663,0.9947501179499746,-0.0010129732935709318,-0.00015066842280388182,0.0010338181282388975,0.999999454259458,0.00018683163216337562,-0.0007996307103894651,3.490732342470437e-05,42.75393347839842,0.006171147134946779,-0.0011844882482002622,-0.00023839496153118143,42.75393347839842,0.006171147134946779,-0.0011844882482002622,-0.00023839496153118143,0.013713438995182514,-0.005920309107750654,-0.0829465389251709,0.0,0.0,0.0,0.9947209235674521,-0.10261850399508887,8.611832307719308e-05,0.10261854003954074,0.9947206077875463,-0.0007926186834090257,-4.326427433538893e-06,0.0007972716129929294,0.9999996821696185,0.0,0.0,0.0
1,1774141096858000250,0.009756022,9,9.756022,0.8135780226439238,42.75401772822798,0.6895809311004513,-0.6895809311004513,0.014232237823307514,-0.0005690548568964005,-0.08460469543933868,0.01145258080214262,0.013691673055291176,-0.010671677999198437,0.9947506223046098,-0.10232964379734488,0.0002556677578765959,0.10232985226590663,0.9947501179499746,-0.0010129732935709318,-0.00015066842280388182,0.0010338181282388975,0.999999454259458,0.00018683163216337562,-0.0007996307103894651,3.490732342470437e-05,0.014232237823307514,-0.0005690548568964005,-0.08460469543933868,0.01145258080214262,0.013691673055291176,-0.010671677999198437,0.9947506223046098,-0.10232964379734488,0.0002556677578765959,0.10232985226590663,0.9947501179499746,-0.0010129732935709318,-0.00015066842280388182,0.0010338181282388975,0.999999454259458,0.00018683163216337562,-0.0007996307103894651,3.490732342470437e-05,42.75401772822798,0.006171139872408843,-0.001184484259919982,-0.00023839495870737326,42.75401772822798,0.006171139872408843,-0.001184484259919982,-0.00023839495870737326,0.013713438995182514,-0.005920309107750654,-0.0829465389251709,0.0,0.0,0.0,0.9947209235674521,-0.10261850399508887,8.611832307719308e-05,0.10261854003954074,0.9947206077875463,-0.0007926186834090257,-4.326427433538893e-06,0.0007972716129929294,0.9999996821696185,0.0,0.0,0.0
2,1774141096867797896,0.019553668,19,9.797646,0.5321430217009038,42.76084252287208,0.6896910084334207,-0.6896910084334207,0.014275863766670227,7.969197031343356e-05,-0.08483245968818665,0.011378553695976734,0.014321435242891312,-0.01077134720981121,0.9947528002187612,-0.10230699139962973,0.0002703968887641864,0.10230721877174775,0.9947522749124443,-0.0010352248449688115,-0.00016306715209537387,0.0010574564109227177,0.9999994275973387,-2.2219581296667457e-05,0.000121116048831027,-0.0013470447156578302,0.014275863766670227,7.969197031343356e-05,-0.08483245968818665,0.011378553695976734,0.014321435242891312,-0.01077134720981121,0.9947528002187612,-0.10230699139962973,0.0002703968887641864,0.10230721877174775,0.9947522749124443,-0.0010352248449688115,-0.00016306715209537387,0.0010574564109227177,0.9999994275973387,-2.2219581296667457e-05,0.000121116048831027,-0.0013470447156578302,42.76084252287208,0.006486460059314654,-0.001346556793233755,-4.9337192669982344e-05,42.76084252287208,0.006486460059314654,-0.001346556793233755,-4.9337192669982344e-05,0.013713438995182514,-0.005920309107750654,-0.0829465389251709,0.0,0.0,0.0,0.9947209235674521,-0.10261850399508887,8.611832307719308e-05,0.10261854003954074,0.9947206077875463,-0.0007926186834090257,-4.326427433538893e-06,0.0007972716129929294,0.9999996821696185,0.0,0.0,0.0
3,1774141096877998283,0.029754055,29,10.200387,0.7868359971325845,42.76094270974421,0.689692624350713,-0.689692624350713,0.014275863766670227,7.969197031343356e-05,-0.08483245968818665,0.011378553695976734,0.014321435242891312,-0.01077134720981121,0.9947528002187612,-0.10230699139962973,0.0002703968887641864,0.10230721877174775,0.9947522749124443,-0.0010352248449688115,-0.00016306715209537387,0.0010574564109227177,0.9999994275973387,-2.2219581296667457e-05,0.000121116048831027,-0.0013470447156578302,0.014275863766670227,7.969197031343356e-05,-0.08483245968818665,0.011378553695976734,0.014321435242891312,-0.01077134720981121,0.9947528002187612,-0.10230699139962973,0.0002703968887641864,0.10230721877174775,0.9947522749124443,-0.0010352248449688115,-0.00016306715209537387,0.0010574564109227177,0.9999994275973387,-2.2219581296667457e-05,0.000121116048831027,-0.0013470447156578302,42.76094270974421,0.006486450938344827,-0.001346552124522907,-4.9337189177267275e-05,42.76094270974421,0.006486450938344827,-0.001346552124522907,-4.9337189177267275e-05,0.013713438995182514,-0.005920309107750654,-0.0829465389251709,0.0,0.0,0.0,0.9947209235674521,-0.10261850399508887,8.611832307719308e-05,0.10261854003954074,0.9947206077875463,-0.0007926186834090257,-4.326427433538893e-06,0.0007972716129929294,0.9999996821696185,0.0,0.0,0.0
4,1774141096887908334,0.039664106,39,9.910051,0.35046000266447663,42.76867596600447,0.6898173542903947,-0.6898173542903947,0.014335183426737785,0.001053790794685483,-0.08518733084201813,0.011236078105866909,0.015287881717085838,-0.010706552304327488,0.9947574278833885,-0.10226327519434131,0.0003055013292991571,0.10226354718815545,0.9947568680981901,-0.0010730338943925194,-0.00019416766926186324,0.0010986499519556464,0.9999993776334656,-8.709999383427203e-05,9.637493349146098e-05,0.0010067557450383902,0.014335183426737785,0.001053790794685483,-0.08518733084201813,0.011236078105866909,0.015287881717085838,-0.010706552304327488,0.9947574278833885,-0.10226327519434131,0.0003055013292991571,0.10226354718815545,0.9947568680981901,-0.0010730338943925194,-0.00019416766926186324,0.0010986499519556464,0.9999993776334656,-8.709999383427203e-05,9.637493349146098e-05,0.0010067557450383902,42.76867596600447,0.00691225419113295,-0.0011982204135880363,-0.0004376217347356911,42.76867596600447,0.00691225419113295,-0.0011982204135880363,-0.0004376217347356911,0.013713438995182514,-0.005920309107750654,-0.0829465389251709,0.0,0.0,0.0,0.9947209235674521,-0.10261850399508887,8.611832307719308e-05,0.10261854003954074,0.9947206077875463,-0.0007926186834090257,-4.326427433538893e-06,0.0007972716129929294,0.9999996821696185,0.0,0.0,0.0
5,1774141096897974817,0.049730589,49,10.066483,0.7057609909679741,42.76879344223394,0.6898192490682894,-0.6898192490682894,0.014335183426737785,0.001053790794685483,-0.08518733084201813,0.011236078105866909,0.015287881717085838,-0.010706552304327488,0.9947574278833885,-0.10226327519434131,0.0003055013292991571,0.10226354718815545,0.9947568680981901,-0.0010730338943925194,-0.00019416766926186324,0.0010986499519556464,0.9999993776334656,-8.709999383427203e-05,9.637493349146098e-05,0.0010067557450383902,0.014335183426737785,0.001053790794685483,-0.08518733084201813,0.011236078105866909,0.015287881717085838,-0.010706552304327488,0.9947574278833885,-0.10226327519434131,0.0003055013292991571,0.10226354718815545,0.9947568680981901,-0.0010730338943925194,-0.00019416766926186324,0.0010986499519556464,0.9999993776334656,-8.709999383427203e-05,9.637493349146098e-05,0.0010067557450383902,42.76879344223394,0.0069122426327008915,-0.0011982150893769862,-0.0004376217303913697,42.76879344223394,0.0069122426327008915,-0.0011982150893769862,-0.0004376217303913697,0.013713438995182514,-0.005920309107750654,-0.0829465389251709,0.0,0.0,0.0,0.9947209235674521,-0.10261850399508887,8.611832307719308e-05,0.10261854003954074,0.9947206077875463,-0.0007926186834090257,-4.326427433538893e-06,0.0007972716129929294,0.9999996821696185,0.0,0.0,0.0
6,1774141096907932396,0.059688168,59,9.957579,0.5203309992793947,42.775345597551464,0.6899249289927656,-0.6899249289927656,0.014406212605535984,0.001663263188675046,-0.08543647825717926,0.011271766386926174,0.015766814351081848,-0.010743527673184872,0.9947598856182408,-0.10223850147801361,0.0003134528407579343,0.102238786316033,0.9947593048381508,-0.0010933814166612793,-0.00020002446838459503,0.0011196989853201195,0.9999993531319995,-0.0007911073043942451,0.000142108736326918,-0.0011320076882839203,0.014406212605535984,0.001663263188675046,-0.08543647825717926,0.011271766386926174,0.015766814351081848,-0.010743527673184872,0.9947598856182408,-0.10223850147801361,0.0003134528407579343,0.102238786316033,0.9947593048381508,-0.0010933814166612793,-0.00020002446838459503,0.0011196989853201195,0.9999993531319995,-0.0007911073043942451,0.000142108736326918,-0.0011320076882839203,42.775345597551464,0.0073136439824693245,-0.0011878291167422067,-0.00013675874261127985,42.775345597551464,0.0073136439824693245,-0.0011878291167422067,-0.00013675874261127985,0.013713438995182514,-0.005920309107750654,-0.0829465389251709,0.0,0.0,0.0,0.9947209235674521,-0.10261850399508887,8.611832307719308e-05,0.10261854003954074,0.9947206077875463,-0.0007926186834090257,-4.326427433538893e-06,0.0007972716129929294,0.9999996821696185,0.0,0.0,0.0
7,1774141096917876196,0.069631968,69,9.9438,0.3638389753177762,42.77838238728606,0.6899739094723558,-0.6899739094723558,0.014441595412790775,0.001965380273759365,-0.08555907011032104,0.0112379789352417,0.01606510393321514,-0.010741835460066795,0.9947606769413554,-0.10223142147476594,0.00032308316989348995,0.10223171883746218,0.9947600888190479,-0.0011016644743574305,-0.00020876558736938888,0.0011289217325660683,0.99999934097616,0.00045401198440231383,-0.0004280867869965732,-0.0006760485121048987,0.014441595412790775,0.001965380273759365,-0.08555907011032104,0.0112379789352417,0.01606510393321514,-0.010741835460066795,0.9947606769413554,-0.10223142147476594,0.00032308316989348995,0.10223171883746218,0.9947600888190479,-0.0011016644743574305,-0.00020876558736938888,0.0011289217325660683,0.99999934097616,0.00045401198440231383,-0.0004280867869965732,-0.0006760485121048987,42.77838238728606,0.007120844646126689,-0.0010085219083170746,-0.0002108671990936197,42.77838238728606,0.007120844646126689,-0.0010085219083170746,-0.0002108671990936197,0.013713438995182514,-0.005920309107750654,-0.0829465389251709,0.0,0.0,0.0,0.9947209235674521,-0.10261850399508887,8.611832307719308e-05,0.10261854003954074,0.9947206077875463,-0.0007926186834090257,-4.326427433538893e-06,0.0007972716129929294,0.9999996821696185,0.0,0.0,0.0
8,1774141096927908831,0.079664603,79,10.032635,0.5105560121592134,42.7818063910322,0.690029135339229,-0.690029135339229,0.01447675283998251,0.0022665460128337145,-0.08567929267883301,0.011211228556931019,0.016440721228718758,-0.010773689486086369,0.9947616437063191,-0.10222257192732442,0.00033323177259544923,0.10222288285389891,0.9947610468635373,-0.0011112642482162677,-0.00021788981617089365,0.0011395067668249215,0.9999993270240412,-5.6593649787828326e-05,-0.0009634068701416254,-0.000314789533149451,0.01447675283998251,0.0022665460128337145,-0.08567929267883301,0.011211228556931019,0.016440721228718758,-0.010773689486086369,0.9947616437063191,-0.10222257192732442,0.00033323177259544923,0.10222288285389891,0.9947610468635373,-0.0011112642482162677,-0.00021788981617089365,0.0011395067668249215,0.9999993270240412,-5.6593649787828326e-05,-0.0009634068701416254,-0.000314789533149451,42.7818063910322,0.007385816572282983,-0.0008365061754193202,-0.00027219541259299984,42.7818063910322,0.007385816572282983,-0.0008365061754193202,-0.00027219541259299984,0.013713438995182514,-0.005920309107750654,-0.0829465389251709,0.0,0.0,0.0,0.9947209235674521,-0.10261850399508887,8.611832307719308e-05,0.10261854003954074,0.9947206077875463,-0.0007926186834090257,-4.326427433538893e-06,0.0007972716129929294,0.9999996821696185,0.0,0.0,0.0
9,1774141096937887086,0.089642858,89,9.978255,0.5194109980948269,42.784747996641144,0.6900765805909862,-0.6900765805909862,0.014513046480715275,0.0025473469868302345,-0.08579760789871216,0.011205403134226799,0.016750507056713104,-0.01077152881771326,0.9947632192131137,-0.10220663917211081,0.0003501576459863341,0.10220697124777423,0.9947626172254602,-0.001119106624228535,-0.0002339436825059306,0.0011490345368397083,0.9999993124948137,-0.0004882976645603776,-0.0011792838340625167,0.00043959019239991903,0.014513046480715275,0.0025473469868302345,-0.08579760789871216,0.011205403134226799,0.016750507056713104,-0.01077152881771326,0.9947632192131137,-0.10220663917211081,0.0003501576459863341,0.10220697124777423,0.9947626172254602,-0.001119106624228535,-0.0002339436825059306,0.0011490345368397083,0.9999993124948137,-0.0004882976645603776,-0.0011792838340625167,0.00043959019239991903,42.784747996641144,0.007611242536709966,-0.0007334074808821287,-0.0003981797167123872,42.784747996641144,0.007611242536709966,-0.0007334074808821287,-0.0003981797167123872,0.013713438995182514,-0.005920309107750654,-0.0829465389251709,0.0,0.0,0.0,0.9947209235674521,-0.10261850399508887,8.611832307719308e-05,0.10261854003954074,0.9947206077875463,-0.0007926186834090257,-4.326427433538893e-06,0.0007972716129929294,0.9999996821696185,0.0,0.0,0.0
10,1774141096947864938,0.09962071,99,9.977852,0.5865650018677115,42.791701868206374,0.6901887398097802,-0.6901887398097802,0.01458521094173193,0.0031063570640981197,-0.08603107929229736,0.011171193793416023,0.017284518107771873,-0.01086574885994196,0.9947661406438655,-0.10217779495305734,0.0003598200530234158,0.10217814325478103,0.9947655165614677,-0.0011401423882793707,-0.0002414393888917135,0.0011709407148104284,0.9999992853022108,-0.0008978018304333091,9.535503340885043e-05,0.0008487078594043851,0.01458521094173193,0.0031063570640981197,-0.08603107929229736,0.011171193793416023,0.017284518107771873,-0.01086574885994196,0.9947661406438655,-0.10217779495305734,0.0003598200530234158,0.10217814325478103,0.9947655165614677,-0.0011401423882793707,-0.0002414393888917135,0.0011709407148104284,0.9999992853022108,-0.0008978018304333091,9.535503340885043e-05,0.0008487078594043851,42.791701868206374,0.00794390337746942,-0.0010114358218132435,-0.000482772395242539,42.791701868206374,0.00794390337746942,-0.0010114358218132435,-0.000482772395242539,0.013713438995182514,-0.005920309107750654,-0.0829465389251709,0.0,0.0,0.0,0.9947209235674521,-0.10261850399508887,8.611832307719308e-05,0.10261854003954074,0.9947206077875463,-0.0007926186834090257,-4.326427433538893e-06,0.0007972716129929294,0.9999996821696185,0.0,0.0,0.0
11,1774141096957951735,0.109707507,109,10.086797,0.5385920230764896,42.79507181684087,0.690243093820014,-0.690243093820014,0.014621063135564327,0.0033842541743069887,-0.08614656329154968,0.011131069622933865,0.01756087876856327,-0.010900218971073627,0.9947665578582066,-0.10217302086938362,0.00036298560199670565,0.10217337609529098,0.9947659190271518,-0.0011533189202187766,-0.00024324761241248383,0.0011843705830723514,0.9999992690481809,-0.00017453379405196756,-4.5843808038625866e-05,-0.0012539054732769728,0.014621063135564327,0.0033842541743069887,-0.08614656329154968,0.011131069622933865,0.01756087876856327,-0.010900218971073627,0.9947665578582066,-0.10217302086938362,0.00036298560199670565,0.10217337609529098,0.9947659190271518,-0.0011533189202187766,-0.00024324761241248383,0.0011843705830723514,0.9999992690481809,-0.00017453379405196756,-4.5843808038625866e-05,-0.0012539054732769728,42.79507181684087,0.007886066954591967,-0.0009552040920868214,-0.00017122614172753673,42.79507181684087,0.007886066954591967,-0.0009552040920868214,-0.00017122614172753673,0.013713438995182514,-0.005920309107750654,-0.0829465389251709,0.0,0.0,0.0,0.9947209235674521,-0.10261850399508887,8.611832307719308e-05,0.10261854003954074,0.9947206077875463,-0.0007926186834090257,-4.326427433538893e-06,0.0007972716129929294,0.9999996821696185,0.0,0.0,0.0
12,1774141096967828164,0.119583936,119,9.876429,0.41433199658058584,42.79834520044885,0.6902958903298202,-0.6902958903298202,0.014654680155217648,0.0036459004040807486,-0.0862719714641571,0.011085926555097103,0.017861194908618927,-0.010908789001405239,0.9947671655657442,-0.10216789164671591,0.0003608195406105061,0.10216824568234295,0.9947665194513067,-0.0011590146441277163,-0.00024051716680376783,0.001189813926066409,0.9999992632469262,9.742574184201658e-05,0.001278223586268723,-1.225591950060334e-05,0.014654680155217648,0.0036459004040807486,-0.0862719714641571,0.011085926555097103,0.017861194908618927,-0.010908789001405239,0.9947671655657442,-0.10216789164671591,0.0003608195406105061,0.10216824568234295,0.9947665194513067,-0.0011590146441277163,-0.00024051716680376783,0.001189813926066409,0.9999992632469262,9.742574184201658e-05,0.001278223586268723,-1.225591950060334e-05,42.79834520044885,0.007925003136225657,-0.0012769812143663113,-0.0003616140104692153,42.79834520044885,0.007925003136225657,-0.0012769812143663113,-0.0003616140104692153,0.013713438995182514,-0.005920309107750654,-0.0829465389251709,0.0,0.0,0.0,0.9947209235674521,-0.10261850399508887,8.611832307719308e-05,0.10261854003954074,0.9947206077875463,-0.0007926186834090257,-4.326427433538893e-06,0.0007972716129929294,0.9999996821696185,0.0,0.0,0.0
13,1774141096977970631,0.129726403,129,10.142467,0.708968989783898,42.801105841927736,0.690340416805286,-0.690340416805286,0.014688165858387947,0.003907210659235716,-0.08639588952064514,0.01107299979776144,0.01812511682510376,-0.010879866778850555,0.994768473675268,-0.10215568444162337,0.00035751538256399706,0.10215603645125504,0.9947678172174759,-0.001167023662543589,-0.00023642679194063945,0.0011974405412208122,0.9999992551190607,-0.0005794902099296451,0.0006805251468904316,0.0003750705800484866,0.014688165858387947,0.003907210659235716,-0.08639588952064514,0.01107299979776144,0.01812511682510376,-0.010879866778850555,0.994768473675268,-0.10215568444162337,0.00035751538256399706,0.10215603645125504,0.9947678172174759,-0.001167023662543589,-0.00023642679194063945,0.0011974405412208122,0.9999992551190607,-0.0005794902099296451,0.0006805251468904316,0.0003750705800484866,42.801105841927736,0.008200281191965192,-0.0011284362221144668,-0.0004295472704215765,42.801105841927736,0.008200281191965192,-0.0011284362221144668,-0.0004295472704215765,0.013713438995182514,-0.005920309107750654,-0.0829465389251709,0.0,0.0,0.0,0.9947209235674521,-0.10261850399508887,8.611832307719308e-05,0.10261854003954074,0.9947206077875463,-0.0007926186834090257,-4.326427433538893e-06,0.0007972716129929294,0.9999996821696185,0.0,0.0,0.0
14,1774141096987917433,0.139673205,139,9.946802,0.6471080123446882,42.8085463798491,0.690460425481437,-0.690460425481437,0.014754985459148884,0.004427558742463589,-0.08664627373218536,0.011029697023332119,0.018579527735710144,-0.010978028178215027,0.9947711763832735,-0.10212949673481742,0.00036328138532253085,0.10212986028275295,0.994770498212369,-0.0011861554113554648,-0.00024024026079106503,0.0012170549050493779,0.9999992305307821,-0.0013963553356006742,-0.0002465939614921808,-0.00014079005632083863,0.014754985459148884,0.004427558742463589,-0.08664627373218536,0.011029697023332119,0.018579527735710144,-0.010978028178215027,0.9947711763832735,-0.10212949673481742,0.00036328138532253085,0.10212986028275295,0.994770498212369,-0.0011861554113554648,-0.00024024026079106503,0.0012170549050493779,0.9999992305307821,-0.0013963553356006742,-0.0002465939614921808,-0.00014079005632083863,42.8085463798491,0.008608596854633046,-0.0008654653998011922,-0.00037325133892021064,42.8085463798491,0.008608596854633046,-0.0008654653998011922,-0.00037325133892021064,0.013713438995182514,-0.005920309107750654,-0.0829465389251709,0.0,0.0,0.0,0.9947209235674521,-0.10261850399508887,8.611832307719308e-05,0.10261854003954074,0.9947206077875463,-0.0007926186834090257,-4.326427433538893e-06,0.0007972716129929294,0.9999996821696185,0.0,0.0,0.0
15,1774141096997965910,0.149721682,149,10.048477,0.6085429922677577,42.8120200089674,0.6905164517575387,-0.6905164517575387,0.01477128081023693,0.004672927316278219,-0.08678270876407623,0.010968993417918682,0.01878127083182335,-0.010979522950947285,0.9947723806677459,-0.1021176432745996,0.00036640496167950065,0.10211801368528683,0.9947716878672509,-0.0011987321306808976,-0.0002420776847823422,0.0012298819909245529,0.9999992143941172,-0.00042724976083263755,-9.053831308847293e-05,0.0006593111902475357,0.01477128081023693,0.004672927316278219,-0.08678270876407623,0.010968993417918682,0.01878127083182335,-0.010979522950947285,0.9947723806677459,-0.1021176432745996,0.00036640496167950065,0.10211801368528683,0.9947716878672509,-0.0011987321306808976,-0.0002420776847823422,0.0012298819909245529,0.9999992143941172,-0.00042724976083263755,-9.053831308847293e-05,0.0006593111902475357,42.8120200089674,0.008467876225001381,-0.0008789417965391056,-0.0005028047104974322,42.8120200089674,0.008467876225001381,-0.0008789417965391056,-0.0005028047104974322,0.013713438995182514,-0.005920309107750654,-0.0829465389251709,0.0,0.0,0.0,0.9947209235674521,-0.10261850399508887,8.611832307719308e-05,0.10261854003954074,0.9947206077875463,-0.0007926186834090257,-4.326427433538893e-06,0.0007972716129929294,0.9999996821696185,0.0,0.0,0.0
16,1774141097007966915,0.159722687,159,10.001005,0.5231850082054734,42.81556804498045,0.690573678144846,-0.690573678144846,0.014787518419325352,0.004917713347822428,-0.08691771328449249,0.010915177874267101,0.01901189424097538,-0.010988816618919373,0.9947732398164139,-0.10210915059928327,0.00036546834639491696,0.1021095209866354,0.9947725410514007,-0.0012033919369998786,-0.00024068063918611382,0.0012344197406773429,0.9999992091401299,-0.0002674025308806449,0.0009102936019189656,-0.0005845617270097136,0.014787518419325352,0.004917713347822428,-0.08691771328449249,0.010915177874267101,0.01901189424097538,-0.010988816618919373,0.9947732398164139,-0.10210915059928327,0.00036546834639491696,0.1021095209866354,0.9947725410514007,-0.0012033919369998786,-0.00024068063918611382,0.0012344197406773429,0.9999992091401299,-0.0002674025308806449,0.0009102936019189656,-0.0005845617270097136,42.81556804498045,0.008515537311234516,-0.001114605040594449,-0.00032305770471965814,42.81556804498045,0.008515537311234516,-0.001114605040594449,-0.00032305770471965814,0.013713438995182514,-0.005920309107750654,-0.0829465389251709,0.0,0.0,0.0,0.9947209235674521,-0.10261850399508887,8.611832307719308e-05,0.10261854003954074,0.9947206077875463,-0.0007926186834090257,-4.326427433538893e-06,0.0007972716129929294,0.9999996821696185,0.0,0.0,0.0
17,1774141097017858640,0.169614412,169,9.891725,0.37580501521006227,42.82012120292653,0.6906471161762343,-0.6906471161762343,0.014803816564381123,0.005162063054740429,-0.08705157041549683,0.010871458798646927,0.019275981932878494,-0.01107710599899292,0.9947736717059531,-0.10210402137083974,0.0003670479093008383,0.10210439572940677,0.9947729629890926,-0.0012117352228848376,-0.00024140630768846108,0.001242879484387005,0.9999991984864784,-0.0009675399633124471,0.00029870931757614017,-0.0001962429960258305,0.014803816564381123,0.005162063054740429,-0.08705157041549683,0.010871458798646927,0.019275981932878494,-0.01107710599899292,0.9947736717059531,-0.10210402137083974,0.0003670479093008383,0.10210439572940677,0.9947729629890926,-0.0012117352228848376,-0.00024140630768846108,0.001242879484387005,0.9999991984864784,-0.0009675399633124471,0.00029870931757614017,-0.0001962429960258305,42.82012120292653,0.008794217664799306,-0.0009421609454886706,-0.0003854304562117453,42.82012120292653,0.008794217664799306,-0.0009421609454886706,-0.0003854304562117453,0.013713438995182514,-0.005920309107750654,-0.0829465389251709,0.0,0.0,0.0,0.9947209235674521,-0.10261850399508887,8.611832307719308e-05,0.10261854003954074,0.9947206077875463,-0.0007926186834090257,-4.326427433538893e-06,0.0007972716129929294,0.9999996821696185,0.0,0.0,0.0
18,1774141097028013556,0.179769328,179,10.154916,0.7167990261223167,42.82976493782999,0.6908026602875805,-0.6908026602875805,0.014819057658314705,0.005628461483865976,-0.08734725415706635,0.010840200819075108,0.019749613478779793,-0.011258239857852459,0.994774719434343,-0.10209358538302604,0.0003682540327142811,0.10209396453362252,0.9947739940410434,-0.0012253156735443083,-0.00024123265487974166,0.0012565095855835498,0.9999991814948908,-0.0002098781114909798,0.001093482249416411,-0.0006948003428988159,0.014819057658314705,0.005628461483865976,-0.08734725415706635,0.010840200819075108,0.019749613478779793,-0.011258239857852459,0.994774719434343,-0.10209358538302604,0.0003682540327142811,0.10209396453362252,0.9947739940410434,-0.0012253156735443083,-0.00024123265487974166,0.0012565095855835498,0.9999991814948908,-0.0002098781114909798,0.001093482249416411,-0.0006948003428988159,42.82976493782999,0.008791252652360611,-0.0011171851284454055,-0.00031905459038314215,42.82976493782999,0.008791252652360611,-0.0011171851284454055,-0.00031905459038314215,0.013713438995182514,-0.005920309107750654,-0.0829465389251709,0.0,0.0,0.0,0.9947209235674521,-0.10261850399508887,8.611832307719308e-05,0.10261854003954074,0.9947206077875463,-0.0007926186834090257,-4.326427433538893e-06,0.0007972716129929294,0.9999996821696185,0.0,0.0,0.0
19,1774141097037925696,0.189681468,189,9.91214,0.42515998939052224,42.83509424131885,0.6908886167954653,-0.6908886167954653,0.014818248338997364,0.00585075793787837,-0.08750833570957184,0.010796510614454746,0.019985381513834,-0.011354287154972553,0.9947753664226541,-0.10208756674325259,0.0003717638722919858,0.10208795049371311,0.9947746409355643,-0.0012260704654980248,-0.0002446547395178189,0.0012576172794374063,0.9999991792710963,0.0002887219889089465,-9.673479507910088e-05,6.886981282150373e-05,0.014818248338997364,0.00585075793787837,-0.08750833570957184,0.010796510614454746,0.019985381513834,-0.011354287154972553,0.9947753664226541,-0.10208756674325259,0.0003717638722919858,0.10208795049371311,0.9947746409355643,-0.0012260704654980248,-0.0002446547395178189,0.0012576172794374063,0.9999991792710963,0.0002887219889089465,-9.673479507910088e-05,6.886981282150373e-05,42.83509424131885,0.008742425208961702,-0.0007939566266898198,-0.0004384519425388013,42.83509424131885,0.008742425208961702,-0.0007939566266898198,-0.0004384519425388013,0.013713438995182514,-0.005920309107750654,-0.0829465389251709,0.0,0.0,0.0,0.9947209235674521,-0.10261850399508887,8.611832307719308e-05,0.10261854003954074,0.9947206077875463,-0.0007926186834090257,-4.326427433538893e-06,0.0007972716129929294,0.9999996821696185,0.0,0.0,0.0
20,1774141097047901674,0.199657446,199,9.975978,0.5089020123705268,42.83952184660986,0.69096002978403,-0.69096002978403,0.014817834831774235,0.006072974763810635,-0.08764871954917908,0.010749127715826035,0.020184719935059547,-0.011418302543461323,0.9947767986275543,-0.1020744673915801,0.0003752114217897354,0.10207485494280055,0.9947760767553583,-0.001223874287368705,-0.00024832512602367823,0.001255781236565133,0.9999991806738038,0.0004254142986610532,7.030500273685902e-05,0.0008869246230460703,0.014817834831774235,0.006072974763810635,-0.08764871954917908,0.010749127715826035,0.020184719935059547,-0.011418302543461323,0.9947767986275543,-0.1020744673915801,0.0003752114217897354,0.10207485494280055,0.9947760767553583,-0.001223874287368705,-0.00024832512602367823,0.001255781236565133,0.9999991806738038,0.0004254142986610532,7.030500273685902e-05,0.0008869246230460703,42.83952184660986,0.008769331789157044,-0.0008103399702286013,-0.0005717047698550577,42.83952184660986,0.008769331789157044,-0.0008103399702286013,-0.0005717047698550577,0.013713438995182514,-0.005920309107750654,-0.0829465389251709,0.0,0.0,0.0,0.9947209235674521,-0.10261850399508887,8.611832307719308e-05,0.10261854003954074,0.9947206077875463,-0.0007926186834090257,-4.326427433538893e-06,0.0007972716129929294,0.9999996821696185,0.0,0.0,0.0
21,1774141097057926767,0.209682539,209,10.025093,0.5476799851749092,42.84287145833499,0.6910140557795966,-0.6910140557795966,0.014817859046161175,0.006295088678598404,-0.08778800070285797,0.010692003183066845,0.020385125651955605,-0.011400939896702766,0.9947778125006227,-0.10206455488389077,0.00038069399371282175,0.10206494980175651,0.9947770896645732,-0.0012257388022040364,-0.0002536012724888778,0.0012581931181935568,0.9999991763179769,-7.491471478715539e-05,-0.0005669567035511136,-0.0002942994760815054,0.014817859046161175,0.006295088678598404,-0.08778800070285797,0.010692003183066845,0.020385125651955605,-0.011400939896702766,0.9947778125006227,-0.10206455488389077,0.00038069399371282175,0.10206494980175651,0.9947770896645732,-0.0012257388022040364,-0.0002536012724888778,0.0012581931181935568,0.9999991763179769,-7.491471478715539e-05,-0.0005669567035511136,-0.0002942994760815054,42.84287145833499,0.008965790389646297,-0.0006186320026091012,-0.00040249586667183185,42.84287145833499,0.008965790389646297,-0.0006186320026091012,-0.00040249586667183185,0.013713438995182514,-0.005920309107750654,-0.0829465389251709,0.0,0.0,0.0,0.9947209235674521,-0.10261850399508887,8.611832307719308e-05,0.10261854003954074,0.9947206077875463,-0.0007926186834090257,-4.326427433538893e-06,0.0007972716129929294,0.9999996821696185,0.0,0.0,0.0
22,1774141097067830070,0.219585842,219,9.903303,0.3941979957744479,42.84750317133212,0.6910887608279375,-0.6910887608279375,0.014798671938478947,0.006496456451714039,-0.08795857429504395,0.010611624456942081,0.020613307133316994,-0.011424296535551548,0.9947784532607582,-0.10205871233121955,0.00039281599744074233,0.10205912423421881,0.9947777253819712,-0.0012322270534762293,-0.0002650052323917122,0.0012658831486235568,0.9999991636558069,-0.0007207198068499565,-0.0009143986972048879,0.00014541760901920497,0.014798671938478947,0.006496456451714039,-0.08795857429504395,0.010611624456942081,0.020613307133316994,-0.011424296535551548,0.9947784532607582,-0.10205871233121955,0.00039281599744074233,0.10205912423421881,0.9947777253819712,-0.0012322270534762293,-0.0002650052323917122,0.0012658831486235568,0.9999991636558069,-0.0007207198068499565,-0.0009143986972048879,0.00014541760901920497,42.84750317133212,0.009212221192098299,-0.0004753241233753442,-0.00047315677378203,42.84750317133212,0.009212221192098299,-0.0004753241233753442,-0.00047315677378203,0.013713438995182514,-0.005920309107750654,-0.0829465389251709,0.0,0.0,0.0,0.9947209235674521,-0.10261850399508887,8.611832307719308e-05,0.10261854003954074,0.9947206077875463,-0.0007926186834090257,-4.326427433538893e-06,0.0007972716129929294,0.9999996821696185,0.0,0.0,0.0
23,1774141097077910663,0.229666435,229,10.080593,0.632107985438779,42.8526489999402,0.6911717580635516,-0.6911717580635516,0.014780142344534397,0.00669826427474618,-0.08812767267227173,0.010582175105810165,0.0208143200725317,-0.011488756164908409,0.9947796329294375,-0.1020472049044574,0.0004046656918973886,0.10204763267559325,0.9947789043575016,-0.0012353076858625592,-0.0002764933336175737,0.0012701538636775249,0.999999155130063,-0.0009022538433782756,-0.000925790867768228,0.00011501473636599258,0.014780142344534397,0.00669826427474618,-0.08812767267227173,0.010582175105810165,0.0208143200725317,-0.011488756164908409,0.9947796329294375,-0.1020472049044574,0.0004046656918973886,0.10204763267559325,0.9947789043575016,-0.0012353076858625592,-0.0002764933336175737,0.0012701538636775249,0.999999155130063,-0.0009022538433782756,-0.000925790867768228,0.00011501473636599258,42.8526489999402,0.009329633632484608,-0.00042761544676705223,-0.0004778580394130456,42.8526489999402,0.009329633632484608,-0.00042761544676705223,-0.0004778580394130456,0.013713438995182514,-0.005920309107750654,-0.0829465389251709,0.0,0.0,0.0,0.9947209235674521,-0.10261850399508887,8.611832307719308e-05,0.10261854003954074,0.9947206077875463,-0.0007926186834090257,-4.326427433538893e-06,0.0007972716129929294,0.9999996821696185,0.0,0.0,0.0
24,1774141097087836730,0.239592502,239,9.926067,0.7623079873155802,42.8623438100796,0.6913281259690258,-0.6913281259690258,0.014745473861694336,0.007103087846189737,-0.08846154808998108,0.010490543209016323,0.021217409521341324,-0.011599584482610226,0.9947814036315266,-0.10202897253950538,0.00041233531607724055,0.10202940998039645,0.9947806776114816,-0.0012349975435223606,-0.00028417772742230646,0.001270622825478858,0.9999991523800151,-6.038337596692145e-05,-7.147279393393546e-05,-0.0005733321304433048,0.014745473861694336,0.007103087846189737,-0.08846154808998108,0.010490543209016323,0.021217409521341324,-0.011599584482610226,0.9947814036315266,-0.10202897253950538,0.00041233531607724055,0.10202940998039645,0.9947806776114816,-0.0012349975435223606,-0.00028417772742230646,0.001270622825478858,0.9999991523800151,-6.038337596692145e-05,-7.147279393393546e-05,-0.0005733321304433048,42.8623438100796,0.009246826888324748,-0.0005852584643450382,-0.00038926632914669377,42.8623438100796,0.009246826888324748,-0.0005852584643450382,-0.00038926632914669377,0.013713438995182514,-0.005920309107750654,-0.0829465389251709,0.0,0.0,0.0,0.9947209235674521,-0.10261850399508887,8.611832307719308e-05,0.10261854003954074,0.9947206077875463,-0.0007926186834090257,-4.326427433538893e-06,0.0007972716129929294,0.9999996821696185,0.0,0.0,0.0
25,1774141097097978465,0.249734237,249,10.141735,0.7076830079313368,42.867525686229364,0.6914117046166026,-0.6914117046166026,0.014729009009897709,0.007305576466023922,-0.0886266678571701,0.010378639213740826,0.021358275786042213,-0.011671981774270535,0.994781738105679,-0.10202578594125056,0.00042115807986606996,0.10202623632643615,0.9947810071097297,-0.0012409006758759174,-0.0002923562544440532,0.0012773943933309037,0.99999914139538,-0.0008307046955451369,-0.00041789014358073473,-0.000604805420152843,0.014729009009897709,0.007305576466023922,-0.0886266678571701,0.010378639213740826,0.021358275786042213,-0.011671981774270535,0.994781738105679,-0.10202578594125056,0.00042115807986606996,0.10202623632643615,0.9947810071097297,-0.0012409006758759174,-0.0002923562544440532,0.0012773943933309037,0.99999914139538,-0.0008307046955451369,-0.00041789014358073473,-0.000604805420152843,42.867525686229364,0.009504754230278927,-0.0004462730763728806,-0.00038710322546194775,42.867525686229364,0.009504754230278927,-0.0004462730763728806,-0.00038710322546194775,0.013713438995182514,-0.005920309107750654,-0.0829465389251709,0.0,0.0,0.0,0.9947209235674521,-0.10261850399508887,8.611832307719308e-05,0.10261854003954074,0.9947206077875463,-0.0007926186834090257,-4.326427433538893e-06,0.0007972716129929294,0.9999996821696185,0.0,0.0,0.0
26,1774141097107953495,0.259709267,259,9.97503,0.537349988007918,42.87833249244611,0.6915860079426792,-0.6915860079426792,0.014682682231068611,0.0076654707081615925,-0.08897779881954193,0.010207097046077251,0.021694328635931015,-0.0118344034999609,0.9947831263258982,-0.10201180437048762,0.0004222159999570929,0.10201225621512555,0.9947823952203985,-0.0012412338578920712,-0.000293392561866751,0.0012778296620593321,0.9999991405357318,-0.0008938410319387913,3.612833097577095e-05,0.0011971836211159825,0.014682682231068611,0.0076654707081615925,-0.08897779881954193,0.010207097046077251,0.021694328635931015,-0.0118344034999609,0.9947831263258982,-0.10201180437048762,0.0004222159999570929,0.10201225621512555,0.9947823952203985,-0.0012412338578920712,-0.000293392561866751,0.0012778296620593321,0.9999991405357318,-0.0008938410319387913,3.612833097577095e-05,0.0011971836211159825,42.87833249244611,0.009628590848544796,-0.0005046693491231122,-0.0006686299133717691,42.87833249244611,0.009628590848544796,-0.0005046693491231122,-0.0006686299133717691,0.013713438995182514,-0.005920309107750654,-0.0829465389251709,0.0,0.0,0.0,0.9947209235674521,-0.10261850399508887,8.611832307719308e-05,0.10261854003954074,0.9947206077875463,-0.0007926186834090257,-4.326427433538893e-06,0.0007972716129929294,0.9999996821696185,0.0,0.0,0.0
27,1774141097117886040,0.269641812,269,9.932545,0.48770097782835364,42.88306969570215,0.6916624144468089,-0.6916624144468089,0.01466018334031105,0.0078460443764925,-0.0891513079404831,0.01008592639118433,0.021846309304237366,-0.011855663731694221,0.9947840284544879,-0.1020024263915198,0.00042435267127599943,0.10200288267100399,0.9947832906178905,-0.0012469832829898019,-0.00029494359954223073,0.0012837642971995182,0.9999991324783506,-0.0009064923506230116,0.0005096293753013015,-0.00029906610143370926,0.01466018334031105,0.0078460443764925,-0.0891513079404831,0.01008592639118433,0.021846309304237366,-0.011855663731694221,0.9947840284544879,-0.1020024263915198,0.00042435267127599943,0.10200288267100399,0.9947832906178905,-0.0012469832829898019,-0.00029494359954223073,0.0012837642971995182,0.9999991324783506,-0.0009064923506230116,0.0005096293753013015,-0.00029906610143370926,42.88306969570215,0.009695930065079227,-0.0005849036323283987,-0.0004517202958625459,42.88306969570215,0.009695930065079227,-0.0005849036323283987,-0.0004517202958625459,0.013713438995182514,-0.005920309107750654,-0.0829465389251709,0.0,0.0,0.0,0.9947209235674521,-0.10261850399508887,8.611832307719308e-05,0.10261854003954074,0.9947206077875463,-0.0007926186834090257,-4.326427433538893e-06,0.0007972716129929294,0.9999996821696185,0.0,0.0,0.0
28,1774141097127974655,0.279730427,279,10.088615,0.6822719878982753,42.88787406843124,0.6917399043295361,-0.6917399043295361,0.01463811844587326,0.008027136325836182,-0.08932319283485413,0.010027146898210049,0.022008128464221954,-0.011883881874382496,0.9947852079765516,-0.10199268990289001,0.00042873500949034554,0.10199315124480601,0.9947844738970526,-0.0012450738658207477,-0.0002995106279839871,0.00128230886429017,0.9999991329884234,0.0006417845725081861,-0.00023782295465935022,0.000548670650459826,0.01463811844587326,0.008027136325836182,-0.08932319283485413,0.010027146898210049,0.022008128464221954,-0.011883881874382496,0.9947852079765516,-0.10199268990289001,0.00042873500949034554,0.10199315124480601,0.9947844738970526,-0.0012450738658207477,-0.0002995106279839871,0.00128230886429017,0.9999991329884234,0.0006417845725081861,-0.00023782295465935022,0.000548670650459826,42.88787406843124,0.009357221810771215,-0.0003666320353663105,-0.0005867232750916069,42.88787406843124,0.009357221810771215,-0.0003666320353663105,-0.0005867232750916069,0.013713438995182514,-0.005920309107750654,-0.0829465389251709,0.0,0.0,0.0,0.9947209235674521,-0.10261850399508887,8.611832307719308e-05,0.10261854003954074,0.9947206077875463,-0.0007926186834090257,-4.326427433538893e-06,0.0007972716129929294,0.9999996821696185,0.0,0.0,0.0
