step,timestamp_ns,experiment_time_s,reference_index,tick_dt_ms,solver_ms,px4_collective_command_newton,px4_collective_normalized,px4_thrust_body_z,state_raw_0,state_raw_1,state_raw_2,state_raw_3,state_raw_4,state_raw_5,state_raw_6,state_raw_7,state_raw_8,state_raw_9,state_raw_10,state_raw_11,state_raw_12,state_raw_13,state_raw_14,state_raw_15,state_raw_16,state_raw_17,state_used_0,state_used_1,state_used_2,state_used_3,state_used_4,state_used_5,state_used_6,state_used_7,state_used_8,state_used_9,state_used_10,state_used_11,state_used_12,state_used_13,state_used_14,state_used_15,state_used_16,state_used_17,control_raw_0,control_raw_1,control_raw_2,control_raw_3,control_used_0,control_used_1,control_used_2,control_used_3,reference_0,reference_1,reference_2,reference_3,reference_4,reference_5,reference_6,reference_7,reference_8,reference_9,reference_10,reference_11,reference_12,reference_13,reference_14,reference_15,reference_16,reference_17
0,1774985717902108021,0.0,0,0.0,0.41309999869554304,43.115275404846514,0.6954076678201051,-0.6954076678201051,-0.042653124779462814,0.026204116642475128,-0.024312496185302734,-0.017706291750073433,0.010987414978444576,-0.0279245488345623,0.994583087330287,-0.10394185444464532,0.0009211180136989964,0.10394260575410175,0.9945831062510107,-0.000809096136418945,-0.0008320294595869596,0.0009004565128357285,0.9999992484523347,-0.0009065938065759838,-0.0003384911105968058,0.00025773380184546113,-0.042653124779462814,0.026204116642475128,-0.024312496185302734,-0.017706291750073433,0.010987414978444576,-0.0279245488345623,0.994583087330287,-0.10394185444464532,0.0009211180136989964,0.10394260575410175,0.9945831062510107,-0.000809096136418945,-0.0008320294595869596,0.0009004565128357285,0.9999992484523347,-0.0009065938065759838,-0.0003384911105968058,0.00025773380184546113,43.115275404846514,0.004139026449157983,0.0064288149502944435,-8.992013684321888e-05,43.115275404846514,0.004139026449157983,0.0064288149502944435,-8.992013684321888e-05,-0.040600184351205826,0.025507213547825813,-0.01693768799304962,0.0,0.0,0.0,0.9945765760803907,-0.10400689550316665,0.0,0.10400689550316665,0.9945765760803907,0.0,0.0,0.0,1.0,0.0,0.0,0.0
1,1774985717912071636,0.009963615,9,9.963615,0.43326599916326813,43.12479425278535,0.6955611976255701,-0.6955611976255701,-0.04280473291873932,0.026193242520093918,-0.024607017636299133,-0.017916560173034668,0.010990512557327747,-0.028085246682167053,0.9945830712343571,-0.10394026047028015,0.0009310707624087648,0.10394101638944231,0.9945831031374177,-0.0008039221276193647,-0.0008424673739925798,0.0008963438378471352,0.9999992434079139,-0.0003986395604442805,-0.0005494329379871488,-0.0011120097478851676,-0.04280473291873932,0.026193242520093918,-0.024607017636299133,-0.017916560173034668,0.010990512557327747,-0.028085246682167053,0.9945830712343571,-0.10394026047028015,0.0009310707624087648,0.10394101638944231,0.9945831031374177,-0.0008039221276193647,-0.0008424673739925798,0.0008963438378471352,0.9999992434079139,-0.0003986395604442805,-0.0005494329379871488,-0.0011120097478851676,43.12479425278535,0.0039915998834528345,0.006566485334317034,0.00011428332389837083,43.12479425278535,0.0039915998834528345,0.006566485334317034,0.00011428332389837083,-0.040600184351205826,0.025507213547825813,-0.01693768799304962,0.0,0.0,0.0,0.9945765760803907,-0.10400689550316665,0.0,0.10400689550316665,0.9945765760803907,0.0,0.0,0.0,1.0,0.0,0.0,0.0
2,1774985717922042450,0.019934429,19,9.970814,0.4408860004332382,43.141598381053214,0.6958322319524712,-0.6958322319524712,-0.043132029473781586,0.02610727585852146,-0.025172337889671326,-0.018261980265378952,0.01084972359240055,-0.028306711465120316,0.9945848788232304,-0.10392502767489842,0.0009399549042166545,0.10392578028678434,0.9945849300475395,-0.0007906899777598202,-0.0008526924942759502,0.0008840935318710479,0.9999992456469126,-4.016696766484529e-05,0.000532610050868243,-0.00011222234752494842,-0.043132029473781586,0.02610727585852146,-0.025172337889671326,-0.018261980265378952,0.01084972359240055,-0.028306711465120316,0.9945848788232304,-0.10392502767489842,0.0009399549042166545,0.10392578028678434,0.9945849300475395,-0.0007906899777598202,-0.0008526924942759502,0.0008840935318710479,0.9999992456469126,-4.016696766484529e-05,0.000532610050868243,-0.00011222234752494842,43.141598381053214,0.0038177159782413323,0.006422596763556976,-4.794968455598355e-05,43.141598381053214,0.0038177159782413323,0.006422596763556976,-4.794968455598355e-05,-0.040600184351205826,0.025507213547825813,-0.01693768799304962,0.0,0.0,0.0,0.9945765760803907,-0.10400689550316665,0.0,0.10400689550316665,0.9945765760803907,0.0,0.0,0.0,1.0,0.0,0.0,0.0
3,1774985717931997624,0.029889603,29,9.955174,0.3566030027286615,43.14979656474739,0.6959644607217321,-0.6959644607217321,-0.043298281729221344,0.02606690675020218,-0.025455504655838013,-0.018407447263598442,0.010807487182319164,-0.0283834058791399,0.99458532686642,-0.10391936027437065,0.0009517626455236503,0.10392011405854462,0.9945853976672163,-0.0007799687376563308,-0.0008655553727012627,0.0008746526521559092,0.9999992428980692,-0.0006184560479596257,-0.0011728783138096333,-0.000590925628785044,-0.043298281729221344,0.02606690675020218,-0.025455504655838013,-0.018407447263598442,0.010807487182319164,-0.0283834058791399,0.99458532686642,-0.10391936027437065,0.0009517626455236503,0.10392011405854462,0.9945853976672163,-0.0007799687376563308,-0.0008655553727012627,0.0008746526521559092,0.9999992428980692,-0.0006184560479596257,-0.0011728783138096333,-0.000590925628785044,43.14979656474739,0.003916468229152164,0.006926149047952463,1.9309289416086868e-05,43.14979656474739,0.003916468229152164,0.006926149047952463,1.9309289416086868e-05,-0.040600184351205826,0.025507213547825813,-0.01693768799304962,0.0,0.0,0.0,0.9945765760803907,-0.10400689550316665,0.0,0.10400689550316665,0.9945765760803907,0.0,0.0,0.0,1.0,0.0,0.0,0.0
4,1774985717942043110,0.039935089,39,10.045486,0.2802620001602918,43.1585809182154,0.6961061438421838,-0.6961061438421838,-0.04346605762839317,0.026028161868453026,-0.025733307003974915,-0.01855579949915409,0.010754742659628391,-0.028513507917523384,0.9945860015676019,-0.10391280685192217,0.0009570411687100161,0.10391356164896948,0.9945860805697989,-0.0007758299905662926,-0.0008712411485692854,0.0008710791203487772,0.9999992410797606,-0.0008532113279215991,0.0006392247159965336,0.00021276136976666749,-0.04346605762839317,0.026028161868453026,-0.025733307003974915,-0.01855579949915409,0.010754742659628391,-0.028513507917523384,0.9945860015676019,-0.10391280685192217,0.0009570411687100161,0.10391356164896948,0.9945860805697989,-0.0007758299905662926,-0.0008712411485692854,0.0008710791203487772,0.9999992410797606,-0.0008532113279215991,0.0006392247159965336,0.00021276136976666749,43.1585809182154,0.003943728828250143,0.006534524418348324,-0.00010651266739560631,43.1585809182154,0.003943728828250143,0.006534524418348324,-0.00010651266739560631,-0.040600184351205826,0.025507213547825813,-0.01693768799304962,0.0,0.0,0.0,0.9945765760803907,-0.10400689550316665,0.0,0.10400689550316665,0.9945765760803907,0.0,0.0,0.0,1.0,0.0,0.0,0.0
5,1774985717951984923,0.049876902,49,9.941813,0.30318899734993465,43.16673743469353,0.6962377005595731,-0.6962377005595731,-0.04363119974732399,0.025964556261897087,-0.025998473167419434,-0.01876249350607395,0.010669030249118805,-0.028617918491363525,0.9945877019972602,-0.10389615778838657,0.0009703543738018763,0.10389691647254096,0.9945878002700408,-0.0007671092001160923,-0.0008854029209385272,0.000863774162181705,0.999999234977657,-5.9448895626701415e-05,-0.0010863776551559567,0.0009844716405496001,-0.04363119974732399,0.025964556261897087,-0.025998473167419434,-0.01876249350607395,0.010669030249118805,-0.028617918491363525,0.9945877019972602,-0.10389615778838657,0.0009703543738018763,0.10389691647254096,0.9945878002700408,-0.0007671092001160923,-0.0008854029209385272,0.000863774162181705,0.999999234977657,-5.9448895626701415e-05,-0.0010863776551559567,0.0009844716405496001,43.16673743469353,0.0036915279129845473,0.007057743964075747,-0.0002356552999120702,43.16673743469353,0.0036915279129845473,0.007057743964075747,-0.0002356552999120702,-0.040600184351205826,0.025507213547825813,-0.01693768799304962,0.0,0.0,0.0,0.9945765760803907,-0.10400689550316665,0.0,0.10400689550316665,0.9945765760803907,0.0,0.0,0.0,1.0,0.0,0.0,0.0
6,1774985717962084417,0.059976396,59,10.099494,0.5266380030661821,43.17440333999301,0.6963613441934356,-0.6963613441934356,-0.043798718601465225,0.02590288035571575,-0.026264458894729614,-0.018990354612469673,0.010599450208246708,-0.028681490570306778,0.9945883801427728,-0.10388942821006442,0.0009818695581488186,0.10389018804969763,0.9945884971139944,-0.0007573058883971265,-0.0008978800909934456,0.0008552142304814152,0.9999992312096937,-0.0007716175750829279,-0.0004901263164356351,-0.0009639191557653248,-0.043798718601465225,0.02590288035571575,-0.026264458894729614,-0.018990354612469673,0.010599450208246708,-0.028681490570306778,0.9945883801427728,-0.10388942821006442,0.0009818695581488186,0.10389018804969763,0.9945884971139944,-0.0007573058883971265,-0.0008978800909934456,0.0008552142304814152,0.9999992312096937,-0.0007716175750829279,-0.0004901263164356351,-0.0009639191557653248,43.17440333999301,0.0038162657275883204,0.007000886262885172,5.119401359447468e-05,43.17440333999301,0.0038162657275883204,0.007000886262885172,5.119401359447468e-05,-0.040600184351205826,0.025507213547825813,-0.01693768799304962,0.0,0.0,0.0,0.9945765760803907,-0.10400689550316665,0.0,0.10400689550316665,0.9945765760803907,0.0,0.0,0.0,1.0,0.0,0.0,0.0
7,1774985717972021586,0.069913565,69,9.937169,0.2945180021924898,43.19073768585061,0.6966248013846872,-0.6966248013846872,-0.04414037615060806,0.025784535333514214,-0.026798784732818604,-0.019383501261472702,0.010424146428704262,-0.028917361050844193,0.9945905506993681,-0.10386852990609174,0.0009949943472385737,0.10386928051768529,0.9945906985193774,-0.000734875886231813,-0.0009132816428515031,0.0008342499385868528,0.9999992349715564,0.0001800920581445098,9.012824739329517e-05,-0.00029637766419909894,-0.04414037615060806,0.025784535333514214,-0.026798784732818604,-0.019383501261472702,0.010424146428704262,-0.028917361050844193,0.9945905506993681,-0.10386852990609174,0.0009949943472385737,0.10386928051768529,0.9945906985193774,-0.000734875886231813,-0.0009132816428515031,0.0008342499385868528,0.9999992349715564,0.0001800920581445098,9.012824739329517e-05,-0.00029637766419909894,43.19073768585061,0.003459104345323157,0.0070030598346174895,-6.575330893091434e-05,43.19073768585061,0.003459104345323157,0.0070030598346174895,-6.575330893091434e-05,-0.040600184351205826,0.025507213547825813,-0.01693768799304962,0.0,0.0,0.0,0.9945765760803907,-0.10400689550316665,0.0,0.10400689550316665,0.9945765760803907,0.0,0.0,0.0,1.0,0.0,0.0,0.0
8,1774985717982182743,0.080074722,80,10.161157,0.4861679990426637,43.19855774650995,0.6967509313953217,-0.6967509313953217,-0.04431433603167534,0.025727665051817894,-0.027067333459854126,-0.01957617700099945,0.010301409289240837,-0.028984496369957924,0.9945921964332206,-0.10385294531358125,0.001002874304269057,0.10385368520020699,0.9945923669839908,-0.000716114938228811,-0.0009230804753137881,0.0008163944579748627,0.9999992407110009,0.0005260760081000626,-0.0004182890406809747,0.0011247317306697369,-0.04431433603167534,0.025727665051817894,-0.027067333459854126,-0.01957617700099945,0.010301409289240837,-0.028984496369957924,0.9945921964332206,-0.10385294531358125,0.001002874304269057,0.10385368520020699,0.9945923669839908,-0.000716114938228811,-0.0009230804753137881,0.0008163944579748627,0.9999992407110009,0.0005260760081000626,-0.0004182890406809747,0.0011247317306697369,43.19855774650995,0.003287469540286219,0.007205931659847206,-0.0002914709122412315,43.19855774650995,0.003287469540286219,0.007205931659847206,-0.0002914709122412315,-0.040600184351205826,0.025507213547825813,-0.01693768799304962,0.0,0.0,0.0,0.9945765760803907,-0.10400689550316665,0.0,0.10400689550316665,0.9945765760803907,0.0,0.0,0.0,1.0,0.0,0.0,0.0
9,1774985717992013268,0.089905247,89,9.830525,0.4475149980862625,43.20686420937789,0.6968849066028692,-0.6968849066028692,-0.04448742792010307,0.02564007230103016,-0.02733011543750763,-0.019810250028967857,0.010160417295992374,-0.029099976643919945,0.9945933966232872,-0.10384090472054597,0.0010210666741817184,0.10384164243213156,0.9945935987798578,-0.0006980258670339634,-0.0009430627404422853,0.0008002811579454552,0.9999992350910756,0.0005276182782836258,-0.0014918153174221516,0.00010829733218997717,-0.04448742792010307,0.02564007230103016,-0.02733011543750763,-0.019810250028967857,0.010160417295992374,-0.029099976643919945,0.9945933966232872,-0.10384090472054597,0.0010210666741817184,0.10384164243213156,0.9945935987798578,-0.0006980258670339634,-0.0009430627404422853,0.0008002811579454552,0.9999992350910756,0.0005276182782836258,-0.0014918153174221516,0.00010829733218997717,43.20686420937789,0.0031953185663206917,0.0075832352840979516,-0.00014870005960279574,43.20686420937789,0.0031953185663206917,0.0075832352840979516,-0.00014870005960279574,-0.040600184351205826,0.025507213547825813,-0.01693768799304962,0.0,0.0,0.0,0.9945765760803907,-0.10400689550316665,0.0,0.10400689550316665,0.9945765760803907,0.0,0.0,0.0,1.0,0.0,0.0,0.0
10,1774985718002070520,0.099962499,99,10.057252,0.41550500100129284,43.22253413850409,0.6971376473952272,-0.6971376473952272,-0.04484070837497711,0.025469888001680374,-0.027847513556480408,-0.02020318992435932,0.009939400479197502,-0.02931131049990654,0.9945947356298311,-0.10382957415208649,0.0010463948326651304,0.1038303153882445,0.9945949757489679,-0.0006807164275518668,-0.0009700604987787215,0.0007856841790926175,0.9999992208413245,-0.0011026578722521663,-0.0008282572380267084,-0.0004797466972377151,-0.04484070837497711,0.025469888001680374,-0.027847513556480408,-0.02020318992435932,0.009939400479197502,-0.02931131049990654,0.9945947356298311,-0.10382957415208649,0.0010463948326651304,0.1038303153882445,0.9945949757489679,-0.0006807164275518668,-0.0009700604987787215,0.0007856841790926175,0.9999992208413245,-0.0011026578722521663,-0.0008282572380267084,-0.0004797466972377151,43.22253413850409,0.003480878817248484,0.007594699249207924,-6.962225829561734e-05,43.22253413850409,0.003480878817248484,0.007594699249207924,-6.962225829561734e-05,-0.040600184351205826,0.025507213547825813,-0.01693768799304962,0.0,0.0,0.0,0.9945765760803907,-0.10400689550316665,0.0,0.10400689550316665,0.9945765760803907,0.0,0.0,0.0,1.0,0.0,0.0,0.0
11,1774985718011991468,0.109883447,109,9.920948,0.34581900035846047,43.230583723789486,0.6972674794159595,-0.6972674794159595,-0.045020315796136856,0.025387495756149292,-0.02810242772102356,-0.02035888470709324,0.00987110286951065,-0.029417909681797028,0.9945958405796278,-0.10381788583765261,0.0010468639217099014,0.1038186160280059,0.9945960903266877,-0.0006689657340184542,-0.0009717561368564019,0.0007740343883514515,0.9999992282801377,-0.0003245639381930232,0.0011398681672289968,0.0001350707607343793,-0.045020315796136856,0.025387495756149292,-0.02810242772102356,-0.02035888470709324,0.00987110286951065,-0.029417909681797028,0.9945958405796278,-0.10381788583765261,0.0010468639217099014,0.1038186160280059,0.9945960903266877,-0.0006689657340184542,-0.0009717561368564019,0.0007740343883514515,0.9999992282801377,-0.0003245639381930232,0.0011398681672289968,0.0001350707607343793,43.230583723789486,0.003227185877253321,0.00715399131846231,-0.0001712478631010047,43.230583723789486,0.003227185877253321,0.00715399131846231,-0.0001712478631010047,-0.040600184351205826,0.025507213547825813,-0.01693768799304962,0.0,0.0,0.0,0.9945765760803907,-0.10400689550316665,0.0,0.10400689550316665,0.9945765760803907,0.0,0.0,0.0,1.0,0.0,0.0,0.0
12,1774985718022063715,0.119955694,119,10.072247,0.27545099874259904,43.23855826766909,0.697396101091437,-0.697396101091437,-0.04521329700946808,0.025272943079471588,-0.028347492218017578,-0.020514514297246933,0.009682657197117805,-0.029535159468650818,0.9945968527556547,-0.1038079706630417,0.0010538835283801194,0.10380868974054436,0.9945971222999729,-0.0006520752688717133,-0.0009804988985710663,0.0007579541922609657,0.9999992320634178,-4.435019945958629e-06,-0.00016571604646742344,0.00025368441129103303,-0.04521329700946808,0.025272943079471588,-0.028347492218017578,-0.020514514297246933,0.009682657197117805,-0.029535159468650818,0.9945968527556547,-0.1038079706630417,0.0010538835283801194,0.10380868974054436,0.9945971222999729,-0.0006520752688717133,-0.0009804988985710663,0.0007579541922609657,0.9999992320634178,-4.435019945958629e-06,-0.00016571604646742344,0.00025368441129103303,43.23855826766909,0.003046972799421232,0.007546771503957967,-0.00019703083860958095,43.23855826766909,0.003046972799421232,0.007546771503957967,-0.00019703083860958095,-0.040600184351205826,0.025507213547825813,-0.01693768799304962,0.0,0.0,0.0,0.9945765760803907,-0.10400689550316665,0.0,0.10400689550316665,0.9945765760803907,0.0,0.0,0.0,1.0,0.0,0.0,0.0
13,1774985718032266208,0.130158187,130,10.202493,0.3004099999088794,43.24615334340368,0.6975186023129625,-0.6975186023129625,-0.04540851339697838,0.02516002394258976,-0.028594017028808594,-0.020772729068994522,0.009548337198793888,-0.029619010165333748,0.9945981990513676,-0.10379486807724936,0.00106016959243075,0.103795572241554,0.9945984897016867,-0.0006321559798568438,-0.000988828516621701,0.0007387820465463921,0.9999992382093623,0.0005340545321814716,-0.0003872414235956967,0.00022432368132285774,-0.04540851339697838,0.02516002394258976,-0.028594017028808594,-0.020772729068994522,0.009548337198793888,-0.029619010165333748,0.9945981990513676,-0.10379486807724936,0.00106016959243075,0.103795572241554,0.9945984897016867,-0.0006321559798568438,-0.000988828516621701,0.0007387820465463921,0.9999992382093623,0.0005340545321814716,-0.0003872414235956967,0.00022432368132285774,43.24615334340368,0.0028134831006516128,0.007688630809082175,-0.00020318186064045686,43.24615334340368,0.0028134831006516128,0.007688630809082175,-0.00020318186064045686,-0.040600184351205826,0.025507213547825813,-0.01693768799304962,0.0,0.0,0.0,0.9945765760803907,-0.10400689550316665,0.0,0.10400689550316665,0.9945765760803907,0.0,0.0,0.0,1.0,0.0,0.0,0.0
14,1774985718041993439,0.139885418,139,9.727231,0.3058639995288104,43.254751452915215,0.6976572814986325,-0.6976572814986325,-0.04560591280460358,0.025049032643437386,-0.028842180967330933,-0.020984480157494545,0.009380562230944633,-0.02977822721004486,0.9945991955624685,-0.10378513362640485,0.001076941482225655,0.1037858272111305,0.9945995195901851,-0.0006093270359576065,-0.0010078863797153541,0.0007178073825696903,0.999999234458536,0.0009797295788303018,-0.0013299534330144525,-0.0001083902025129646,-0.04560591280460358,0.025049032643437386,-0.028842180967330933,-0.020984480157494545,0.009380562230944633,-0.02977822721004486,0.9945991955624685,-0.10378513362640485,0.001076941482225655,0.1037858272111305,0.9945995195901851,-0.0006093270359576065,-0.0010078863797153541,0.0007178073825696903,0.999999234458536,0.0009797295788303018,-0.0013299534330144525,-0.0001083902025129646,43.254751452915215,0.002590421688708581,0.008027204730844747,-0.00016112985957811743,43.254751452915215,0.002590421688708581,0.008027204730844747,-0.00016112985957811743,-0.040600184351205826,0.025507213547825813,-0.01693768799304962,0.0,0.0,0.0,0.9945765760803907,-0.10400689550316665,0.0,0.10400689550316665,0.9945765760803907,0.0,0.0,0.0,1.0,0.0,0.0,0.0
15,1774985718051985358,0.149877337,149,9.991919,0.292607001028955,43.269113636704006,0.6978889296242582,-0.6978889296242582,-0.04602477699518204,0.02482120506465435,-0.02932046353816986,-0.021455207839608192,0.009082234464585781,-0.029955221340060234,0.9946020892675241,-0.10375662812855158,0.0011000087072909701,0.10375730829778451,0.9946024573313744,-0.0005802760157954182,-0.0010338638879974563,0.0006912777095481517,0.999999226629983,7.536627890658565e-06,0.0002638063160702586,-3.148481118842028e-05,-0.04602477699518204,0.02482120506465435,-0.02932046353816986,-0.021455207839608192,0.009082234464585781,-0.029955221340060234,0.9946020892675241,-0.10375662812855158,0.0011000087072909701,0.10375730829778451,0.9946024573313744,-0.0005802760157954182,-0.0010338638879974563,0.0006912777095481517,0.999999226629983,7.536627890658565e-06,0.0002638063160702586,-3.148481118842028e-05,43.269113636704006,0.0026572276029431076,0.007821725936719091,-0.00019561105636931752,43.269113636704006,0.0026572276029431076,0.007821725936719091,-0.00019561105636931752,-0.040600184351205826,0.025507213547825813,-0.01693768799304962,0.0,0.0,0.0,0.9945765760803907,-0.10400689550316665,0.0,0.10400689550316665,0.9945765760803907,0.0,0.0,0.0,1.0,0.0,0.0,0.0
16,1774985718062068331,0.15996031,159,10.082973,0.5506590023287572,43.277036726151415,0.698016721389539,-0.698016721389539,-0.04624667391180992,0.02470448613166809,-0.029571712017059326,-0.021747393533587456,0.00892068911343813,-0.03005235642194748,0.9946034816050604,-0.10374423963963086,0.0011178065643557902,0.10374490607740317,0.9946038850779297,-0.0005555374241816187,-0.0010541408983014804,0.000668506029525083,0.9999992209430955,0.00036097673000767827,-0.0013129441067576408,0.00033778586657717824,-0.04624667391180992,0.02470448613166809,-0.029571712017059326,-0.021747393533587456,0.00892068911343813,-0.03005235642194748,0.9946034816050604,-0.10374423963963086,0.0011178065643557902,0.10374490607740317,0.9946038850779297,-0.0005555374241816187,-0.0010541408983014804,0.000668506029525083,0.9999992209430955,0.00036097673000767827,-0.0013129441067576408,0.00033778586657717824,43.277036726151415,0.002451031065518621,0.008340518845411182,-0.00026100177555576085,43.277036726151415,0.002451031065518621,0.008340518845411182,-0.00026100177555576085,-0.040600184351205826,0.025507213547825813,-0.01693768799304962,0.0,0.0,0.0,0.9945765760803907,-0.10400689550316665,0.0,0.10400689550316665,0.9945765760803907,0.0,0.0,0.0,1.0,0.0,0.0,0.0
17,1774985718071982723,0.169874702,169,9.914392,0.300010997307254,43.29246453636739,0.6982655570381837,-0.6982655570381837,-0.04669666662812233,0.02447591908276081,-0.03007805347442627,-0.022235434502363205,0.008667292073369026,-0.030257275328040123,0.9946055586803265,-0.10372317904193462,0.0011496851382383592,0.10372383196559021,0.9946060173056498,-0.0005234750004450735,-0.0010891872558203529,0.0006399008633652982,0.9999992020986984,3.4851254895329475e-05,-0.000613159965723753,-0.00011100874689873308,-0.04669666662812233,0.02447591908276081,-0.03007805347442627,-0.022235434502363205,0.008667292073369026,-0.030257275328040123,0.9946055586803265,-0.10372317904193462,0.0011496851382383592,0.10372383196559021,0.9946060173056498,-0.0005234750004450735,-0.0010891872558203529,0.0006399008633652982,0.9999992020986984,3.4851254895329475e-05,-0.000613159965723753,-0.00011100874689873308,43.29246453636739,0.0023569999955730665,0.008388558837293884,-0.0002106443072409071,43.29246453636739,0.0023569999955730665,0.008388558837293884,-0.0002106443072409071,-0.040600184351205826,0.025507213547825813,-0.01693768799304962,0.0,0.0,0.0,0.9945765760803907,-0.10400689550316665,0.0,0.10400689550316665,0.9945765760803907,0.0,0.0,0.0,1.0,0.0,0.0,0.0
18,1774985718082111507,0.180003486,180,10.128784,0.42137299897149205,43.29936228749237,0.6983768110885866,-0.6983768110885866,-0.046926192939281464,0.02434125542640686,-0.030300378799438477,-0.022479495033621788,0.008476373739540577,-0.03032548725605011,0.9946075356158038,-0.10370441413235665,0.0011638686061386655,0.10370505544618536,0.9946080216425296,-0.0005047412319046513,-0.0011052491281344917,0.0006227184020869553,0.9999991953227946,0.00014344109513331205,-0.000884559762198478,0.0007223875145427883,-0.046926192939281464,0.02434125542640686,-0.030300378799438477,-0.022479495033621788,0.008476373739540577,-0.03032548725605011,0.9946075356158038,-0.10370441413235665,0.0011638686061386655,0.10370505544618536,0.9946080216425296,-0.0005047412319046513,-0.0011052491281344917,0.0006227184020869553,0.9999991953227946,0.00014344109513331205,-0.000884559762198478,0.0007223875145427883,43.29936228749237,0.0022199162174631796,0.008562537302370034,-0.00035077290358978016,43.29936228749237,0.0022199162174631796,0.008562537302370034,-0.00035077290358978016,-0.040600184351205826,0.025507213547825813,-0.01693768799304962,0.0,0.0,0.0,0.9945765760803907,-0.10400689550316665,0.0,0.10400689550316665,0.9945765760803907,0.0,0.0,0.0,1.0,0.0,0.0,0.0
19,1774985718092031443,0.189923422,189,9.919936,0.36633299896493554,43.3053113450076,0.6984727636291549,-0.6984727636291549,-0.04715739190578461,0.02420795150101185,-0.030523985624313354,-0.02266308106482029,0.008274202235043049,-0.030318697914481163,0.9946089403146494,-0.10369007701542854,0.0011772413399836167,0.1036907074004687,0.9946094518091535,-0.00048753782600353957,-0.001120342539940547,0.0006069784984249794,0.9999991882045044,-0.0005124608869664371,-0.0007958467467688024,0.0002629889640957117,-0.04715739190578461,0.02420795150101185,-0.030523985624313354,-0.02266308106482029,0.008274202235043049,-0.030318697914481163,0.9946089403146494,-0.10369007701542854,0.0011772413399836167,0.1036907074004687,0.9946094518091535,-0.00048753782600353957,-0.001120342539940547,0.0006069784984249794,0.9999991882045044,-0.0005124608869664371,-0.0007958467467688024,0.0002629889640957117,43.3053113450076,0.002277040878458761,0.00863251462389665,-0.0002934107375023248,43.3053113450076,0.002277040878458761,0.00863251462389665,-0.0002934107375023248,-0.040600184351205826,0.025507213547825813,-0.01693768799304962,0.0,0.0,0.0,0.9945765760803907,-0.10400689550316665,0.0,0.10400689550316665,0.9945765760803907,0.0,0.0,0.0,1.0,0.0,0.0,0.0
20,1774985718102024932,0.199916911,199,9.993489,0.39465399822802283,43.31246688331081,0.6985881755372711,-0.6985881755372711,-0.04739071801304817,0.024076145142316818,-0.030749112367630005,-0.022992510348558426,0.008093566633760929,-0.03040054626762867,0.9946100534268298,-0.10367981550054073,0.0011918744853174658,0.10368043149159312,0.994610593690548,-0.00046704286229454217,-0.0011370280464345212,0.0005880995201429338,0.9999991806527831,0.0004856378072872758,-0.0003931890241801739,-6.393827788997442e-05,-0.04739071801304817,0.024076145142316818,-0.030749112367630005,-0.022992510348558426,0.008093566633760929,-0.03040054626762867,0.9946100534268298,-0.10367981550054073,0.0011918744853174658,0.10368043149159312,0.994610593690548,-0.00046704286229454217,-0.0011370280464345212,0.0005880995201429338,0.9999991806527831,0.0004856378072872758,-0.0003931890241801739,-6.393827788997442e-05,43.31246688331081,0.001913830148081967,0.008656766895387318,-0.00025265606032525643,43.31246688331081,0.001913830148081967,0.008656766895387318,-0.00025265606032525643,-0.040600184351205826,0.025507213547825813,-0.01693768799304962,0.0,0.0,0.0,0.9945765760803907,-0.10400689550316665,0.0,0.10400689550316665,0.9945765760803907,0.0,0.0,0.0,1.0,0.0,0.0,0.0
21,1774985718112099717,0.209991696,209,10.074785,0.2983249978569802,43.31319156097591,0.6985998638867082,-0.6985998638867082,-0.04739071801304817,0.024076145142316818,-0.030749112367630005,-0.022992510348558426,0.008093566633760929,-0.03040054626762867,0.9946100534268298,-0.10367981550054073,0.0011918744853174658,0.10368043149159312,0.994610593690548,-0.00046704286229454217,-0.0011370280464345212,0.0005880995201429338,0.9999991806527831,0.0004856378072872758,-0.0003931890241801739,-6.393827788997442e-05,-0.04739071801304817,0.024076145142316818,-0.030749112367630005,-0.022992510348558426,0.008093566633760929,-0.03040054626762867,0.9946100534268298,-0.10367981550054073,0.0011918744853174658,0.10368043149159312,0.994610593690548,-0.00046704286229454217,-0.0011370280464345212,0.0005880995201429338,0.9999991806527831,0.0004856378072872758,-0.0003931890241801739,-6.393827788997442e-05,43.31319156097591,0.0019138156235665178,0.00865667356027585,-0.0002526560749050534,43.31319156097591,0.0019138156235665178,0.00865667356027585,-0.0002526560749050534,-0.040600184351205826,0.025507213547825813,-0.01693768799304962,0.0,0.0,0.0,0.9945765760803907,-0.10400689550316665,0.0,0.10400689550316665,0.9945765760803907,0.0,0.0,0.0,1.0,0.0,0.0,0.0
22,1774985718122033917,0.219925896,219,9.9342,0.33132799944723956,43.33066202951959,0.6988816456374127,-0.6988816456374127,-0.04806658998131752,0.02367018721997738,-0.03139467537403107,-0.023691779002547264,0.007534616626799107,-0.030501877889037132,0.9946132036118673,-0.10364938556302361,0.0012276934275896045,0.10364995288790757,0.9946138186302516,-0.0004076934573487012,-0.0011788236273467256,0.0005327475602203702,0.9999991632771444,0.0006514569977298379,-0.0010744145838543773,2.2550233552465215e-05,-0.04806658998131752,0.02367018721997738,-0.03139467537403107,-0.023691779002547264,0.007534616626799107,-0.030501877889037132,0.9946132036118673,-0.10364938556302361,0.0012276934275896045,0.10364995288790757,0.9946138186302516,-0.0004076934573487012,-0.0011788236273467256,0.0005327475602203702,0.9999991632771444,0.0006514569977298379,-0.0010744145838543773,2.2550233552465215e-05,43.33066202951959,0.0015384144996877273,0.009120829079464793,-0.00029019258776050394,43.33066202951959,0.0015384144996877273,0.009120829079464793,-0.00029019258776050394,-0.040600184351205826,0.025507213547825813,-0.01693768799304962,0.0,0.0,0.0,0.9945765760803907,-0.10400689550316665,0.0,0.10400689550316665,0.9945765760803907,0.0,0.0,0.0,1.0,0.0,0.0,0.0
23,1774985718132080859,0.229972838,229,10.046942,0.36339500002213754,43.33141848314605,0.6988938465023556,-0.6988938465023556,-0.04806658998131752,0.02367018721997738,-0.03139467537403107,-0.023691779002547264,0.007534616626799107,-0.030501877889037132,0.9946132036118673,-0.10364938556302361,0.0012276934275896045,0.10364995288790757,0.9946138186302516,-0.0004076934573487012,-0.0011788236273467256,0.0005327475602203702,0.9999991632771444,0.0006514569977298379,-0.0010744145838543773,2.2550233552465215e-05,-0.04806658998131752,0.02367018721997738,-0.03139467537403107,-0.023691779002547264,0.007534616626799107,-0.030501877889037132,0.9946132036118673,-0.10364938556302361,0.0012276934275896045,0.10364995288790757,0.9946138186302516,-0.0004076934573487012,-0.0011788236273467256,0.0005327475602203702,0.9999991632771444,0.0006514569977298379,-0.0010744145838543773,2.2550233552465215e-05,43.33141848314605,0.0015384025834038976,0.009120728127676923,-0.0002901926008294448,43.33141848314605,0.0015384025834038976,0.009120728127676923,-0.0002901926008294448,-0.040600184351205826,0.025507213547825813,-0.01693768799304962,0.0,0.0,0.0,0.9945765760803907,-0.10400689550316665,0.0,0.10400689550316665,0.9945765760803907,0.0,0.0,0.0,1.0,0.0,0.0,0.0
24,1774985718142029928,0.239921907,239,9.949069,0.3164570007356815,43.343062943297014,0.6990816603757583,-0.6990816603757583,-0.04851539060473442,0.02339957095682621,-0.03180225193500519,-0.024183280766010284,0.007143102586269379,-0.03059006854891777,0.9946169344254692,-0.10361292470022931,0.001240086954313796,0.1036134427526767,0.9946175880524173,-0.0003608936796248574,-0.0011960190374134816,0.000487440626535135,0.9999991659697095,0.0015039787394925952,-9.65302751865238e-05,0.0021695925388485193,-0.04851539060473442,0.02339957095682621,-0.03180225193500519,-0.024183280766010284,0.007143102586269379,-0.03059006854891777,0.9946169344254692,-0.10361292470022931,0.001240086954313796,0.1036134427526767,0.9946175880524173,-0.0003608936796248574,-0.0011960190374134816,0.000487440626535135,0.9999991659697095,0.0015039787394925952,-9.65302751865238e-05,0.0021695925388485193,43.343062943297014,0.0010804041046529652,0.009047599364319859,-0.0006416431678417033,43.343062943297014,0.0010804041046529652,0.009047599364319859,-0.0006416431678417033,-0.040600184351205826,0.025507213547825813,-0.01693768799304962,0.0,0.0,0.0,0.9945765760803907,-0.10400689550316665,0.0,0.10400689550316665,0.9945765760803907,0.0,0.0,0.0,1.0,0.0,0.0,0.0
25,1774985718152124103,0.250016082,250,10.094175,0.47765499766683206,43.343844379659934,0.6990942641880634,-0.6990942641880634,-0.04851539060473442,0.02339957095682621,-0.03180225193500519,-0.024183280766010284,0.007143102586269379,-0.03059006854891777,0.9946169344254692,-0.10361292470022931,0.001240086954313796,0.1036134427526767,0.9946175880524173,-0.0003608936796248574,-0.0011960190374134816,0.000487440626535135,0.9999991659697095,0.0015039787394925952,-9.65302751865238e-05,0.0021695925388485193,-0.04851539060473442,0.02339957095682621,-0.03180225193500519,-0.024183280766010284,0.007143102586269379,-0.03059006854891777,0.9946169344254692,-0.10361292470022931,0.001240086954313796,0.1036134427526767,0.9946175880524173,-0.0003608936796248574,-0.0011960190374134816,0.000487440626535135,0.9999991659697095,0.0015039787394925952,-9.65302751865238e-05,0.0021695925388485193,43.343844379659934,0.001080394102563638,0.009047492576427984,-0.0006416431796113063,43.343844379659934,0.001080394102563638,0.009047492576427984,-0.0006416431796113063,-0.040600184351205826,0.025507213547825813,-0.01693768799304962,0.0,0.0,0.0,0.9945765760803907,-0.10400689550316665,0.0,0.10400689550316665,0.9945765760803907,0.0,0.0,0.0,1.0,0.0,0.0,0.0
26,1774985718162019560,0.259911539,259,9.895457,0.2921390005212743,43.35579519352682,0.6992870192504327,-0.6992870192504327,-0.04891381785273552,0.02310836687684059,-0.032203465700149536,-0.02459949627518654,0.0067108697257936,-0.03071204200387001,0.9946195165534107,-0.1035890419966159,0.0012432897396185971,0.10358949178090793,0.9946202006750894,-0.00030282305189667513,-0.0012052318513056381,0.000429985304399208,0.999999181264157,0.000981098972260952,0.0007072970038279891,0.0009494198602624238,-0.04891381785273552,0.02310836687684059,-0.032203465700149536,-0.02459949627518654,0.0067108697257936,-0.03071204200387001,0.9946195165534107,-0.1035890419966159,0.0012432897396185971,0.10358949178090793,0.9946202006750894,-0.00030282305189667513,-0.0012052318513056381,0.000429985304399208,0.999999181264157,0.000981098972260952,0.0007072970038279891,0.0009494198602624238,43.35579519352682,0.0009297323891126616,0.008972710085210387,-0.00047793192476580935,43.35579519352682,0.0009297323891126616,0.008972710085210387,-0.00047793192476580935,-0.040600184351205826,0.025507213547825813,-0.01693768799304962,0.0,0.0,0.0,0.9945765760803907,-0.10400689550316665,0.0,0.10400689550316665,0.9945765760803907,0.0,0.0,0.0,1.0,0.0,0.0,0.0
27,1774985718172118377,0.270010356,270,10.098817,0.4691930007538758,43.35659809093604,0.6992999692086458,-0.6992999692086458,-0.04891381785273552,0.02310836687684059,-0.032203465700149536,-0.02459949627518654,0.0067108697257936,-0.03071204200387001,0.9946195165534107,-0.1035890419966159,0.0012432897396185971,0.10358949178090793,0.9946202006750894,-0.00030282305189667513,-0.0012052318513056381,0.000429985304399208,0.999999181264157,0.000981098972260952,0.0007072970038279891,0.0009494198602624238,-0.04891381785273552,0.02310836687684059,-0.032203465700149536,-0.02459949627518654,0.0067108697257936,-0.03071204200387001,0.9946195165534107,-0.1035890419966159,0.0012432897396185971,0.10358949178090793,0.9946202006750894,-0.00030282305189667513,-0.0012052318513056381,0.000429985304399208,0.999999181264157,0.000981098972260952,0.0007072970038279891,0.0009494198602624238,43.35659809093604,0.0009297246379726859,0.008972598212603999,-0.00047793193464300445,43.35659809093604,0.0009297246379726859,0.008972598212603999,-0.00047793193464300445,-0.040600184351205826,0.025507213547825813,-0.01693768799304962,0.0,0.0,0.0,0.9945765760803907,-0.10400689550316665,0.0,0.10400689550316665,0.9945765760803907,0.0,0.0,0.0,1.0,0.0,0.0,0.0
28,1774985718182045444,0.279937423,279,9.927067,0.4880999986198731,43.373889758139256,0.6995788670667622,-0.6995788670667622,-0.04949270933866501,0.022665664553642273,-0.0328059047460556,-0.025159012526273727,0.006045738235116005,-0.030872974544763565,0.9946233080534872,-0.10355134675454014,0.001258933877464119,0.10355174826769531,0.9946240295641113,-0.0002578697330715418,-0.001225463131846266,0.00038684805744215733,0.9999991742940023,5.612745735561475e-05,9.406327444594353e-05,0.0001545040577184409,-0.04949270933866501,0.022665664553642273,-0.0328059047460556,-0.025159012526273727,0.006045738235116005,-0.030872974544763565,0.9946233080534872,-0.10355134675454014,0.001258933877464119,0.10355174826769531,0.9946240295641113,-0.0002578697330715418,-0.001225463131846266,0.00038684805744215733,0.9999991742940023,5.612745735561475e-05,9.406327444594353e-05,0.0001545040577184409,43.373889758139256,0.0008418364194903727,0.00932645748050908,-0.00038909909402060923,43.373889758139256,0.0008418364194903727,0.00932645748050908,-0.00038909909402060923,-0.040600184351205826,0.025507213547825813,-0.01693768799304962,0.0,0.0,0.0,0.9945765760803907,-0.10400689550316665,0.0,0.10400689550316665,0.9945765760803907,0.0,0.0,0.0,1.0,0.0,0.0,0.0
29,1774985718192109909,0.290001888,290,10.064465,0.49769500037655234,43.37472150167642,0.6995922822851035,-0.6995922822851035,-0.04949270933866501,0.022665664553642273,-0.0328059047460556,-0.025159012526273727,0.006045738235116005,-0.030872974544763565,0.9946233080534872,-0.10355134675454014,0.001258933877464119,0.10355174826769531,0.9946240295641113,-0.0002578697330715418,-0.001225463131846266,0.00038684805744215733,0.9999991742940023,5.612745735561475e-05,9.406327444594353e-05,0.0001545040577184409,-0.04949270933866501,0.022665664553642273,-0.0328059047460556,-0.025159012526273727,0.006045738235116005,-0.030872974544763565,0.9946233080534872,-0.10355134675454014,0.001258933877464119,0.10355174826769531,0.9946240295641113,-0.0002578697330715418,-0.001225463131846266,0.00038684805744215733,0.9999991742940023,5.612745735561475e-05,9.406327444594353e-05,0.0001545040577184409,43.37472150167642,0.0008418323559292494,0.009326338544270528,-0.00038909910134100434,43.37472150167642,0.0008418323559292494,0.009326338544270528,-0.00038909910134100434,-0.040600184351205826,0.025507213547825813,-0.01693768799304962,0.0,0.0,0.0,0.9945765760803907,-0.10400689550316665,0.0,0.10400689550316665,0.9945765760803907,0.0,0.0,0.0,1.0,0.0,0.0,0.0
30,1774985718202029283,0.299921262,299,9.919374,0.3187060028722044,43.39160126024494,0.6998645364555636,-0.6998645364555636,-0.05002019181847572,0.022203730419278145,-0.033397212624549866,-0.025718363001942635,0.005355818197131157,-0.031020425260066986,0.9946241416282752,-0.1035430562258759,0.0012764478133729662,0.10354340180665678,0.9946249030672228,-0.00020751436998139167,-0.0012481001214487766,0.0003385665678311278,0.9999991638090246,-1.4294020729721524e-05,-0.0004144354024901986,7.477861799998209e-05,-0.05002019181847572,0.022203730419278145,-0.033397212624549866,-0.025718363001942635,0.005355818197131157,-0.031020425260066986,0.9946241416282752,-0.1035430562258759,0.0012764478133729662,0.10354340180665678,0.9946249030672228,-0.00020751436998139167,-0.0012481001214487766,0.0003385665678311278,0.9999991638090246,-1.4294020729721524e-05,-0.0004144354024901986,7.477861799998209e-05,43.39160126024494,0.0005203065149145138,0.009651368977005645,-0.00038391654835366845,43.39160126024494,0.0005203065149145138,0.009651368977005645,-0.00038391654835366845,-0.040600184351205826,0.025507213547825813,-0.01693768799304962,0.0,0.0,0.0,0.9945765760803907,-0.10400689550316665,0.0,0.10400689550316665,0.9945765760803907,0.0,0.0,0.0,1.0,0.0,0.0,0.0
