step,timestamp_ns,experiment_time_s,reference_index,tick_dt_ms,solver_ms,px4_collective_command_newton,px4_collective_normalized,px4_thrust_body_z,state_raw_0,state_raw_1,state_raw_2,state_raw_3,state_raw_4,state_raw_5,state_raw_6,state_raw_7,state_raw_8,state_raw_9,state_raw_10,state_raw_11,state_raw_12,state_raw_13,state_raw_14,state_raw_15,state_raw_16,state_raw_17,state_used_0,state_used_1,state_used_2,state_used_3,state_used_4,state_used_5,state_used_6,state_used_7,state_used_8,state_used_9,state_used_10,state_used_11,state_used_12,state_used_13,state_used_14,state_used_15,state_used_16,state_used_17,control_raw_0,control_raw_1,control_raw_2,control_raw_3,control_used_0,control_used_1,control_used_2,control_used_3,reference_0,reference_1,reference_2,reference_3,reference_4,reference_5,reference_6,reference_7,reference_8,reference_9,reference_10,reference_11,reference_12,reference_13,reference_14,reference_15,reference_16,reference_17
0,1774031896731389991,0.0,0,0.0,36.297432001447305,77.06334297801341,0.9632917872251676,-0.9632917872251676,-0.018537744879722595,0.01536427903920412,-0.035557299852371216,0.016292357817292213,-0.003091917373239994,0.0034846493508666754,0.9944565679012431,-0.10514710979902175,0.000433443547715517,0.10514686229438097,0.9944565314175644,0.000559003503576184,-0.0004898183849728057,-0.0005103294776997451,0.999999749820852,0.0002683355414774269,-6.860993744339794e-05,0.00036857425584457815,-0.018537744879722595,0.01536427903920412,-0.035557299852371216,0.016292357817292213,-0.003091917373239994,0.0034846493508666754,0.9944565679012431,-0.10514710979902175,0.000433443547715517,0.10514686229438097,0.9944565314175644,0.000559003503576184,-0.0004898183849728057,-0.0005103294776997451,0.999999749820852,0.0002683355414774269,-6.860993744339794e-05,0.00036857425584457815,37.06334297801341,0.35039629390475435,0.02314567473365532,-0.00415387841541128,37.06334297801341,0.35039629390475435,0.02314567473365532,-0.00415387841541128,-0.012028062716126442,0.013413888402283192,-0.034373700618743896,0.0,0.0,0.0,0.9944255816282478,-0.1054405694051821,-0.0003488623452393997,0.105440760642181,0.9944254506460354,0.0005847056903227725,0.0002852659038130416,-0.0006182305753871225,0.9999997682071406,0.0,0.0,0.0
1,1774031896798386005,0.066996014,66,66.996014,11.243335000472143,77.06334297801341,0.9632917872251676,-0.9632917872251676,-0.018537744879722595,0.01536427903920412,-0.035557299852371216,0.016292357817292213,-0.003091917373239994,0.0034846493508666754,0.9944565679012431,-0.10514710979902175,0.000433443547715517,0.10514686229438097,0.9944565314175644,0.000559003503576184,-0.0004898183849728057,-0.0005103294776997451,0.999999749820852,0.0002683355414774269,-6.860993744339794e-05,0.00036857425584457815,-0.018537744879722595,0.01536427903920412,-0.035557299852371216,0.016292357817292213,-0.003091917373239994,0.0034846493508666754,0.9944565679012431,-0.10514710979902175,0.000433443547715517,0.10514686229438097,0.9944565314175644,0.000559003503576184,-0.0004898183849728057,-0.0005103294776997451,0.999999749820852,0.0002683355414774269,-6.860993744339794e-05,0.00036857425584457815,37.06334297801341,0.35039629390475435,0.02314567473365532,-0.00415387841541128,37.06334297801341,0.35039629390475435,0.02314567473365532,-0.00415387841541128,-0.012028062716126442,0.013413888402283192,-0.034373700618743896,0.0,0.0,0.0,0.9944255816282478,-0.1054405694051821,-0.0003488623452393997,0.105440760642181,0.9944254506460354,0.0005847056903227725,0.0002852659038130416,-0.0006182305753871225,0.9999997682071406,0.0,0.0,0.0
2,1774031896811122865,0.079732874,79,12.73686,11.86410800437443,78.44158069599378,0.9805197586999223,-0.9805197586999223,-0.018888428807258606,0.01547916978597641,-0.035724446177482605,0.015789903700351715,-0.0029336765874177217,0.0031585348770022392,0.9944570735903654,-0.10514216137925603,0.00046533059020666535,0.10514189889624448,0.9944570544336414,0.0005566234269559947,-0.0005212758968660164,-0.0005046123630717437,0.999999736818862,0.00018584381905384362,-0.0003451830998528749,-0.0002650521928444505,-0.018888428807258606,0.01547916978597641,-0.035724446177482605,0.015789903700351715,-0.0029336765874177217,0.0031585348770022392,0.9944570735903654,-0.10514216137925603,0.00046533059020666535,0.10514189889624448,0.9944570544336414,0.0005566234269559947,-0.0005212758968660164,-0.0005046123630717437,0.999999736818862,0.00018584381905384362,-0.0003451830998528749,-0.0002650521928444505,38.44158069599378,0.3546494574332156,0.026738820010590275,0.0024992868427301507,38.44158069599378,0.3546494574332156,0.026738820010590275,0.0024992868427301507,-0.012028062716126442,0.013413888402283192,-0.034373700618743896,0.0,0.0,0.0,0.9944255816282478,-0.1054405694051821,-0.0003488623452393997,0.105440760642181,0.9944254506460354,0.0005847056903227725,0.0002852659038130416,-0.0006182305753871225,0.9999997682071406,0.0,0.0,0.0
3,1774031896824653416,0.093263425,93,13.530551,11.508960000355728,79.31962654572942,0.9914953318216178,-0.9914953318216178,-0.019059233367443085,0.015536272898316383,-0.03580813109874725,0.015532071702182293,-0.0028569824062287807,0.0029481579549610615,0.9944582900263012,-0.10513189556076985,0.0004924652704115327,0.10513161932520432,0.9944582852869676,0.0005568037180622124,-0.0005482738744239687,-0.0005019444009385279,0.9999997237237814,-0.0004019538755528629,-0.001649663783609867,0.0005694647552445531,-0.019059233367443085,0.015536272898316383,-0.03580813109874725,0.015532071702182293,-0.0028569824062287807,0.0029481579549610615,0.9944582900263012,-0.10513189556076985,0.0004924652704115327,0.10513161932520432,0.9944582852869676,0.0005568037180622124,-0.0005482738744239687,-0.0005019444009385279,0.9999997237237814,-0.0004019538755528629,-0.001649663783609867,0.0005694647552445531,39.31962654572942,0.3634237538681439,0.0427647808400433,-0.006256896739792415,39.31962654572942,0.3634237538681439,0.0427647808400433,-0.006256896739792415,-0.012028062716126442,0.013413888402283192,-0.034373700618743896,0.0,0.0,0.0,0.9944255816282478,-0.1054405694051821,-0.0003488623452393997,0.105440760642181,0.9944254506460354,0.0005847056903227725,0.0002852659038130416,-0.0006182305753871225,0.9999997682071406,0.0,0.0,0.0
4,1774031896837752782,0.106362791,106,13.099366,10.257731992169283,79.9993985045252,0.999992481306565,-0.999992481306565,-0.019383663311600685,0.015616156160831451,-0.03596915304660797,0.014996664598584175,-0.0028053338173776865,0.0027134681586176157,0.9944601594818924,-0.10511383655282414,0.0005288310924939562,0.10511354235103831,0.9944601755191197,0.0005564303837482572,-0.0005843898865792608,-0.0004977605416367018,0.999999705361436,-0.0004487828118726611,-0.0001615989749552682,0.000695331022143364,-0.019383663311600685,0.015616156160831451,-0.03596915304660797,0.014996664598584175,-0.0028053338173776865,0.0027134681586176157,0.9944601594818924,-0.10511383655282414,0.0005288310924939562,0.10511354235103831,0.9944601755191197,0.0005564303837482572,-0.0005843898865792608,-0.0004977605416367018,0.999999705361436,-0.0004487828118726611,-0.0001615989749552682,0.000695331022143364,39.99939850452521,0.366595073670544,0.024809563724922636,-0.007576455384165162,39.99939850452521,0.366595073670544,0.024809563724922636,-0.007576455384165162,-0.012028062716126442,0.013413888402283192,-0.034373700618743896,0.0,0.0,0.0,0.9944255816282478,-0.1054405694051821,-0.0003488623452393997,0.105440760642181,0.9944254506460354,0.0005847056903227725,0.0002852659038130416,-0.0006182305753871225,0.9999997682071406,0.0,0.0,0.0
5,1774031896849474483,0.118084492,118,11.721701,22.61407299374696,80.0,1.0,-1.0,-0.019542207941412926,0.015655547380447388,-0.03604517877101898,0.01469205692410469,-0.0027838617097586393,0.002576950006186962,0.9944605100105687,-0.1051103022787776,0.0005453305042174624,0.10510999809233579,0.9944605343455212,0.000559402516489105,-0.0006011085382354145,-0.0004989840273444616,0.999999694841711,0.0008559008711017668,-0.00017656532872933894,-0.00039827232831157744,-0.019542207941412926,0.015655547380447388,-0.03604517877101898,0.01469205692410469,-0.0027838617097586393,0.002576950006186962,0.9944605100105687,-0.1051103022787776,0.0005453305042174624,0.10510999809233579,0.9944605343455212,0.000559402516489105,-0.0006011085382354145,-0.0004989840273444616,0.999999694841711,0.0008559008711017668,-0.00017656532872933894,-0.00039827232831157744,40.00336494882593,0.3518830951819457,0.025060618555779877,0.0039034931841238065,40.00336494882593,0.3518830951819457,0.025060618555779877,0.0039034931841238065,-0.012028062716126442,0.013413888402283192,-0.034373700618743896,0.0,0.0,0.0,0.9944255816282478,-0.1054405694051821,-0.0003488623452393997,0.105440760642181,0.9944254506460354,0.0005847056903227725,0.0002852659038130416,-0.0006182305753871225,0.9999997682071406,0.0,0.0,0.0
6,1774031896873478536,0.142088545,142,24.004053,15.222703994368203,80.0,1.0,-1.0,-0.019698627293109894,0.015694634988904,-0.03612139821052551,0.014386565424501896,-0.002727557672187686,0.0024208053946495056,0.9944619755201697,-0.105095070108572,0.0005647829769201741,0.10509475730252205,0.9944620125852853,0.0005576816185444899,-0.0006202648508042289,-0.0004952374314791074,0.9999996850056387,-0.0006629847921431065,-0.001126082381233573,0.00163901480846107,-0.019698627293109894,0.015694634988904,-0.03612139821052551,0.014386565424501896,-0.002727557672187686,0.0024208053946495056,0.9944619755201697,-0.105095070108572,0.0005647829769201741,0.10509475730252205,0.9944620125852853,0.0005576816185444899,-0.0006202648508042289,-0.0004952374314791074,0.9999996850056387,-0.0006629847921431065,-0.001126082381233573,0.00163901480846107,40.0009918404709,0.37165056916524636,0.036761051180435565,-0.017475872424012637,40.0009918404709,0.37165056916524636,0.036761051180435565,-0.017475872424012637,-0.012028062716126442,0.013413888402283192,-0.034373700618743896,0.0,0.0,0.0,0.9944255816282478,-0.1054405694051821,-0.0003488623452393997,0.105440760642181,0.9944254506460354,0.0005847056903227725,0.0002852659038130416,-0.0006182305753871225,0.9999997682071406,0.0,0.0,0.0
7,1774031896890147434,0.158757443,158,16.668898,18.000912998104468,79.99712617996093,0.9999640772495116,-0.9999640772495116,-0.019852489233016968,0.01571851782500744,-0.03618994355201721,0.014064250513911247,-0.0026839058846235275,0.0022927315440028906,0.994462794471393,-0.1050874536808668,0.0005784675191201085,0.1050871373725919,0.9944628426469208,0.0005525279207062436,-0.0006333282287173817,-0.0004886789626601926,0.9999996800440557,-0.001201438601128757,-0.00018809008179232478,0.0001316123962169513,-0.019852489233016968,0.01571851782500744,-0.03618994355201721,0.014064250513911247,-0.0026839058846235275,0.0022927315440028906,0.994462794471393,-0.1050874536808668,0.0005784675191201085,0.1050871373725919,0.9944628426469208,0.0005525279207062436,-0.0006333282287173817,-0.0004886789626601926,0.9999996800440557,-0.001201438601128757,-0.00018809008179232478,0.0001316123962169513,39.99712617996094,0.37918149490209885,0.02540973370578522,-0.001653736903899484,39.99712617996094,0.37918149490209885,0.02540973370578522,-0.001653736903899484,-0.012028062716126442,0.013413888402283192,-0.034373700618743896,0.0,0.0,0.0,0.9944255816282478,-0.1054405694051821,-0.0003488623452393997,0.105440760642181,0.9944254506460354,0.0005847056903227725,0.0002852659038130416,-0.0006182305753871225,0.9999997682071406,0.0,0.0,0.0
8,1774031896909580501,0.17819051,178,19.433067,20.543298000120558,79.99982166723944,0.999997770840493,-0.999997770840493,-0.02030186727643013,0.01579059474170208,-0.03639547526836395,0.01324339210987091,-0.002600031904876232,0.002029646886512637,0.9944624441356157,-0.10509065974147802,0.0006150884550523983,0.10509032980378863,0.9944625191913926,0.0005462601357009989,-0.0006690892647435442,-0.0004785953397179743,0.9999996616329677,-0.0005526433815248311,0.0007136411149986088,-0.0005946160526946187,-0.02030186727643013,0.01579059474170208,-0.03639547526836395,0.01324339210987091,-0.002600031904876232,0.002029646886512637,0.9944624441356157,-0.10509065974147802,0.0006150884550523983,0.10509032980378863,0.9944625191913926,0.0005462601357009989,-0.0006690892647435442,-0.0004785953397179743,0.9999996616329677,-0.0005526433815248311,0.0007136411149986088,-0.0005946160526946187,39.999821667239445,0.37404966248580634,0.014623438675347895,0.005974887287607542,39.999821667239445,0.37404966248580634,0.014623438675347895,0.005974887287607542,-0.012028062716126442,0.013413888402283192,-0.034373700618743896,0.0,0.0,0.0,0.9944255816282478,-0.1054405694051821,-0.0003488623452393997,0.105440760642181,0.9944254506460354,0.0005847056903227725,0.0002852659038130416,-0.0006182305753871225,0.9999997682071406,0.0,0.0,0.0
9,1774031896931727331,0.20033734,200,22.14683,19.31239099940285,80.0,1.0,-1.0,-0.020589392632246017,0.015807565301656723,-0.03651706874370575,0.01285766065120697,-0.0025647813454270363,0.0017739863833412528,0.9944627169138415,-0.10508871409398712,0.000621479926471667,0.10508838074799343,0.994462796016964,0.0005467803370215992,-0.0006754990418265548,-0.000478442348096496,0.9999996573969419,-0.0007652741041965783,0.0010165772400796413,0.0007666578749194741,-0.020589392632246017,0.015807565301656723,-0.03651706874370575,0.01285766065120697,-0.0025647813454270363,0.0017739863833412528,0.9944627169138415,-0.10508871409398712,0.000621479926471667,0.10508838074799343,0.994462796016964,0.0005467803370215992,-0.0006754990418265548,-0.000478442348096496,0.9999996573969419,-0.0007652741041965783,0.0010165772400796413,0.0007666578749194741,40.00026869368524,0.3779248527371729,0.011045195230448026,-0.008308531061884662,40.00026869368524,0.3779248527371729,0.011045195230448026,-0.008308531061884662,-0.012028062716126442,0.013413888402283192,-0.034373700618743896,0.0,0.0,0.0,0.9944255816282478,-0.1054405694051821,-0.0003488623452393997,0.105440760642181,0.9944254506460354,0.0005847056903227725,0.0002852659038130416,-0.0006182305753871225,0.9999997682071406,0.0,0.0,0.0
10,1774031896952595705,0.221205714,221,20.868374,25.19794600084424,78.73485936879705,0.9841857421099631,-0.9841857421099631,-0.02086736634373665,0.015816301107406616,-0.036647871136665344,0.01221518311649561,-0.005197566468268633,0.003168725874274969,0.9944636716429506,-0.10507866477682115,0.0006474314606031636,0.10507827722099372,0.9944637386066227,0.0006061593699579464,-0.0007075415641932276,-0.000534772487049924,0.9999996067015728,0.011643310077488422,-0.0005956582026556134,-0.0009410458151251078,-0.02086736634373665,0.015816301107406616,-0.036647871136665344,0.01221518311649561,-0.005197566468268633,0.003168725874274969,0.9944636716429506,-0.10507866477682115,0.0006474314606031636,0.10507827722099372,0.9944637386066227,0.0006061593699579464,-0.0007075415641932276,-0.000534772487049924,0.9999996067015728,0.011643310077488422,-0.0005956582026556134,-0.0009410458151251078,38.734859368797046,0.22914889133443106,0.030710812460238136,0.009619111060139908,38.734859368797046,0.22914889133443106,0.030710812460238136,0.009619111060139908,-0.012028062716126442,0.013413888402283192,-0.034373700618743896,0.0,0.0,0.0,0.9944255816282478,-0.1054405694051821,-0.0003488623452393997,0.105440760642181,0.9944254506460354,0.0005847056903227725,0.0002852659038130416,-0.0006182305753871225,0.9999997682071406,0.0,0.0,0.0
11,1774031896979170672,0.247780681,247,26.574967,16.996224003378302,40.070379941017045,0.5008797492627131,-0.5008797492627131,-0.02143516018986702,0.015517949126660824,-0.036249831318855286,0.013858651742339134,-0.016873827204108238,0.04775534197688103,0.9944292819461061,-0.10540481940010027,0.0005753687737726915,0.10539955445382354,0.9944121449659541,0.005960172689899804,-0.0012003842862697706,-0.005866326387487894,0.9999820724862841,0.3316184878349304,0.006443362683057785,-0.016582071781158447,-0.02143516018986702,0.015517949126660824,-0.036249831318855286,0.013858651742339134,-0.016873827204108238,0.04775534197688103,0.9944292819461061,-0.10540481940010027,0.0005753687737726915,0.10539955445382354,0.9944121449659541,0.005960172689899804,-0.0012003842862697706,-0.005866326387487894,0.9999820724862841,0.3316184878349304,0.006443362683057785,-0.016582071781158447,0.07037994101704426,-1.9999996796322803,-0.057524989832988975,0.173787369159773,0.07037994101704426,-1.9999996796322803,-0.057524989832988975,0.173787369159773,-0.012028062716126442,0.013413888402283192,-0.034373700618743896,0.0,0.0,0.0,0.9944255816282478,-0.1054405694051821,-0.0003488623452393997,0.105440760642181,0.9944254506460354,0.0005847056903227725,0.0002852659038130416,-0.0006182305753871225,0.9999997682071406,0.0,0.0,0.0
12,1774031896997580414,0.266190423,266,18.409742,21.145998005522415,39.868766696033326,0.49835958370041655,-0.49835958370041655,-0.02182362601161003,0.015055042691528797,-0.03475773334503174,0.014672855846583843,-0.021971842274069786,0.09651792049407959,0.9943864641097141,-0.10580978306226152,0.00019731869296885085,0.1057876451347175,0.9942132605579511,0.018685710978219472,-0.0021733061022755074,-0.018559942618821823,0.9998253874054391,0.6783592700958252,0.027757497504353523,-0.016476579010486603,-0.02182362601161003,0.015055042691528797,-0.03475773334503174,0.014672855846583843,-0.021971842274069786,0.09651792049407959,0.9943864641097141,-0.10580978306226152,0.00019731869296885085,0.1057876451347175,0.9942132605579511,0.018685710978219472,-0.0021733061022755074,-0.018559942618821823,0.9998253874054391,0.6783592700958252,0.027757497504353523,-0.016476579010486603,-0.13123330396667465,-1.999997453072167,-0.31624949499522725,0.17265874811774556,-0.13123330396667465,-1.999997453072167,-0.31624949499522725,0.17265874811774556,-0.012028062716126442,0.013413888402283192,-0.034373700618743896,0.0,0.0,0.0,0.9944255816282478,-0.1054405694051821,-0.0003488623452393997,0.105440760642181,0.9944254506460354,0.0005847056903227725,0.0002852659038130416,-0.0006182305753871225,0.9999997682071406,0.0,0.0,0.0
13,1774031897020138379,0.288748388,288,22.557965,16.957709012785926,39.827311483746634,0.49784139354683293,-0.49784139354683293,-0.022067435085773468,0.014650717377662659,-0.03310641646385193,0.01499246433377266,-0.027530772611498833,0.12860164046287537,0.9943571941824683,-0.10608374561266487,-0.00042761124096912795,0.10604324998586989,0.9938489218360775,0.03192684212951846,-0.0029619352906600227,-0.031792027916925036,0.999490116999798,0.9152342081069946,0.04715284705162048,-0.018885767087340355,-0.022067435085773468,0.014650717377662659,-0.03310641646385193,0.01499246433377266,-0.027530772611498833,0.12860164046287537,0.9943571941824683,-0.10608374561266487,-0.00042761124096912795,0.10604324998586989,0.9938489218360775,0.03192684212951846,-0.0029619352906600227,-0.031792027916925036,0.999490116999798,0.9152342081069946,0.04715284705162048,-0.018885767087340355,-0.17268851625336729,-2.0000463924020293,-0.5488426306341081,0.1979023067405392,-0.17268851625336729,-2.0000463924020293,-0.5488426306341081,0.1979023067405392,-0.012028062716126442,0.013413888402283192,-0.034373700618743896,0.0,0.0,0.0,0.9944255816282478,-0.1054405694051821,-0.0003488623452393997,0.105440760642181,0.9944254506460354,0.0005847056903227725,0.0002852659038130416,-0.0006182305753871225,0.9999997682071406,0.0,0.0,0.0
14,1774031897038641337,0.307251346,307,18.502958,25.441056990530342,39.79902431871162,0.4974878039838953,-0.4974878039838953,-0.02240585908293724,0.013700677081942558,-0.029474377632141113,0.01407046802341938,-0.03996489197015762,0.1773562878370285,0.9943152373890458,-0.10645629488374331,-0.002122180649346994,0.106394880912978,0.9925621342574116,0.05916736106850484,-0.004192335077736864,-0.059056791253125684,0.9982458214840128,1.296338677406311,0.0875101238489151,-0.019191285595297813,-0.02240585908293724,0.013700677081942558,-0.029474377632141113,0.01407046802341938,-0.03996489197015762,0.1773562878370285,0.9943152373890458,-0.10645629488374331,-0.002122180649346994,0.106394880912978,0.9925621342574116,0.05916736106850484,-0.004192335077736864,-0.059056791253125684,0.9982458214840128,1.296338677406311,0.0875101238489151,-0.019191285595297813,-0.20097568128837945,-2.0003602715874576,-1.0299674585848855,0.20087430625982944,-0.20097568128837945,-2.0003602715874576,-1.0299674585848855,0.20087430625982944,-0.012028062716126442,0.013413888402283192,-0.034373700618743896,0.0,0.0,0.0,0.9944255816282478,-0.1054405694051821,-0.0003488623452393997,0.105440760642181,0.9944254506460354,0.0005847056903227725,0.0002852659038130416,-0.0006182305753871225,0.9999997682071406,0.0,0.0,0.0
15,1774031897065601107,0.334211116,334,26.95977,21.869745003641583,39.785849567469945,0.49732311959337433,-0.49732311959337433,-0.022636814042925835,0.012810194864869118,-0.026259735226631165,0.012856959365308285,-0.05261644348502159,0.21202795207500458,0.9942913650542669,-0.1066337514958251,-0.0037514059256982257,0.10657879607776444,0.9908771223657022,0.0824841634343767,-0.005078407597494117,-0.0824131059975417,0.9965853150607425,1.5573605298995972,0.10907512903213501,-0.019321272149682045,-0.022636814042925835,0.012810194864869118,-0.026259735226631165,0.012856959365308285,-0.05261644348502159,0.21202795207500458,0.9942913650542669,-0.1066337514958251,-0.0037514059256982257,0.10657879607776444,0.9908771223657022,0.0824841634343767,-0.005078407597494117,-0.0824131059975417,0.9965853150607425,1.5573605298995972,0.10907512903213501,-0.019321272149682045,-0.214150432530054,-2.000734948199971,-1.2804985380581109,0.2017942502922535,-0.214150432530054,-2.000734948199971,-1.2804985380581109,0.2017942502922535,-0.012028062716126442,0.013413888402283192,-0.034373700618743896,0.0,0.0,0.0,0.9944255816282478,-0.1054405694051821,-0.0003488623452393997,0.105440760642181,0.9944254506460354,0.0005847056903227725,0.0002852659038130416,-0.0006182305753871225,0.9999997682071406,0.0,0.0,0.0
16,1774031897088892375,0.357502384,357,23.291268,19.173934997525066,39.770558828925495,0.49713198536156866,-0.49713198536156866,-0.023147152736783028,0.010041818022727966,-0.017751798033714294,0.009956584312021732,-0.09341061860322952,0.28056880831718445,0.9942502330706078,-0.10678995606054187,-0.007908457446211603,0.10683189128906001,0.9841667822255089,0.14143145388939082,-0.0073202065832518315,-0.14146312036719655,0.9899164619548041,2.080019235610962,0.14475759863853455,-0.019602546468377113,-0.023147152736783028,0.010041818022727966,-0.017751798033714294,0.009956584312021732,-0.09341061860322952,0.28056880831718445,0.9942502330706078,-0.10678995606054187,-0.007908457446211603,0.10683189128906001,0.9841667822255089,0.14143145388939082,-0.0073202065832518315,-0.14146312036719655,0.9899164619548041,2.080019235610962,0.14475759863853455,-0.019602546468377113,-0.22944117107450743,-2.001666286444183,-1.674671972333917,0.20275780150743533,-0.22944117107450743,-2.001666286444183,-1.674671972333917,0.20275780150743533,-0.012028062716126442,0.013413888402283192,-0.034373700618743896,0.0,0.0,0.0,0.9944255816282478,-0.1054405694051821,-0.0003488623452393997,0.105440760642181,0.9944254506460354,0.0005847056903227725,0.0002852659038130416,-0.0006182305753871225,0.9999997682071406,0.0,0.0,0.0
17,1774031897109624914,0.378234923,378,20.732539,9.790033000172116,39.754062438114175,0.4969257804764272,-0.4969257804764272,-0.023441242054104805,0.00795821938663721,-0.0123806893825531,0.008047754876315594,-0.12392457574605942,0.31928592920303345,0.9942374153863223,-0.10668815353054462,-0.010471309264822537,0.10685732587125596,0.9784996748817325,0.17640846563292856,-0.008574516694615841,-0.17651082892598247,0.9842613502653289,2.286869764328003,0.1704620122909546,-0.018528174608945847,-0.023441242054104805,0.00795821938663721,-0.0123806893825531,0.008047754876315594,-0.12392457574605942,0.31928592920303345,0.9942374153863223,-0.10668815353054462,-0.010471309264822537,0.10685732587125596,0.9784996748817325,0.17640846563292856,-0.008574516694615841,-0.17651082892598247,0.9842613502653289,2.286869764328003,0.1704620122909546,-0.018528174608945847,-0.24593756188582247,-2.0021126357957537,-1.9583191602252255,0.19045970598017345,-0.24593756188582247,-2.0021126357957537,-1.9583191602252255,0.19045970598017345,-0.012028062716126442,0.013413888402283192,-0.034373700618743896,0.0,0.0,0.0,0.9944255816282478,-0.1054405694051821,-0.0003488623452393997,0.105440760642181,0.9944254506460354,0.0005847056903227725,0.0002852659038130416,-0.0006182305753871225,0.9999997682071406,0.0,0.0,0.0
18,1774031897120878960,0.389488969,389,11.254046,11.078365991124883,8.290882374240027e-05,1.0363602967800033e-06,-1.0363602967800033e-06,-0.023743553087115288,0.005262702703475952,-0.006254225969314575,0.0061189825646579266,-0.15818272531032562,0.3389365077018738,0.994234823472496,-0.1063824413538228,-0.013413263936286057,0.10679546631042314,0.9712937906017061,0.21256322449134757,-0.009584772412765119,-0.21277023333487932,0.9770552494283891,2.2233057022094727,0.1900274008512497,-0.015713883563876152,-0.023743553087115288,0.005262702703475952,-0.006254225969314575,0.0061189825646579266,-0.15818272531032562,0.3389365077018738,0.994234823472496,-0.1063824413538228,-0.013413263936286057,0.10679546631042314,0.9712937906017061,0.21256322449134757,-0.009584772412765119,-0.21277023333487932,0.9770552494283891,2.2233057022094727,0.1900274008512497,-0.015713883563876152,-39.99991709117626,-2.0006536926331258,-1.9999815639842127,0.16434664771881893,-39.99991709117626,-2.0006536926331258,-1.9999815639842127,0.16434664771881893,-0.012028062716126442,0.013413888402283192,-0.034373700618743896,0.0,0.0,0.0,0.9944255816282478,-0.1054405694051821,-0.0003488623452393997,0.105440760642181,0.9944254506460354,0.0005847056903227725,0.0002852659038130416,-0.0006182305753871225,0.9999997682071406,0.0,0.0,0.0
19,1774031897133480085,0.402090094,402,12.601125,10.539235998294316,0.0010593865298957894,1.3242331623697368e-05,-1.3242331623697368e-05,-0.023895608261227608,0.003677041968330741,-0.0030894577503204346,0.005277084186673164,-0.17390309274196625,0.329831600189209,0.9942365179832315,-0.10616374371944604,-0.014933807527389042,0.10675917559976966,0.9676667889921411,0.2285245647474019,-0.009810072371277734,-0.22880178710037402,0.9734235999844957,1.9757027626037598,0.1916934698820114,-0.014643414877355099,-0.023895608261227608,0.003677041968330741,-0.0030894577503204346,0.005277084186673164,-0.17390309274196625,0.329831600189209,0.9942365179832315,-0.10616374371944604,-0.014933807527389042,0.10675917559976966,0.9676667889921411,0.2285245647474019,-0.009810072371277734,-0.22880178710037402,0.9734235999844957,1.9757027626037598,0.1916934698820114,-0.014643414877355099,-39.998940613470104,-2.0010242524365247,-1.9999415389333506,0.1530652658656691,-39.998940613470104,-2.0010242524365247,-1.9999415389333506,0.1530652658656691,-0.012028062716126442,0.013413888402283192,-0.034373700618743896,0.0,0.0,0.0,0.9944255816282478,-0.1054405694051821,-0.0003488623452393997,0.105440760642181,0.9944254506460354,0.0005847056903227725,0.0002852659038130416,-0.0006182305753871225,0.9999997682071406,0.0,0.0,0.0
20,1774031897145619009,0.414229018,414,12.138924,12.237528993864544,0.0,0.0,-0.0,-0.02420835755765438,0.0001515015319455415,0.0028595924377441406,0.003773936303332448,-0.20440129935741425,0.29388415813446045,0.994235658414824,-0.1057996781300905,-0.017381895568309602,0.10674553556988275,0.9615572402534258,0.25300852003959395,-0.010054503113109625,-0.25340550205810786,0.967307896063,1.3189985752105713,0.11690179258584976,-0.014323265291750431,-0.02420835755765438,0.0001515015319455415,0.0028595924377441406,0.003773936303332448,-0.20440129935741425,0.29388415813446045,0.994235658414824,-0.1057996781300905,-0.017381895568309602,0.10674553556988275,0.9615572402534258,0.25300852003959395,-0.010054503113109625,-0.25340550205810786,0.967307896063,1.3189985752105713,0.11690179258584976,-0.014323265291750431,-40.000033958115964,-2.000083846154719,-1.267560531407626,0.14969036005466374,-40.000033958115964,-2.000083846154719,-1.267560531407626,0.14969036005466374,-0.012028062716126442,0.013413888402283192,-0.034373700618743896,0.0,0.0,0.0,0.9944255816282478,-0.1054405694051821,-0.0003488623452393997,0.105440760642181,0.9944254506460354,0.0005847056903227725,0.0002852659038130416,-0.0006182305753871225,0.9999997682071406,0.0,0.0,0.0
21,1774031897159499691,0.4281097,428,13.880682,9.037808995344676,0.00011681997567336566,1.4602496959170707e-06,-1.4602496959170707e-06,-0.024534177035093307,-0.004082486964762211,0.008493542671203613,0.0024706432595849037,-0.234435573220253,0.24509823322296143,0.9942067635165337,-0.1060355304535463,-0.017589683576372472,0.10687657088647207,0.9578741467474394,0.2665605689369661,-0.011416185751529362,-0.26689624310432425,0.9636576501819202,0.6151843667030334,-0.0719391480088234,-0.018059097230434418,-0.024534177035093307,-0.004082486964762211,0.008493542671203613,0.0024706432595849037,-0.234435573220253,0.24509823322296143,0.9942067635165337,-0.1060355304535463,-0.017589683576372472,0.10687657088647207,0.9578741467474394,0.2665605689369661,-0.011416185751529362,-0.26689624310432425,0.9636576501819202,0.6151843667030334,-0.0719391480088234,-0.018059097230434418,-39.99988318002433,-2.0004704501386454,1.0520282716312415,0.18924874189611768,-39.99988318002433,-2.0004704501386454,1.0520282716312415,0.18924874189611768,-0.012028062716126442,0.013413888402283192,-0.034373700618743896,0.0,0.0,0.0,0.9944255816282478,-0.1054405694051821,-0.0003488623452393997,0.105440760642181,0.9944254506460354,0.0005847056903227725,0.0002852659038130416,-0.0006182305753871225,0.9999997682071406,0.0,0.0,0.0
22,1774031897170187512,0.438797521,438,10.687821,10.544017000938766,0.0003931596769461976,4.91449596182747e-06,-4.91449596182747e-06,-0.024699758738279343,-0.0063666850328445435,0.010976910591125488,0.0018642584327608347,-0.24906718730926514,0.21739967167377472,0.9941710490603709,-0.10657249035318017,-0.016313129200882237,0.10701520850205437,0.9570635867155334,0.26940104818304444,-0.013098052875366584,-0.269576489993697,0.9628898967795443,0.2826071083545685,-0.20640815794467926,-0.02188202552497387,-0.024699758738279343,-0.0063666850328445435,0.010976910591125488,0.0018642584327608347,-0.24906718730926514,0.21739967167377472,0.9941710490603709,-0.10657249035318017,-0.016313129200882237,0.10701520850205437,0.9570635867155334,0.26940104818304444,-0.013098052875366584,-0.269576489993697,0.9628898967795443,0.2826071083545685,-0.20640815794467926,-0.02188202552497387,-39.999606840323054,-2.000858613670803,2.000086278859387,0.22975594424430618,-39.999606840323054,-2.000858613670803,2.000086278859387,0.22975594424430618,-0.012028062716126442,0.013413888402283192,-0.034373700618743896,0.0,0.0,0.0,0.9944255816282478,-0.1054405694051821,-0.0003488623452393997,0.105440760642181,0.9944254506460354,0.0005847056903227725,0.0002852659038130416,-0.0006182305753871225,0.9999997682071406,0.0,0.0,0.0
23,1774031897182111918,0.450721927,450,11.924406,10.996746001183055,0.00114505974244139,1.4313246780517374e-05,-1.4313246780517374e-05,-0.024867555126547813,-0.008759682066738605,0.0132066011428833,0.0011155775282531977,-0.2633919417858124,0.18833930790424347,0.9941127287714946,-0.10745343133006857,-0.013916408394504032,0.1072124103818024,0.9569506963574557,0.26972372463065497,-0.0156654199479469,-0.2696277965438476,0.9628371860021394,-0.04126438498497009,-0.3569561243057251,-0.02499559335410595,-0.024867555126547813,-0.008759682066738605,0.0132066011428833,0.0011155775282531977,-0.2633919417858124,0.18833930790424347,0.9941127287714946,-0.10745343133006857,-0.013916408394504032,0.1072124103818024,0.9569506963574557,0.26972372463065497,-0.0156654199479469,-0.2696277965438476,0.9628371860021394,-0.04126438498497009,-0.3569561243057251,-0.02499559335410595,-39.99885494025756,0.5769923945067529,2.000219309478107,0.26307286798672197,-39.99885494025756,0.5769923945067529,2.000219309478107,0.26307286798672197,-0.012028062716126442,0.013413888402283192,-0.034373700618743896,0.0,0.0,0.0,0.9944255816282478,-0.1054405694051821,-0.0003488623452393997,0.105440760642181,0.9944254506460354,0.0005847056903227725,0.0002852659038130416,-0.0006182305753871225,0.9999997682071406,0.0,0.0,0.0
24,1774031897194704353,0.463314362,463,12.592435,9.827037007198669,39.75214966293721,0.4969018707867151,-0.4969018707867151,-0.02519579418003559,-0.014197822660207748,0.017125427722930908,-0.0007400501053780317,-0.29186585545539856,0.12992383539676666,0.9938585857610388,-0.11056686505235191,-0.004515661300796836,0.10783111465061967,0.9584871348671772,0.2639605530676832,-0.02485704710450065,-0.2628263532867763,0.9645229106521203,-0.5508310794830322,-0.8043184280395508,-0.03034643642604351,-0.02519579418003559,-0.014197822660207748,0.017125427722930908,-0.0007400501053780317,-0.29186585545539856,0.12992383539676666,0.9938585857610388,-0.11056686505235191,-0.004515661300796836,0.10783111465061967,0.9584871348671772,0.2639605530676832,-0.02485704710450065,-0.2628263532867763,0.9645229106521203,-0.5508310794830322,-0.8043184280395508,-0.03034643642604351,-0.24785033706279472,2.0000067454066723,2.0000202551513815,0.3214876761899532,-0.24785033706279472,2.0000067454066723,2.0000202551513815,0.3214876761899532,-0.012028062716126442,0.013413888402283192,-0.034373700618743896,0.0,0.0,0.0,0.9944255816282478,-0.1054405694051821,-0.0003488623452393997,0.105440760642181,0.9944254506460354,0.0005847056903227725,0.0002852659038130416,-0.0006182305753871225,0.9999997682071406,0.0,0.0,0.0
25,1774031897206128047,0.474738056,474,11.423694,11.049859007471241,39.875791750073,0.4984473968759125,-0.4984473968759125,-0.025368502363562584,-0.01707126572728157,0.018714338541030884,-0.001979279099032283,-0.3058045506477356,0.10124645382165909,0.9935915640192301,-0.11298183378507476,0.003304904483490745,0.10828820117286053,0.9598806467079404,0.2586557997719767,-0.03239571869792268,-0.2566403369686281,0.9659638995613914,-0.7347116470336914,-1.1002469062805176,-0.03301335126161575,-0.025368502363562584,-0.01707126572728157,0.018714338541030884,-0.001979279099032283,-0.3058045506477356,0.10124645382165909,0.9935915640192301,-0.11298183378507476,0.003304904483490745,0.10828820117286053,0.9598806467079404,0.2586557997719767,-0.03239571869792268,-0.2566403369686281,0.9659638995613914,-0.7347116470336914,-1.1002469062805176,-0.03301335126161575,-0.12420824992699907,2.0001134438814363,2.000183262628878,0.3508796252518296,-0.12420824992699907,2.0001134438814363,2.000183262628878,0.3508796252518296,-0.012028062716126442,0.013413888402283192,-0.034373700618743896,0.0,0.0,0.0,0.9944255816282478,-0.1054405694051821,-0.0003488623452393997,0.105440760642181,0.9944254506460354,0.0005847056903227725,0.0002852659038130416,-0.0006182305753871225,0.9999997682071406,0.0,0.0,0.0
26,1774031897218528452,0.487138461,487,12.400405,11.52770800399594,39.948640168307435,0.49935800210384296,-0.49935800210384296,-0.02555001713335514,-0.020046783611178398,0.02006518840789795,-0.0036541642621159554,-0.31977578997612,0.07408269494771957,0.993150524731087,-0.11603490266195315,0.013717344706261514,0.10885708965671093,0.9615305858198351,0.25220883023220253,-0.04245464333259363,-0.24898807773142195,0.9675756027613538,-0.8686744570732117,-1.4469454288482666,-0.03505771979689598,-0.02555001713335514,-0.020046783611178398,0.02006518840789795,-0.0036541642621159554,-0.31977578997612,0.07408269494771957,0.993150524731087,-0.11603490266195315,0.013717344706261514,0.10885708965671093,0.9615305858198351,0.25220883023220253,-0.04245464333259363,-0.24898807773142195,0.9675756027613538,-0.8686744570732117,-1.4469454288482666,-0.03505771979689598,-0.05135983169256239,2.0003148245572784,2.000569949426677,0.3734114512453646,-0.05135983169256239,2.0003148245572784,2.000569949426677,0.3734114512453646,-0.012028062716126442,0.013413888402283192,-0.034373700618743896,0.0,0.0,0.0,0.9944255816282478,-0.1054405694051821,-0.0003488623452393997,0.105440760642181,0.9944254506460354,0.0005847056903227725,0.0002852659038130416,-0.0006182305753871225,0.9999997682071406,0.0,0.0,0.0
27,1774031897231513638,0.500123647,500,12.985186,10.715631011407822,39.993393993754495,0.4999174249219312,-0.4999174249219312,-0.02574441209435463,-0.023123489692807198,0.02118927240371704,-0.005905191879719496,-0.33342769742012024,0.047938283532857895,0.9924356251957112,-0.11974815853374254,0.027057183683208308,0.10955754020816899,0.9633257230734382,0.24495076608058497,-0.0553972596869734,-0.24013353079381972,0.96915790046988,-0.9645930528640747,-1.8303241729736328,-0.03662687540054321,-0.02574441209435463,-0.023123489692807198,0.02118927240371704,-0.005905191879719496,-0.33342769742012024,0.047938283532857895,0.9924356251957112,-0.11974815853374254,0.027057183683208308,0.10955754020816899,0.9633257230734382,0.24495076608058497,-0.0553972596869734,-0.24013353079381972,0.96915790046988,-0.9645930528640747,-1.8303241729736328,-0.03662687540054321,-0.006606006245503401,2.0005482531596,2.001161094646539,0.3897938674637761,-0.006606006245503401,2.0005482531596,2.001161094646539,0.3897938674637761,-0.012028062716126442,0.013413888402283192,-0.034373700618743896,0.0,0.0,0.0,0.9944255816282478,-0.1054405694051821,-0.0003488623452393997,0.105440760642181,0.9944254506460354,0.0005847056903227725,0.0002852659038130416,-0.0006182305753871225,0.9999997682071406,0.0,0.0,0.0
28,1774031897243848443,0.512458452,512,12.334805,10.879469991778024,40.08107783710985,0.5010134729638731,-0.5010134729638731,-0.026170168071985245,-0.029949048534035683,0.022627413272857666,-0.01284325122833252,-0.36049333214759827,-0.0008464480051770806,0.9896029762517983,-0.12907150538160694,0.06345520352938117,0.11144713992599731,0.9670362402869487,0.22895525958488205,-0.09091507198193627,-0.21950290073950107,0.9713665260609174,-1.0672767162322998,-2.6831648349761963,-0.03871561959385872,-0.026170168071985245,-0.029949048534035683,0.022627413272857666,-0.01284325122833252,-0.36049333214759827,-0.0008464480051770806,0.9896029762517983,-0.12907150538160694,0.06345520352938117,0.11144713992599731,0.9670362402869487,0.22895525958488205,-0.09091507198193627,-0.21950290073950107,0.9713665260609174,-1.0672767162322998,-2.6831648349761963,-0.03871561959385872,0.08107783710985003,2.0000012573666712,2.000001942067505,0.4178016584912952,0.08107783710985003,2.0000012573666712,2.000001942067505,0.4178016584912952,-0.012028062716126442,0.013413888402283192,-0.034373700618743896,0.0,0.0,0.0,0.9944255816282478,-0.1054405694051821,-0.0003488623452393997,0.105440760642181,0.9944254506460354,0.0005847056903227725,0.0002852659038130416,-0.0006182305753871225,0.9999997682071406,0.0,0.0,0.0
29,1774031897256226318,0.524836327,524,12.377875,21.487274003447965,40.10664971519018,0.5013331214398773,-0.5013331214398773,-0.026429442688822746,-0.033502526581287384,0.023047596216201782,-0.01799427717924118,-0.37335485219955444,-0.023967869579792023,0.9870851154370438,-0.13459296656751718,0.08687815071568838,0.11268978236995597,0.9688358967278067,0.2205858585125684,-0.1138599606830164,-0.20794673212331727,0.9714906425626626,-1.0919783115386963,-3.139617919921875,-0.04025479778647423,-0.026429442688822746,-0.033502526581287384,0.023047596216201782,-0.01799427717924118,-0.37335485219955444,-0.023967869579792023,0.9870851154370438,-0.13459296656751718,0.08687815071568838,0.11268978236995597,0.9688358967278067,0.2205858585125684,-0.1138599606830164,-0.20794673212331727,0.9714906425626626,-1.0919783115386963,-3.139617919921875,-0.04025479778647423,0.10664971519018074,2.0000031672619616,2.0000027273101195,0.43502156434767497,0.10664971519018074,2.0000031672619616,2.0000027273101195,0.43502156434767497,-0.012028062716126442,0.013413888402283192,-0.034373700618743896,0.0,0.0,0.0,0.9944255816282478,-0.1054405694051821,-0.0003488623452393997,0.105440760642181,0.9944254506460354,0.0005847056903227725,0.0002852659038130416,-0.0006182305753871225,0.9999997682071406,0.0,0.0,0.0
