step,timestamp_ns,experiment_time_s,reference_index,tick_dt_ms,solver_ms,px4_collective_command_newton,px4_collective_normalized,px4_thrust_body_z,state_raw_0,state_raw_1,state_raw_2,state_raw_3,state_raw_4,state_raw_5,state_raw_6,state_raw_7,state_raw_8,state_raw_9,state_raw_10,state_raw_11,state_raw_12,state_raw_13,state_raw_14,state_raw_15,state_raw_16,state_raw_17,state_used_0,state_used_1,state_used_2,state_used_3,state_used_4,state_used_5,state_used_6,state_used_7,state_used_8,state_used_9,state_used_10,state_used_11,state_used_12,state_used_13,state_used_14,state_used_15,state_used_16,state_used_17,control_raw_0,control_raw_1,control_raw_2,control_raw_3,control_used_0,control_used_1,control_used_2,control_used_3,reference_0,reference_1,reference_2,reference_3,reference_4,reference_5,reference_6,reference_7,reference_8,reference_9,reference_10,reference_11,reference_12,reference_13,reference_14,reference_15,reference_16,reference_17
0,1774985771880944966,0.0,0,0.0,0.6414479976228904,43.124819510883164,0.6955616050142446,-0.6955616050142446,0.00965818390250206,-0.038377296179533005,-0.07202766835689545,-0.0017316760495305061,-0.02210582233965397,-0.03875274583697319,0.9948591720409,-0.10126671454607816,-0.0006618257962935428,0.10126738781402223,0.9948587393078482,0.0010782719815999077,0.0005492301542530907,-0.0011397500114508005,0.9999991996578116,0.0006224540411494672,-0.0005730417324230075,-0.00019549403805285692,0.00965818390250206,-0.038377296179533005,-0.07202766835689545,-0.0017316760495305061,-0.02210582233965397,-0.03875274583697319,0.9948591720409,-0.10126671454607816,-0.0006618257962935428,0.10126738781402223,0.9948587393078482,0.0010782719815999077,0.0005492301542530907,-0.0011397500114508005,0.9999991996578116,0.0006224540411494672,-0.0005730417324230075,-0.00019549403805285692,43.124819510883164,-0.008199836244455154,-0.00220905217519334,-9.122921164856666e-05,43.124819510883164,-0.008199836244455154,-0.00220905217519334,-9.122921164856666e-05,0.005679842084646225,-0.030885163694620132,-0.07014653086662292,0.0,0.0,0.0,0.9948440302895539,-0.10141674120793456,0.0,0.10141674120793456,0.9948440302895539,0.0,0.0,0.0,1.0,0.0,0.0,0.0
1,1774985771891004713,0.010059747,10,10.059747,0.5103330004203599,43.12447932686544,0.6955561181752491,-0.6955561181752491,0.009820492938160896,-0.03864207863807678,-0.07206347584724426,-0.0015783235430717468,-0.022237656638026237,-0.03865343704819679,0.9948600685011387,-0.1012573380827293,-0.0006653644032011616,0.10125801748486052,0.9948596333916283,0.0010820658109163966,0.0005523770939296763,-0.001143877508434886,0.9999991932115877,-2.0470295567065477e-05,-5.012922338210046e-05,0.0003704920527525246,0.009820492938160896,-0.03864207863807678,-0.07206347584724426,-0.0015783235430717468,-0.022237656638026237,-0.03865343704819679,0.9948600685011387,-0.1012573380827293,-0.0006653644032011616,0.10125801748486052,0.9948596333916283,0.0010820658109163966,0.0005523770939296763,-0.001143877508434886,0.9999991932115877,-2.0470295567065477e-05,-5.012922338210046e-05,0.0003704920527525246,43.12447932686544,-0.008102972132423919,-0.0024057114325154237,-0.0001836352523111443,43.12447932686544,-0.008102972132423919,-0.0024057114325154237,-0.0001836352523111443,0.005679842084646225,-0.030885163694620132,-0.07014653086662292,0.0,0.0,0.0,0.9948440302895539,-0.10141674120793456,0.0,0.10141674120793456,0.9948440302895539,0.0,0.0,0.0,1.0,0.0,0.0,0.0
2,1774985771901077198,0.020132232,20,10.072485,0.5091790008009411,43.1241380303965,0.695550613393492,-0.695550613393492,0.009980954229831696,-0.03890509530901909,-0.07210537791252136,-0.0013868098612874746,-0.02232378162443638,-0.038542624562978745,0.994860270232907,-0.10125503980089579,-0.0006598139114697699,0.10125571347524898,0.9948598307799286,0.0010831973535397055,0.0005467431592542094,-0.0011444399601085176,0.9999991956642155,-3.1413394026458263e-05,-0.0010876646265387535,-0.00023271414102055132,0.009980954229831696,-0.03890509530901909,-0.07210537791252136,-0.0013868098612874746,-0.02232378162443638,-0.038542624562978745,0.994860270232907,-0.10125503980089579,-0.0006598139114697699,0.10125571347524898,0.9948598307799286,0.0010831973535397055,0.0005467431592542094,-0.0011444399601085176,0.9999991956642155,-3.1413394026458263e-05,-0.0010876646265387535,-0.00023271414102055132,43.1241380303965,-0.008147304014504126,-0.0021959955968136064,-9.496628461505627e-05,43.1241380303965,-0.008147304014504126,-0.0021959955968136064,-9.496628461505627e-05,0.005679842084646225,-0.030885163694620132,-0.07014653086662292,0.0,0.0,0.0,0.9948440302895539,-0.10141674120793456,0.0,0.10141674120793456,0.9948440302895539,0.0,0.0,0.0,1.0,0.0,0.0,0.0
3,1774985771910946485,0.030001519,30,9.869287,0.5278700009512249,43.122086822058144,0.6955175293880346,-0.6955175293880346,0.010294067673385143,-0.039412971585989,-0.07218511402606964,-0.0010539685608819127,-0.022560790181159973,-0.038231104612350464,0.9948611335423747,-0.10124795661454389,-0.0006808373109482534,0.10124865098183,0.9948607126394764,0.0010772243485093133,0.0005682715946467923,-0.0011406222581197313,0.9999991880239057,-0.0018055769614875317,0.000670618552248925,-0.0008048079325817525,0.010294067673385143,-0.039412971585989,-0.07218511402606964,-0.0010539685608819127,-0.022560790181159973,-0.038231104612350464,0.9948611335423747,-0.10124795661454389,-0.0006808373109482534,0.10124865098183,0.9948607126394764,0.0010772243485093133,0.0005682715946467923,-0.0011406222581197313,0.9999991880239057,-0.0018055769614875317,0.000670618552248925,-0.0008048079325817525,43.122086822058144,-0.007789368092295903,-0.0028053817877139223,-1.4818164248004223e-05,43.122086822058144,-0.007789368092295903,-0.0028053817877139223,-1.4818164248004223e-05,0.005679842084646225,-0.030885163694620132,-0.07014653086662292,0.0,0.0,0.0,0.9948440302895539,-0.10141674120793456,0.0,0.10141674120793456,0.9948440302895539,0.0,0.0,0.0,1.0,0.0,0.0,0.0
4,1774985771920991514,0.040046548,40,10.045029,0.3158369981974829,43.12082569354831,0.6954971886056179,-0.6954971886056179,0.010446473956108093,-0.0396585613489151,-0.07222242653369904,-0.0009513216209597886,-0.02268202416598797,-0.038057591766119,0.9948612895975668,-0.10124477384455965,-0.0006740105155732257,0.10124546073420237,0.994860864220185,0.0010777682939714164,0.0005614282637225951,-0.001140470506101221,0.9999991920623178,0.0008883896516636014,-0.0013405339559540153,-2.0200322978780605e-05,0.010446473956108093,-0.0396585613489151,-0.07222242653369904,-0.0009513216209597886,-0.02268202416598797,-0.038057591766119,0.9948612895975668,-0.10124477384455965,-0.0006740105155732257,0.10124546073420237,0.994860864220185,0.0010777682939714164,0.0005614282637225951,-0.001140470506101221,0.9999991920623178,0.0008883896516636014,-0.0013405339559540153,-2.0200322978780605e-05,43.12082569354831,-0.008515331349594674,-0.0023307021581206676,-0.0001350301001359755,43.12082569354831,-0.008515331349594674,-0.0023307021581206676,-0.0001350301001359755,0.005679842084646225,-0.030885163694620132,-0.07014653086662292,0.0,0.0,0.0,0.9948440302895539,-0.10141674120793456,0.0,0.10141674120793456,0.9948440302895539,0.0,0.0,0.0,1.0,0.0,0.0,0.0
5,1774985771930940616,0.04999565,49,9.949102,0.3735050013347063,43.1201358012128,0.6954860613098838,-0.6954860613098838,0.01059654075652361,-0.03990274295210838,-0.0722653865814209,-0.0008567672339268029,-0.022806178778409958,-0.0379176139831543,0.9948616274102747,-0.10124159318136461,-0.000668707601043525,0.10124227946525743,0.9948611878655796,0.0010875571348343133,0.0005551652128550494,-0.0011496703717405327,0.9999991850244664,0.0012366230366751552,-0.0007858070894144475,-0.0004747693601530045,0.01059654075652361,-0.03990274295210838,-0.0722653865814209,-0.0008567672339268029,-0.022806178778409958,-0.0379176139831543,0.9948616274102747,-0.10124159318136461,-0.000668707601043525,0.10124227946525743,0.9948611878655796,0.0010875571348343133,0.0005551652128550494,-0.0011496703717405327,0.9999991850244664,0.0012366230366751552,-0.0007858070894144475,-0.0004747693601530045,43.1201358012128,-0.008678516110883744,-0.0024994714011860857,-6.93754321905271e-05,43.1201358012128,-0.008678516110883744,-0.0024994714011860857,-6.93754321905271e-05,0.005679842084646225,-0.030885163694620132,-0.07014653086662292,0.0,0.0,0.0,0.9948440302895539,-0.10141674120793456,0.0,0.10141674120793456,0.9948440302895539,0.0,0.0,0.0,1.0,0.0,0.0,0.0
6,1774985771940949168,0.060004202,60,10.008552,0.303363998682471,43.11967397474044,0.6954786124958134,-0.6954786124958134,0.0107442457228899,-0.040145546197891235,-0.07231387495994568,-0.0007636944064870477,-0.022892937064170837,-0.03778486326336861,0.9948620026303139,-0.10123947295534141,-0.0006742989106134755,0.10124017424715448,0.9948615484711489,0.001102874912585372,0.0005591796550084988,-0.0011654742412808995,0.9999991644937141,0.0022173221223056316,0.0011483909329399467,0.0001949151192093268,0.0107442457228899,-0.040145546197891235,-0.07231387495994568,-0.0007636944064870477,-0.022892937064170837,-0.03778486326336861,0.9948620026303139,-0.10123947295534141,-0.0006742989106134755,0.10124017424715448,0.9948615484711489,0.001102874912585372,0.0005591796550084988,-0.0011654742412808995,0.9999991644937141,0.0022173221223056316,0.0011483909329399467,0.0001949151192093268,43.11967397474044,-0.009006033732998162,-0.0030390582129847746,-0.0001715122799152343,43.11967397474044,-0.009006033732998162,-0.0030390582129847746,-0.0001715122799152343,0.005679842084646225,-0.030885163694620132,-0.07014653086662292,0.0,0.0,0.0,0.9948440302895539,-0.10141674120793456,0.0,0.10141674120793456,0.9948440302895539,0.0,0.0,0.0,1.0,0.0,0.0,0.0
7,1774985771951014073,0.070069107,70,10.064905,0.3255079973314423,43.11752930496309,0.6954440210477918,-0.6954440210477918,0.011029256507754326,-0.04058680683374405,-0.07239127159118652,-0.0005323296645656228,-0.023089423775672913,-0.03746946528553963,0.9948638102747511,-0.10122036580185023,-0.0006786858751451023,0.10122107371393407,0.9948633554889736,0.0011055330874021677,0.0005632972494809332,-0.001168552152533064,0.999999158590693,3.3324555261060596e-05,-0.0009912484092637897,0.0005690274992957711,0.011029256507754326,-0.04058680683374405,-0.07239127159118652,-0.0005323296645656228,-0.023089423775672913,-0.03746946528553963,0.9948638102747511,-0.10122036580185023,-0.0006786858751451023,0.10122107371393407,0.9948633554889736,0.0011055330874021677,0.0005632972494809332,-0.001168552152533064,0.999999158590693,3.3324555261060596e-05,-0.0009912484092637897,0.0005690274992957711,43.11752930496309,-0.008553228505887115,-0.002606761297977875,-0.000242943368017705,43.11752930496309,-0.008553228505887115,-0.002606761297977875,-0.000242943368017705,0.005679842084646225,-0.030885163694620132,-0.07014653086662292,0.0,0.0,0.0,0.9948440302895539,-0.10141674120793456,0.0,0.10141674120793456,0.9948440302895539,0.0,0.0,0.0,1.0,0.0,0.0,0.0
8,1774985771960980231,0.080035265,80,9.966158,0.48608300130581483,43.11724760739228,0.6954394775385851,-0.6954394775385851,0.011168709956109524,-0.0408056378364563,-0.07244707643985748,-0.00045444327406585217,-0.023146020248532295,-0.03733646869659424,0.9948646995678304,-0.10121293483582638,-0.0006828570752152891,0.10121364852949277,0.9948642452839179,0.0011071247697233104,0.0005672948138841817,-0.0011705535592387833,0.999999153990235,0.0008902882691472769,0.000945644685998559,0.0003732376790139824,0.011168709956109524,-0.0408056378364563,-0.07244707643985748,-0.00045444327406585217,-0.023146020248532295,-0.03733646869659424,0.9948646995678304,-0.10121293483582638,-0.0006828570752152891,0.10121364852949277,0.9948642452839179,0.0011071247697233104,0.0005672948138841817,-0.0011705535592387833,0.999999153990235,0.0008902882691472769,0.000945644685998559,0.0003732376790139824,43.11724760739228,-0.008806793677269855,-0.003138424534312641,-0.00021954114090983788,43.11724760739228,-0.008806793677269855,-0.003138424534312641,-0.00021954114090983788,0.005679842084646225,-0.030885163694620132,-0.07014653086662292,0.0,0.0,0.0,0.9948440302895539,-0.10141674120793456,0.0,0.10141674120793456,0.9948440302895539,0.0,0.0,0.0,1.0,0.0,0.0,0.0
9,1774985771970977756,0.09003279,90,9.997525,0.3401449976081494,43.11720636473632,0.6954388123344567,-0.6954388123344567,0.011305971071124077,-0.04102318733930588,-0.07250799238681793,-0.0003590751439332962,-0.02324502170085907,-0.0372123196721077,0.994865158904143,-0.10120709658050497,-0.0006860677052939468,0.10120781543743562,0.994864703570035,0.0011095825460083666,0.000570246924069354,-0.001173320403062672,0.9999991490684887,0.0006450654473155737,4.165888094576076e-05,0.00024341487733181566,0.011305971071124077,-0.04102318733930588,-0.07250799238681793,-0.0003590751439332962,-0.02324502170085907,-0.0372123196721077,0.994865158904143,-0.10120709658050497,-0.0006860677052939468,0.10120781543743562,0.994864703570035,0.0011095825460083666,0.000570246924069354,-0.001173320403062672,0.9999991490684887,0.0006450654473155737,4.165888094576076e-05,0.00024341487733181566,43.11720636473632,-0.008795017225644432,-0.0029615106137232654,-0.00020473272438262466,43.11720636473632,-0.008795017225644432,-0.0029615106137232654,-0.00020473272438262466,0.005679842084646225,-0.030885163694620132,-0.07014653086662292,0.0,0.0,0.0,0.9948440302895539,-0.10141674120793456,0.0,0.10141674120793456,0.9948440302895539,0.0,0.0,0.0,1.0,0.0,0.0,0.0
10,1774985771980933148,0.099988182,99,9.955392,0.3363559990248177,43.11629928097763,0.6954241819512521,-0.6954241819512521,0.011439748108386993,-0.04123607277870178,-0.07255582511425018,-0.0002789426944218576,-0.023282090201973915,-0.037045449018478394,0.9948652917404278,-0.10120621308836819,-0.0006834017873377125,0.10120692969936962,0.9948648330674924,0.0011111354321543948,0.0005674386237346368,-0.0011745949769258572,0.999999149169706,0.000491294777020812,-0.00033903997973538935,-0.0005293033900670707,0.011439748108386993,-0.04123607277870178,-0.07255582511425018,-0.0002789426944218576,-0.023282090201973915,-0.037045449018478394,0.9948652917404278,-0.10120621308836819,-0.0006834017873377125,0.10120692969936962,0.9948648330674924,0.0011111354321543948,0.0005674386237346368,-0.0011745949769258572,0.999999149169706,0.000491294777020812,-0.00033903997973538935,-0.0005293033900670707,43.11629928097763,-0.008791303158821897,-0.0028959366616316084,-8.951813298548863e-05,43.11629928097763,-0.008791303158821897,-0.0028959366616316084,-8.951813298548863e-05,0.005679842084646225,-0.030885163694620132,-0.07014653086662292,0.0,0.0,0.0,0.9948440302895539,-0.10141674120793456,0.0,0.10141674120793456,0.9948440302895539,0.0,0.0,0.0,1.0,0.0,0.0,0.0
11,1774985771991001105,0.110056139,110,10.067957,0.3041400013898965,43.11563420647881,0.6954134549432066,-0.6954134549432066,0.011700421571731567,-0.04165836051106453,-0.0726667195558548,-0.00017493945779278874,-0.023502875119447708,-0.036781053990125656,0.9948645887232812,-0.10121328507835958,-0.0006934819341205441,0.10121400897985522,0.9948641450445523,0.0011032588963101192,0.0005782558924187359,-0.001167783159718449,0.9999991509510086,0.000687879859469831,8.682582119945437e-05,0.0009000080171972513,0.011700421571731567,-0.04165836051106453,-0.0726667195558548,-0.00017493945779278874,-0.023502875119447708,-0.036781053990125656,0.9948645887232812,-0.10121328507835958,-0.0006934819341205441,0.10121400897985522,0.9948641450445523,0.0011032588963101192,0.0005782558924187359,-0.001167783159718449,0.9999991509510086,0.000687879859469831,8.682582119945437e-05,0.0009000080171972513,43.11563420647881,-0.008912487441564155,-0.0030910270613738627,-0.00029820488175046436,43.11563420647881,-0.008912487441564155,-0.0030910270613738627,-0.00029820488175046436,0.005679842084646225,-0.030885163694620132,-0.07014653086662292,0.0,0.0,0.0,0.9948440302895539,-0.10141674120793456,0.0,0.10141674120793456,0.9948440302895539,0.0,0.0,0.0,1.0,0.0,0.0,0.0
12,1774985772000981801,0.120036835,120,9.980696,0.32724500124459155,43.11483418471664,0.6954005513663974,-0.6954005513663974,0.011827382259070873,-0.04186810553073883,-0.07272912561893463,-0.0001269281783606857,-0.023585598915815353,-0.03659495711326599,0.9948652905625508,-0.10120603033945552,-0.0006963530221148623,0.1012067562146286,0.9948648513294458,0.0011008798861854158,0.0005813614843240417,-0.0011657027407365322,0.9999991515776478,-5.059552495367825e-05,0.0006992726121097803,0.0003718523366842419,0.011827382259070873,-0.04186810553073883,-0.07272912561893463,-0.0001269281783606857,-0.023585598915815353,-0.03659495711326599,0.9948652905625508,-0.10120603033945552,-0.0006963530221148623,0.1012067562146286,0.9948648513294458,0.0011008798861854158,0.0005813614843240417,-0.0011657027407365322,0.9999991515776478,-5.059552495367825e-05,0.0006992726121097803,0.0003718523366842419,43.11483418471664,-0.008762246016072502,-0.0032811627554290086,-0.00022479947566115033,43.11483418471664,-0.008762246016072502,-0.0032811627554290086,-0.00022479947566115033,0.005679842084646225,-0.030885163694620132,-0.07014653086662292,0.0,0.0,0.0,0.9948440302895539,-0.10141674120793456,0.0,0.10141674120793456,0.9948440302895539,0.0,0.0,0.0,1.0,0.0,0.0,0.0
13,1774985772010928866,0.1299839,129,9.947065,0.3770479997911025,43.1134774892386,0.6953786691812677,-0.6953786691812677,0.011946318671107292,-0.042066220194101334,-0.07277092337608337,-4.437497409526259e-05,-0.02362493798136711,-0.03640380874276161,0.994866136340201,-0.10119771627523688,-0.0006971580507453019,0.10119844535983291,0.99486569303223,0.0011047757535038727,0.0005817778661521,-0.0011696552174485213,0.9999991467202654,0.001224591862410307,0.00039540763827972114,0.000826810603030026,0.011946318671107292,-0.042066220194101334,-0.07277092337608337,-4.437497409526259e-05,-0.02362493798136711,-0.03640380874276161,0.994866136340201,-0.10119771627523688,-0.0006971580507453019,0.10119844535983291,0.99486569303223,0.0011047757535038727,0.0005817778661521,-0.0011696552174485213,0.9999991467202654,0.001224591862410307,0.00039540763827972114,0.000826810603030026,43.1134774892386,-0.00912044599196883,-0.003242047903653408,-0.0002997070493319943,43.1134774892386,-0.00912044599196883,-0.003242047903653408,-0.0002997070493319943,0.005679842084646225,-0.030885163694620132,-0.07014653086662292,0.0,0.0,0.0,0.9948440302895539,-0.10141674120793456,0.0,0.10141674120793456,0.9948440302895539,0.0,0.0,0.0,1.0,0.0,0.0,0.0
14,1774985772021031657,0.140086691,140,10.102791,0.5080629998701625,43.111967664297104,0.6953543171660823,-0.6953543171660823,0.01217847689986229,-0.042457740753889084,-0.07286888360977173,8.01217756816186e-05,-0.023628288879990578,-0.03609733656048775,0.9948669534795737,-0.1011899318911722,-0.0006956422494528644,0.10119065783361103,0.9948665120599561,0.0011024105219068145,0.0005805183662245597,-0.0011671441746890845,0.9999991503861446,-4.540177178569138e-05,0.00020202381710987538,0.0006683384999632835,0.01217847689986229,-0.042457740753889084,-0.07286888360977173,8.01217756816186e-05,-0.023628288879990578,-0.03609733656048775,0.9948669534795737,-0.1011899318911722,-0.0006956422494528644,0.10119065783361103,0.9948665120599561,0.0011024105219068145,0.0005805183662245597,-0.0011671441746890845,0.9999991503861446,-4.540177178569138e-05,0.00020202381710987538,0.0006683384999632835,43.111967664297104,-0.008841440886082007,-0.003248948407161829,-0.0002821670020593288,43.111967664297104,-0.008841440886082007,-0.003248948407161829,-0.0002821670020593288,0.005679842084646225,-0.030885163694620132,-0.07014653086662292,0.0,0.0,0.0,0.9948440302895539,-0.10141674120793456,0.0,0.10141674120793456,0.9948440302895539,0.0,0.0,0.0,1.0,0.0,0.0,0.0
15,1774985772030931781,0.149986815,149,9.900124,0.3302189979876857,43.111068435438824,0.6953398134748198,-0.6953398134748198,0.012291708029806614,-0.04265146702528,-0.07292482256889343,0.0001772609248291701,-0.023684119805693626,-0.03591470047831535,0.9948668620234121,-0.10118993090795314,-0.0006922548948348362,0.10119064894543817,0.994866426604562,0.0010955671351291843,0.0005778407801159333,-0.001159993198183924,0.9999991602575365,7.028051186352968e-06,-0.00022550550056621432,-0.0004135624913033098,0.012291708029806614,-0.04265146702528,-0.07292482256889343,0.0001772609248291701,-0.023684119805693626,-0.03591470047831535,0.9948668620234121,-0.10118993090795314,-0.0006922548948348362,0.10119064894543817,0.994866426604562,0.0010955671351291843,0.0005778407801159333,-0.001159993198183924,0.9999991602575365,7.028051186352968e-06,-0.00022550550056621432,-0.0004135624913033098,43.111068435438824,-0.008869581110308998,-0.0031708684102942537,-0.00011985629514862798,43.111068435438824,-0.008869581110308998,-0.0031708684102942537,-0.00011985629514862798,0.005679842084646225,-0.030885163694620132,-0.07014653086662292,0.0,0.0,0.0,0.9948440302895539,-0.10141674120793456,0.0,0.10141674120793456,0.9948440302895539,0.0,0.0,0.0,1.0,0.0,0.0,0.0
16,1774985772040955549,0.160010583,160,10.023768,0.3342929994687438,43.11076701852052,0.6953349519116213,-0.6953349519116213,0.012402911670506,-0.04284406825900078,-0.07298512756824493,0.00017915424541570246,-0.02372785471379757,-0.03576952591538429,0.9948682500014009,-0.10117754474795437,-0.000689842901418436,0.10117825338169606,0.9948678264463403,0.0010840894793689992,0.0005766170436513618,-0.0011483231308681008,0.9999991744331226,-0.000996560207568109,0.00015259649080689996,0.001216420205309987,0.012402911670506,-0.04284406825900078,-0.07298512756824493,0.00017915424541570246,-0.02372785471379757,-0.03576952591538429,0.9948682500014009,-0.10117754474795437,-0.000689842901418436,0.10117825338169606,0.9948678264463403,0.0010840894793689992,0.0005766170436513618,-0.0011483231308681008,0.9999991744331226,-0.000996560207568109,0.00015259649080689996,0.001216420205309987,43.11076701852052,-0.008621442858742844,-0.003276930353114506,-0.0003743195202438195,43.11076701852052,-0.008621442858742844,-0.003276930353114506,-0.0003743195202438195,0.005679842084646225,-0.030885163694620132,-0.07014653086662292,0.0,0.0,0.0,0.9948440302895539,-0.10141674120793456,0.0,0.10141674120793456,0.9948440302895539,0.0,0.0,0.0,1.0,0.0,0.0,0.0
17,1774985772051144345,0.170199379,170,10.188796,0.40467199869453907,43.11006363562282,0.6953236070261746,-0.6953236070261746,0.01248997449874878,-0.04303272068500519,-0.0730317085981369,0.00020996268722228706,-0.023758845403790474,-0.035618361085653305,0.9948685163988382,-0.10117382916163953,-0.0006884162998391993,0.10117453435645096,0.9948680956167384,0.0010809567633860047,0.0005755188742968924,-0.0011450600645914952,0.9999991788073932,0.0006197342881932855,-0.0001667417964199558,0.0005259493482299149,0.01248997449874878,-0.04303272068500519,-0.0730317085981369,0.00020996268722228706,-0.023758845403790474,-0.035618361085653305,0.9948685163988382,-0.10117382916163953,-0.0006884162998391993,0.10117453435645096,0.9948680956167384,0.0010809567633860047,0.0005755188742968924,-0.0011450600645914952,0.9999991788073932,0.0006197342881932855,-0.0001667417964199558,0.0005259493482299149,43.11006363562282,-0.009045887179158262,-0.003213739666967743,-0.0002737172887507526,43.11006363562282,-0.009045887179158262,-0.003213739666967743,-0.0002737172887507526,0.005679842084646225,-0.030885163694620132,-0.07014653086662292,0.0,0.0,0.0,0.9948440302895539,-0.10141674120793456,0.0,0.10141674120793456,0.9948440302895539,0.0,0.0,0.0,1.0,0.0,0.0,0.0
18,1774985772060953285,0.180008319,180,9.80894,0.3168059993186034,43.10839316433386,0.6952966639408688,-0.6952966639408688,0.012658563442528248,-0.04340612143278122,-0.07313819229602814,0.00020500938990153372,-0.023805096745491028,-0.035283055156469345,0.9948695231841191,-0.10116392230114912,-0.0006782648145175485,0.10116461090182494,0.9948691066463788,0.001072157081003805,0.0005663210869590041,-0.001135272826867928,0.9999991952176818,0.0007221788400784135,-0.000411361048463732,0.00031507370295003057,0.012658563442528248,-0.04340612143278122,-0.07313819229602814,0.00020500938990153372,-0.023805096745491028,-0.035283055156469345,0.9948695231841191,-0.10116392230114912,-0.0006782648145175485,0.10116461090182494,0.9948691066463788,0.001072157081003805,0.0005663210869590041,-0.001135272826867928,0.9999991952176818,0.0007221788400784135,-0.000411361048463732,0.00031507370295003057,43.10839316433386,-0.009103708885808335,-0.003153057416861513,-0.0002500373784883622,43.10839316433386,-0.009103708885808335,-0.003153057416861513,-0.0002500373784883622,0.005679842084646225,-0.030885163694620132,-0.07014653086662292,0.0,0.0,0.0,0.9948440302895539,-0.10141674120793456,0.0,0.10141674120793456,0.9948440302895539,0.0,0.0,0.0,1.0,0.0,0.0,0.0
19,1774985772070984338,0.190039372,190,10.031053,0.3846809995593503,43.10790764843911,0.6952888330393405,-0.6952888330393405,0.01274009421467781,-0.043591149151325226,-0.07318314909934998,0.00023805400996934623,-0.023853972554206848,-0.035151220858097076,0.9948697210264754,-0.10116357106124063,-0.0006701929773241175,0.10116425206107094,0.9948692967767272,0.001074951098199592,0.0005580085897531756,-0.0011372356414291393,0.9999991976605346,0.0010426102671772242,-0.0005705169751308858,-8.947053720476106e-05,0.01274009421467781,-0.043591149151325226,-0.07318314909934998,0.00023805400996934623,-0.023853972554206848,-0.035151220858097076,0.9948697210264754,-0.10116357106124063,-0.0006701929773241175,0.10116425206107094,0.9948692967767272,0.001074951098199592,0.0005580085897531756,-0.0011372356414291393,0.9999991976605346,0.0010426102671772242,-0.0005705169751308858,-8.947053720476106e-05,43.10790764843911,-0.009222106978277194,-0.0031132710103780655,-0.00018963463988174201,43.10790764843911,-0.009222106978277194,-0.0031132710103780655,-0.00018963463988174201,0.005679842084646225,-0.030885163694620132,-0.07014653086662292,0.0,0.0,0.0,0.9948440302895539,-0.10141674120793456,0.0,0.10141674120793456,0.9948440302895539,0.0,0.0,0.0,1.0,0.0,0.0,0.0
20,1774985772080937753,0.199992787,199,9.953415,0.371268000890268,43.106462808718135,0.6952655291728731,-0.6952655291728731,0.012796631082892418,-0.043771542608737946,-0.07321976125240326,0.00023523533309344202,-0.02390546351671219,-0.03496091067790985,0.9948693454582169,-0.10116587180856618,-0.0006649935037867163,0.10116654626522892,0.9948689196145708,0.00107381064638494,0.0005529483761860382,-0.0011355763988571618,0.9999992023568463,0.00042472800123505294,0.00039315663161687553,-0.0003650743165053427,0.012796631082892418,-0.043771542608737946,-0.07321976125240326,0.00023523533309344202,-0.02390546351671219,-0.03496091067790985,0.9948693454582169,-0.10116587180856618,-0.0006649935037867163,0.10116654626522892,0.9948689196145708,0.00107381064638494,0.0005529483761860382,-0.0011355763988571618,0.9999992023568463,0.00042472800123505294,0.00039315663161687553,-0.0003650743165053427,43.106462808718135,-0.009097245159586783,-0.003351107599727839,-0.000146422687195531,43.106462808718135,-0.009097245159586783,-0.003351107599727839,-0.000146422687195531,0.005679842084646225,-0.030885163694620132,-0.07014653086662292,0.0,0.0,0.0,0.9948440302895539,-0.10141674120793456,0.0,0.10141674120793456,0.9948440302895539,0.0,0.0,0.0,1.0,0.0,0.0,0.0
21,1774985772090961317,0.210016351,210,10.023564,0.30560199957108125,43.1061228347086,0.6952600457211064,-0.6952600457211064,0.01285169180482626,-0.04395090043544769,-0.07326121628284454,0.00022634438937529922,-0.023931175470352173,-0.03484632447361946,0.9948693552506105,-0.10116569610014214,-0.0006593081059874713,0.10116636380325761,0.9948689268994324,0.001073264249427783,0.0005473476150720993,-0.001134457542614731,0.9999992067080096,0.0011879049707204103,-0.00021654230658896267,0.00043908896623179317,0.01285169180482626,-0.04395090043544769,-0.07326121628284454,0.00022634438937529922,-0.023931175470352173,-0.03484632447361946,0.9948693552506105,-0.10116569610014214,-0.0006593081059874713,0.10116636380325761,0.9948689268994324,0.001073264249427783,0.0005473476150720993,-0.001134457542614731,0.9999992067080096,0.0011879049707204103,-0.00021654230658896267,0.00043908896623179317,43.1061228347086,-0.009313808647801448,-0.003192442549499094,-0.0002671813818965691,43.1061228347086,-0.009313808647801448,-0.003192442549499094,-0.0002671813818965691,0.005679842084646225,-0.030885163694620132,-0.07014653086662292,0.0,0.0,0.0,0.9948440302895539,-0.10141674120793456,0.0,0.10141674120793456,0.9948440302895539,0.0,0.0,0.0,1.0,0.0,0.0,0.0
22,1774985772101030156,0.22008519,220,10.068839,0.5055100009485614,43.10507734177256,0.6952431829318154,-0.6952431829318154,0.012957540340721607,-0.04430727660655975,-0.07335875928401947,0.0002545785391703248,-0.024035265669226646,-0.03457429260015488,0.9948688274154358,-0.10117118277641546,-0.0006467108161329893,0.10117183508288763,0.994868394596333,0.0010711869607858554,0.000535018902105569,-0.0011311194274040148,0.9999992171615049,-0.0004286256735213101,0.00021111004753038287,0.00024154251150321215,0.012957540340721607,-0.04430727660655975,-0.07335875928401947,0.0002545785391703248,-0.024035265669226646,-0.03457429260015488,0.9948688274154358,-0.10117118277641546,-0.0006467108161329893,0.10117183508288763,0.994868394596333,0.0010711869607858554,0.000535018902105569,-0.0011311194274040148,0.9999992171615049,-0.0004286256735213101,0.00021111004753038287,0.00024154251150321215,43.10507734177256,-0.00896817994608837,-0.003293451006805676,-0.00023311836095270968,43.10507734177256,-0.00896817994608837,-0.003293451006805676,-0.00023311836095270968,0.005679842084646225,-0.030885163694620132,-0.07014653086662292,0.0,0.0,0.0,0.9948440302895539,-0.10141674120793456,0.0,0.10141674120793456,0.9948440302895539,0.0,0.0,0.0,1.0,0.0,0.0,0.0
23,1774985772110917240,0.229972274,229,9.887084,0.5373160020099021,43.104443676807215,0.6952329625291486,-0.6952329625291486,0.012984742410480976,-0.044472914189100266,-0.07341931760311127,0.0002803379320539534,-0.024045657366514206,-0.03440158814191818,0.9948697565194708,-0.10116286715870126,-0.0006420535687178611,0.1011635102617805,0.9948693295909334,0.0010637633976343305,0.0005311460893894296,-0.001123258288630087,0.9999992280870862,-1.106673153117299e-06,0.00017717992886900902,0.0016163124237209558,0.012984742410480976,-0.044472914189100266,-0.07341931760311127,0.0002803379320539534,-0.024045657366514206,-0.03440158814191818,0.9948697565194708,-0.10116286715870126,-0.0006420535687178611,0.1011635102617805,0.9948693295909334,0.0010637633976343305,0.0005311460893894296,-0.001123258288630087,0.9999992280870862,-1.106673153117299e-06,0.00017717992886900902,0.0016163124237209558,43.104443676807215,-0.009078532612612177,-0.0032842268805457334,-0.00044602186044105023,43.104443676807215,-0.009078532612612177,-0.0032842268805457334,-0.00044602186044105023,0.005679842084646225,-0.030885163694620132,-0.07014653086662292,0.0,0.0,0.0,0.9948440302895539,-0.10141674120793456,0.0,0.10141674120793456,0.9948440302895539,0.0,0.0,0.0,1.0,0.0,0.0,0.0
24,1774985772121024347,0.240079381,240,10.107107,0.3215610013285186,43.104666422219836,0.6952365551970942,-0.6952365551970942,0.013010740280151367,-0.044637590646743774,-0.07348400354385376,0.00019771531515289098,-0.024048274382948875,-0.03428648039698601,0.9948705374759348,-0.10115579052023804,-0.0006326863664123817,0.10115641815254439,0.9948701162255398,0.0010542739475073153,0.0005227949120150833,-0.0011128661530516153,0.9999992441070134,-0.0007600318640470505,-0.00018357823137193918,0.0012232144363224506,0.013010740280151367,-0.044637590646743774,-0.07348400354385376,0.00019771531515289098,-0.024048274382948875,-0.03428648039698601,0.9948705374759348,-0.10115579052023804,-0.0006326863664123817,0.10115641815254439,0.9948701162255398,0.0010542739475073153,0.0005227949120150833,-0.0011128661530516153,0.9999992441070134,-0.0007600318640470505,-0.00018357823137193918,0.0012232144363224506,43.104666422219836,-0.008887571862914848,-0.003159398526454356,-0.0003927579208726744,43.104666422219836,-0.008887571862914848,-0.003159398526454356,-0.0003927579208726744,0.005679842084646225,-0.030885163694620132,-0.07014653086662292,0.0,0.0,0.0,0.9948440302895539,-0.10141674120793456,0.0,0.10141674120793456,0.9948440302895539,0.0,0.0,0.0,1.0,0.0,0.0,0.0
25,1774985772130952577,0.250007611,250,9.92823,0.39716899846098386,43.104459654107416,0.695233220227539,-0.695233220227539,0.013035308569669724,-0.044801510870456696,-0.07354725897312164,0.00016901022172532976,-0.024101311340928078,-0.03414110839366913,0.9948704216068086,-0.10115632065115743,-0.00063038619453251,0.10115694347154669,0.9948700039590755,0.0010499488530275984,0.0005209433900895157,-0.0011083308768383166,0.9999992501100973,0.00016532465815544128,0.000720373063813895,0.00028504699002951384,0.013035308569669724,-0.044801510870456696,-0.07354725897312164,0.00016901022172532976,-0.024101311340928078,-0.03414110839366913,0.9948704216068086,-0.10115632065115743,-0.00063038619453251,0.10115694347154669,0.9948700039590755,0.0010499488530275984,0.0005209433900895157,-0.0011083308768383166,0.9999992501100973,0.00016532465815544128,0.000720373063813895,0.00028504699002951384,43.104459654107416,-0.009139528620837228,-0.0033801945016333403,-0.00025160196757600473,43.104459654107416,-0.009139528620837228,-0.0033801945016333403,-0.00025160196757600473,0.005679842084646225,-0.030885163694620132,-0.07014653086662292,0.0,0.0,0.0,0.9948440302895539,-0.10141674120793456,0.0,0.10141674120793456,0.9948440302895539,0.0,0.0,0.0,1.0,0.0,0.0,0.0
26,1774985772140954521,0.260009555,260,10.001944,0.49959599709836766,43.104743724383475,0.6952378020061851,-0.6952378020061851,0.013058647513389587,-0.044964928179979324,-0.07361461222171783,0.0001345182245131582,-0.02414168417453766,-0.03402550145983696,0.9948698817810945,-0.10116198209272742,-0.0006221732233610902,0.10116259268178629,0.9948694666219827,0.0010438490733800758,0.0005133833534844874,-0.001101434492028007,0.9999992616395957,0.0001899266499094665,8.273559069493786e-05,-0.0007948285201564431,0.013058647513389587,-0.044964928179979324,-0.07361461222171783,0.0001345182245131582,-0.02414168417453766,-0.03402550145983696,0.9948698817810945,-0.10116198209272742,-0.0006221732233610902,0.10116259268178629,0.9948694666219827,0.0010438490733800758,0.0005133833534844874,-0.001101434492028007,0.9999992616395957,0.0001899266499094665,8.273559069493786e-05,-0.0007948285201564431,43.104743724383475,-0.009159358982330236,-0.0031991590038356233,-8.506985351841767e-05,43.104743724383475,-0.009159358982330236,-0.0031991590038356233,-8.506985351841767e-05,0.005679842084646225,-0.030885163694620132,-0.07014653086662292,0.0,0.0,0.0,0.9948440302895539,-0.10141674120793456,0.0,0.10141674120793456,0.9948440302895539,0.0,0.0,0.0,1.0,0.0,0.0,0.0
27,1774985772151048194,0.270103228,270,10.093673,0.31933899663272314,43.10431294759111,0.695230853993405,-0.695230853993405,0.01309816911816597,-0.045235782861709595,-0.07373833656311035,7.587647996842861e-05,-0.02406897395849228,-0.03375094756484032,0.9948686813424614,-0.10117401345390764,-0.0006069526102729633,0.10117460321818594,0.9948682674150349,0.0010356931542927043,0.0004990527177495575,-0.0010917866851508657,0.9999992794739293,0.00020444000256247818,9.301949467044324e-05,-0.00030820933170616627,0.01309816911816597,-0.045235782861709595,-0.07373833656311035,7.587647996842861e-05,-0.02406897395849228,-0.03375094756484032,0.9948686813424614,-0.10117401345390764,-0.0006069526102729633,0.10117460321818594,0.9948682674150349,0.0010356931542927043,0.0004990527177495575,-0.0010917866851508657,0.9999992794739293,0.00020444000256247818,9.301949467044324e-05,-0.00030820933170616627,43.10431294759111,-0.00916270442555971,-0.003158891162266425,-0.00014838716890735342,43.10431294759111,-0.00916270442555971,-0.003158891162266425,-0.00014838716890735342,0.005679842084646225,-0.030885163694620132,-0.07014653086662292,0.0,0.0,0.0,0.9948440302895539,-0.10141674120793456,0.0,0.10141674120793456,0.9948440302895539,0.0,0.0,0.0,1.0,0.0,0.0,0.0
28,1774985772160922698,0.279977732,279,9.874504,0.4987350002920721,43.105418000988756,0.6952486774353025,-0.6952486774353025,0.013116098940372467,-0.04537009820342064,-0.07380685210227966,3.667425335152075e-05,-0.02401774376630783,-0.03369572386145592,0.9948685102334569,-0.10117578511858127,-0.0005971188574188553,0.10117636442844602,0.9948680908260055,0.0010362609811645704,0.0004892100410948744,-0.0010913575429992266,0.9999992848059496,0.0006865546456538141,0.00039399051456712186,0.0004330133961047977,0.013116098940372467,-0.04537009820342064,-0.07380685210227966,3.667425335152075e-05,-0.02401774376630783,-0.03369572386145592,0.9948685102334569,-0.10117578511858127,-0.0005971188574188553,0.10117636442844602,0.9948680908260055,0.0010362609811645704,0.0004892100410948744,-0.0010913575429992266,0.9999992848059496,0.0006865546456538141,0.00039399051456712186,0.0004330133961047977,43.105418000988756,-0.00929160294001476,-0.0032045907738751274,-0.00025814242445295374,43.105418000988756,-0.00929160294001476,-0.0032045907738751274,-0.00025814242445295374,0.005679842084646225,-0.030885163694620132,-0.07014653086662292,0.0,0.0,0.0,0.9948440302895539,-0.10141674120793456,0.0,0.10141674120793456,0.9948440302895539,0.0,0.0,0.0,1.0,0.0,0.0,0.0
29,1774985772171026616,0.29008165,290,10.103918,0.48405299821752124,43.105810329890225,0.6952550053208101,-0.6952550053208101,0.013132849708199501,-0.04550398141145706,-0.07387971878051758,-1.7068650777218863e-05,-0.024029545485973358,-0.0335770882666111,0.994868277288755,-0.10117684427706997,-0.0005963883398117965,0.10117741831152793,0.9948678674756807,0.0010271030223100615,0.0004894085529421437,-0.0010821732479640266,0.9999992946899157,-0.0005577369011007249,0.0005215824930928648,-8.231994434027001e-05,0.013132849708199501,-0.04550398141145706,-0.07387971878051758,-1.7068650777218863e-05,-0.024029545485973358,-0.0335770882666111,0.994868277288755,-0.10117684427706997,-0.0005963883398117965,0.10117741831152793,0.9948678674756807,0.0010271030223100615,0.0004894085529421437,-0.0010821732479640266,0.9999992946899157,-0.0005577369011007249,0.0005215824930928648,-8.231994434027001e-05,43.105810329890225,-0.008977597334985264,-0.0032279117498059656,-0.00017998985527127118,43.105810329890225,-0.008977597334985264,-0.0032279117498059656,-0.00017998985527127118,0.005679842084646225,-0.030885163694620132,-0.07014653086662292,0.0,0.0,0.0,0.9948440302895539,-0.10141674120793456,0.0,0.10141674120793456,0.9948440302895539,0.0,0.0,0.0,1.0,0.0,0.0,0.0
30,1774985772180945704,0.300000738,300,9.919088,0.3435600010561757,43.1051695283039,0.6952446698113531,-0.6952446698113531,0.013134656473994255,-0.045612990856170654,-0.07393176853656769,-6.253321771509945e-05,-0.024008838459849358,-0.03341728448867798,0.9948675779051409,-0.10118391953413797,-0.0005897867223147828,0.10118448141721803,0.9948671760275961,0.001016745165245709,0.0004838811973983774,-0.0010712040401686558,0.9999993091902166,-0.0003587324172258377,0.0006591150886379182,-0.00013003149069845676,0.013134656473994255,-0.045612990856170654,-0.07393176853656769,-6.253321771509945e-05,-0.024008838459849358,-0.03341728448867798,0.9948675779051409,-0.10118391953413797,-0.0005897867223147828,0.10118448141721803,0.9948671760275961,0.001016745165245709,0.0004838811973983774,-0.0010712040401686558,0.9999993091902166,-0.0003587324172258377,0.0006591150886379182,-0.00013003149069845676,43.1051695283039,-0.00901196014424315,-0.003237911703653476,-0.00016715063778814288,43.1051695283039,-0.00901196014424315,-0.003237911703653476,-0.00016715063778814288,0.005679842084646225,-0.030885163694620132,-0.07014653086662292,0.0,0.0,0.0,0.9948440302895539,-0.10141674120793456,0.0,0.10141674120793456,0.9948440302895539,0.0,0.0,0.0,1.0,0.0,0.0,0.0
