step,timestamp_ns,experiment_time_s,reference_index,tick_dt_ms,solver_ms,px4_collective_command_newton,px4_collective_normalized,px4_thrust_body_z,state_raw_0,state_raw_1,state_raw_2,state_raw_3,state_raw_4,state_raw_5,state_raw_6,state_raw_7,state_raw_8,state_raw_9,state_raw_10,state_raw_11,state_raw_12,state_raw_13,state_raw_14,state_raw_15,state_raw_16,state_raw_17,state_used_0,state_used_1,state_used_2,state_used_3,state_used_4,state_used_5,state_used_6,state_used_7,state_used_8,state_used_9,state_used_10,state_used_11,state_used_12,state_used_13,state_used_14,state_used_15,state_used_16,state_used_17,control_raw_0,control_raw_1,control_raw_2,control_raw_3,control_used_0,control_used_1,control_used_2,control_used_3,reference_0,reference_1,reference_2,reference_3,reference_4,reference_5,reference_6,reference_7,reference_8,reference_9,reference_10,reference_11,reference_12,reference_13,reference_14,reference_15,reference_16,reference_17
0,1774030924269220282,0.0,0,0.0,69.17957498808391,79.9999515414406,0.9999993942680074,-0.9999993942680074,-0.010517607443034649,-0.005722484551370144,0.00350169837474823,-0.022569099441170692,-0.00522395595908165,-0.004736346658319235,0.9944818363848477,-0.104908339945599,0.00039802580179778765,0.10490787457868511,0.9944814103493392,0.001050445150434216,-0.0005060296887047389,-0.0010028925700776327,0.9999993690700362,0.000620769860688597,-0.0015052909730002284,-0.0010687931207939982,-0.010517607443034649,-0.005722484551370144,0.00350169837474823,-0.022569099441170692,-0.00522395595908165,-0.004736346658319235,0.9944818363848477,-0.104908339945599,0.00039802580179778765,0.10490787457868511,0.9944814103493392,0.001050445150434216,-0.0005060296887047389,-0.0010028925700776327,0.9999993690700362,0.000620769860688597,-0.0015052909730002284,-0.0010687931207939982,39.999951541440595,-0.07675048060051776,0.017875563528551155,0.011577993425075468,39.999951541440595,-0.07675048060051776,0.017875563528551155,0.011577993425075468,-0.00971161387860775,-0.0010896202875301242,0.0017144381999969482,0.0,0.0,0.0,0.9944827443684991,-0.1048999706689675,0.0004186523270523126,0.10489952202146213,0.9944823979897686,0.0009789438018169283,-0.000519033473042399,-0.0009296262646481344,0.999999433199498,0.0,0.0,0.0
1,1774030924351897466,0.082677184,82,82.677184,26.518942991970107,79.9999515414406,0.9999993942680074,-0.9999993942680074,-0.010517607443034649,-0.005722484551370144,0.00350169837474823,-0.022569099441170692,-0.00522395595908165,-0.004736346658319235,0.9944818363848477,-0.104908339945599,0.00039802580179778765,0.10490787457868511,0.9944814103493392,0.001050445150434216,-0.0005060296887047389,-0.0010028925700776327,0.9999993690700362,0.000620769860688597,-0.0015052909730002284,-0.0010687931207939982,-0.010517607443034649,-0.005722484551370144,0.00350169837474823,-0.022569099441170692,-0.00522395595908165,-0.004736346658319235,0.9944818363848477,-0.104908339945599,0.00039802580179778765,0.10490787457868511,0.9944814103493392,0.001050445150434216,-0.0005060296887047389,-0.0010028925700776327,0.9999993690700362,0.000620769860688597,-0.0015052909730002284,-0.0010687931207939982,39.999951541440595,-0.07675048060051776,0.017875563528551155,0.011577993425075468,39.999951541440595,-0.07675048060051776,0.017875563528551155,0.011577993425075468,-0.00971161387860775,-0.0010896202875301242,0.0017144381999969482,0.0,0.0,0.0,0.9944827443684991,-0.1048999706689675,0.0004186523270523126,0.10489952202146213,0.9944823979897686,0.0009789438018169283,-0.000519033473042399,-0.0009296262646481344,0.999999433199498,0.0,0.0,0.0
2,1774030924383123710,0.113903428,113,31.226244,19.261609995737672,80.0,1.0,-1.0,-0.010505261830985546,-0.005991724319756031,0.003628745675086975,-0.022493578493595123,-0.0055626495741307735,-0.0045896559022367,0.9944818118819172,-0.10490887225565126,0.0003957201482170103,0.1049084077152802,0.9944813817202429,0.001053393908788669,-0.0005040466147310241,-0.0010060666841497923,0.9999993668832475,0.00017839064821600914,-0.00034189681173302233,0.0005970074562355876,-0.010505261830985546,-0.005991724319756031,0.003628745675086975,-0.022493578493595123,-0.0055626495741307735,-0.0045896559022367,0.9944818118819172,-0.10490887225565126,0.0003957201482170103,0.1049084077152802,0.9944813817202429,0.001053393908788669,-0.0005040466147310241,-0.0010060666841497923,0.9999993668832475,0.00017839064821600914,-0.00034189681173302233,0.0005970074562355876,40.000098906019446,-0.0760899578999377,0.003437861275621149,-0.0059019479319854145,40.000098906019446,-0.0760899578999377,0.003437861275621149,-0.0059019479319854145,-0.00971161387860775,-0.0010896202875301242,0.0017144381999969482,0.0,0.0,0.0,0.9944827443684991,-0.1048999706689675,0.0004186523270523126,0.10489952202146213,0.9944823979897686,0.0009789438018169283,-0.000519033473042399,-0.0009296262646481344,0.999999433199498,0.0,0.0,0.0
3,1774030924406983331,0.137763049,137,23.859621,20.182481996016577,80.0,1.0,-1.0,-0.010515283793210983,-0.006382590159773827,0.0037912875413894653,-0.02257564663887024,-0.005951127968728542,-0.004405464511364698,0.9944821470821653,-0.10490604642708701,0.00038145721750675564,0.10490558395744132,0.9944816843073893,0.0010784170537709963,-0.0004924845684078256,-0.0010324494663334714,0.9999993457533595,-0.0003080028691329062,-0.0004095585609320551,-0.00013620701793115586,-0.010515283793210983,-0.006382590159773827,0.0037912875413894653,-0.02257564663887024,-0.005951127968728542,-0.004405464511364698,0.9944821470821653,-0.10490604642708701,0.00038145721750675564,0.10490558395744132,0.9944816843073893,0.0010784170537709963,-0.0004924845684078256,-0.0010324494663334714,0.9999993457533595,-0.0003080028691329062,-0.0004095585609320551,-0.00013620701793115586,40.00013464655798,-0.0770997490817808,0.003916007380934598,0.0018017419873164603,40.00013464655798,-0.0770997490817808,0.003916007380934598,0.0018017419873164603,-0.00971161387860775,-0.0010896202875301242,0.0017144381999969482,0.0,0.0,0.0,0.9944827443684991,-0.1048999706689675,0.0004186523270523126,0.10489952202146213,0.9944823979897686,0.0009789438018169283,-0.000519033473042399,-0.0009296262646481344,0.999999433199498,0.0,0.0,0.0
4,1774030924432520119,0.163299837,163,25.536788,20.124066999414936,79.99994492934256,0.999999311616782,-0.999999311616782,-0.010558897629380226,-0.00687074288725853,0.003936514258384705,-0.022488297894597054,-0.006363879423588514,-0.004278870765119791,0.9944824250192982,-0.10490234422541866,0.00039429532885031093,0.10490186209414065,0.9944819554883976,0.0010911013859829025,-0.0005065787183042778,-0.0010437188524732993,0.9999993270142382,-0.0005288810934871435,-0.00014106689195614308,0.0005061234114691615,-0.010558897629380226,-0.00687074288725853,0.003936514258384705,-0.022488297894597054,-0.006363879423588514,-0.004278870765119791,0.9944824250192982,-0.10490234422541866,0.00039429532885031093,0.10490186209414065,0.9944819554883976,0.0010911013859829025,-0.0005065787183042778,-0.0010437188524732993,0.9999993270142382,-0.0005288810934871435,-0.00014106689195614308,0.0005061234114691615,39.99994492934256,-0.08297189756375628,0.00018809931483946331,-0.004931124769671787,39.99994492934256,-0.08297189756375628,0.00018809931483946331,-0.004931124769671787,-0.00971161387860775,-0.0010896202875301242,0.0017144381999969482,0.0,0.0,0.0,0.9944827443684991,-0.1048999706689675,0.0004186523270523126,0.10489952202146213,0.9944823979897686,0.0009789438018169283,-0.000519033473042399,-0.0009296262646481344,0.999999433199498,0.0,0.0,0.0
5,1774030924454883759,0.185663477,185,22.36364,23.439438999048434,80.0,1.0,-1.0,-0.01057359203696251,-0.007102484814822674,0.0039889514446258545,-0.02252400666475296,-0.006586695555597544,-0.004184078425168991,0.9944835765664894,-0.10489171410614273,0.0003964128493227914,0.10489122919628402,0.9944831069278219,0.0010922291983382713,-0.0005087916654908566,-0.0010446237647774997,0.9999993249458917,-7.75237858761102e-05,-0.0015540430322289467,0.00013907212996855378,-0.01057359203696251,-0.007102484814822674,0.0039889514446258545,-0.02252400666475296,-0.006586695555597544,-0.004184078425168991,0.9944835765664894,-0.10489171410614273,0.0003964128493227914,0.10489122919628402,0.9944831069278219,0.0010922291983382713,-0.0005087916654908566,-0.0010446237647774997,0.9999993249458917,-7.75237858761102e-05,-0.0015540430322289467,0.00013907212996855378,40.00000509941016,-0.09261844508603334,0.017188422295501948,-0.0010727242673636399,40.00000509941016,-0.09261844508603334,0.017188422295501948,-0.0010727242673636399,-0.00971161387860775,-0.0010896202875301242,0.0017144381999969482,0.0,0.0,0.0,0.9944827443684991,-0.1048999706689675,0.0004186523270523126,0.10489952202146213,0.9944823979897686,0.0009789438018169283,-0.000519033473042399,-0.0009296262646481344,0.999999433199498,0.0,0.0,0.0
6,1774030924483118335,0.213898053,213,28.234576,19.5842750108568,79.99997043155597,0.9999996303944496,-0.9999996303944496,-0.010597353801131248,-0.007400514557957649,0.0040479302406311035,-0.02249123901128769,-0.00695300567895174,-0.004015604965388775,0.9944846935581602,-0.10488196582582932,0.00038119393346324783,0.1048814911885132,0.9944842042780841,0.0011036453943158355,-0.0004948437155204242,-0.0010575782091711613,0.9999993183288368,-0.00011180285946466029,-0.0003146614180877805,-0.000296129408525303,-0.010597353801131248,-0.007400514557957649,0.0040479302406311035,-0.02249123901128769,-0.00695300567895174,-0.004015604965388775,0.9944846935581602,-0.10488196582582932,0.00038119393346324783,0.1048814911885132,0.9944842042780841,0.0011036453943158355,-0.0004948437155204242,-0.0010575782091711613,0.9999993183288368,-0.00011180285946466029,-0.0003146614180877805,-0.000296129408525303,39.999970431555965,-0.09735676493147716,0.0018070525047392421,0.0034988231145922054,39.999970431555965,-0.09735676493147716,0.0018070525047392421,0.0034988231145922054,-0.00971161387860775,-0.0010896202875301242,0.0017144381999969482,0.0,0.0,0.0,0.9944827443684991,-0.1048999706689675,0.0004186523270523126,0.10489952202146213,0.9944823979897686,0.0009789438018169283,-0.000519033473042399,-0.0009296262646481344,0.999999433199498,0.0,0.0,0.0
7,1774030924507419727,0.238199445,238,24.301392,18.281755998032168,0.0004836270087196226,6.045337608995283e-06,-6.045337608995283e-06,-0.010644287802278996,-0.0077185845002532005,0.004663839936256409,-0.022467974573373795,-0.007303724531084299,0.05328119173645973,0.9944870766218434,-0.10486024043169229,0.00014303867362929368,0.10486015261958537,0.9944869582528009,0.0005237451530535637,-0.00019717006111315098,-0.0005058586902499202,0.9999998526154811,-0.040049370378255844,0.016033316031098366,0.0020280396565794945,-0.010644287802278996,-0.0077185845002532005,0.004663839936256409,-0.022467974573373795,-0.007303724531084299,0.05328119173645973,0.9944870766218434,-0.10486024043169229,0.00014303867362929368,0.10486015261958537,0.9944869582528009,0.0005237451530535637,-0.00019717006111315098,-0.0005058586902499202,0.9999998526154811,-0.040049370378255844,0.016033316031098366,0.0020280396565794945,-39.99951637299128,0.38236856820987053,-0.1968177611103587,-0.020879621933135105,-39.99951637299128,0.38236856820987053,-0.1968177611103587,-0.020879621933135105,-0.00971161387860775,-0.0010896202875301242,0.0017144381999969482,0.0,0.0,0.0,0.9944827443684991,-0.1048999706689675,0.0004186523270523126,0.10489952202146213,0.9944823979897686,0.0009789438018169283,-0.000519033473042399,-0.0009296262646481344,0.999999433199498,0.0,0.0,0.0
8,1774030924531232786,0.262012504,262,23.813059,37.51908599224407,0.011580316281524006,0.00014475395351905008,-0.00014475395351905008,-0.010680914856493473,-0.007854251191020012,0.006022229790687561,-0.022499151527881622,-0.007378193084150553,0.11014110594987869,0.9944897381019868,-0.1048347088270718,-0.00021100130911214793,0.10483461319784393,0.9944896809039849,-0.0004223004842963795,0.00025411031168992397,0.000397853240500623,0.9999998885703781,-0.06927909702062607,0.02504543401300907,0.0010576994391158223,-0.010680914856493473,-0.007854251191020012,0.006022229790687561,-0.022499151527881622,-0.007378193084150553,0.11014110594987869,0.9944897381019868,-0.1048347088270718,-0.00021100130911214793,0.10483461319784393,0.9944896809039849,-0.0004223004842963795,0.00025411031168992397,0.000397853240500623,0.9999998885703781,-0.06927909702062607,0.02504543401300907,0.0010576994391158223,-39.988419683718476,0.7359740585191481,-0.306593958826671,-0.010683795816790423,-39.988419683718476,0.7359740585191481,-0.306593958826671,-0.010683795816790423,-0.00971161387860775,-0.0010896202875301242,0.0017144381999969482,0.0,0.0,0.0,0.9944827443684991,-0.1048999706689675,0.0004186523270523126,0.10489952202146213,0.9944823979897686,0.0009789438018169283,-0.000519033473042399,-0.0009296262646481344,0.999999433199498,0.0,0.0,0.0
9,1774030924574216074,0.304995792,304,42.983288,28.69294698757585,0.0,0.0,-0.0,-0.01070643775165081,-0.0081417141482234,0.01864895224571228,-0.021366365253925323,-0.004810493439435959,0.32860419154167175,0.9944924787515566,-0.10479168594640331,-0.0018637217796627081,0.10477543647629006,0.9944688383103648,-0.007341575833107183,0.0026227490662414366,0.007105869540090237,0.999971313492044,-0.1726759374141693,0.03136277571320534,0.0005826238193549216,-0.01070643775165081,-0.0081417141482234,0.01864895224571228,-0.021366365253925323,-0.004810493439435959,0.32860419154167175,0.9944924787515566,-0.10479168594640331,-0.0018637217796627081,0.10477543647629006,0.9944688383103648,-0.007341575833107183,0.0026227490662414366,0.007105869540090237,0.999971313492044,-0.1726759374141693,0.03136277571320534,0.0005826238193549216,-40.02780117982422,1.9935124177962023,-0.3864271129096505,-0.005716925105040252,-40.02780117982422,1.9935124177962023,-0.3864271129096505,-0.005716925105040252,-0.00971161387860775,-0.0010896202875301242,0.0017144381999969482,0.0,0.0,0.0,0.9944827443684991,-0.1048999706689675,0.0004186523270523126,0.10489952202146213,0.9944823979897686,0.0009789438018169283,-0.000519033473042399,-0.0009296262646481344,0.999999433199498,0.0,0.0,0.0
10,1774030924607536737,0.338316455,338,33.320663,24.40260000003036,0.0,0.0,-0.0,-0.01069028303027153,-0.00815392006188631,0.028133511543273926,-0.020318670198321342,-0.001778493751771748,0.4229927361011505,0.9944923856239843,-0.10477483438541113,-0.0026920815054363723,0.10473506882894545,0.9944263591541908,-0.01212022524066425,0.003946970542150652,0.011771515886059125,0.999922923452371,-0.21948136389255524,0.03693615272641182,0.0008880217210389674,-0.01069028303027153,-0.00815392006188631,0.028133511543273926,-0.020318670198321342,-0.001778493751771748,0.4229927361011505,0.9944923856239843,-0.10477483438541113,-0.0026920815054363723,0.10473506882894545,0.9944263591541908,-0.01212022524066425,0.003946970542150652,0.011771515886059125,0.999922923452371,-0.21948136389255524,0.03693615272641182,0.0008880217210389674,-40.03480998142483,2.5646020285347015,-0.45688065773607967,-0.008968116899649844,-40.03480998142483,2.5646020285347015,-0.45688065773607967,-0.008968116899649844,-0.00971161387860775,-0.0010896202875301242,0.0017144381999969482,0.0,0.0,0.0,0.9944827443684991,-0.1048999706689675,0.0004186523270523126,0.10489952202146213,0.9944823979897686,0.0009789438018169283,-0.000519033473042399,-0.0009296262646481344,0.999999433199498,0.0,0.0,0.0
11,1774030924637328525,0.368108243,368,29.791788,22.30400800181087,0.0,0.0,-0.0,-0.010596134699881077,-0.007943132892251015,0.04502609372138977,-0.018139280378818512,0.004922403022646904,0.5421589016914368,0.9944869603741519,-0.10477947855272651,-0.0041138931190937145,0.10467532451447581,0.9942979325328399,-0.020363580171908757,0.006224121004436145,0.01982069200949399,0.999784176951011,-0.2863541543483734,0.04990129917860031,0.0010028212564066052,-0.010596134699881077,-0.007943132892251015,0.04502609372138977,-0.018139280378818512,0.004922403022646904,0.5421589016914368,0.9944869603741519,-0.10477947855272651,-0.0041138931190937145,0.10467532451447581,0.9942979325328399,-0.020363580171908757,0.006224121004436145,0.01982069200949399,0.999784176951011,-0.2863541543483734,0.04990129917860031,0.0010028212564066052,-40.0304997914303,3.3836888068031863,-0.6195400618508468,-0.0102788078659742,-40.0304997914303,3.3836888068031863,-0.6195400618508468,-0.0102788078659742,-0.00971161387860775,-0.0010896202875301242,0.0017144381999969482,0.0,0.0,0.0,0.9944827443684991,-0.1048999706689675,0.0004186523270523126,0.10489952202146213,0.9944823979897686,0.0009789438018169283,-0.000519033473042399,-0.0009296262646481344,0.999999433199498,0.0,0.0,0.0
12,1774030924665033361,0.395813079,395,27.704836,18.814533003023826,0.0,0.0,-0.0,-0.010468970984220505,-0.007618255447596312,0.058773815631866455,-0.01710132323205471,0.007916060276329517,0.43922919034957886,0.9944801299078528,-0.10478978691821483,-0.0053305165964205314,0.10460514900307061,0.9941311689527231,-0.027586669655873863,0.00819003323987666,0.026876794924557912,0.9996052027002197,-0.305912047624588,0.051840078085660934,0.001151063246652484,-0.010468970984220505,-0.007618255447596312,0.058773815631866455,-0.01710132323205471,0.007916060276329517,0.43922919034957886,0.9944801299078528,-0.10478978691821483,-0.0053305165964205314,0.10460514900307061,0.9941311689527231,-0.027586669655873863,0.00819003323987666,0.026876794924557912,0.9996052027002197,-0.305912047624588,0.051840078085660934,0.001151063246652484,-40.01759596470714,3.629952673257851,-0.6480735116676061,-0.011958348314774438,-40.01759596470714,3.629952673257851,-0.6480735116676061,-0.011958348314774438,-0.00971161387860775,-0.0010896202875301242,0.0017144381999969482,0.0,0.0,0.0,0.9944827443684991,-0.1048999706689675,0.0004186523270523126,0.10489952202146213,0.9944823979897686,0.0009789438018169283,-0.000519033473042399,-0.0009296262646481344,0.999999433199498,0.0,0.0,0.0
13,1774030924689503277,0.420282995,420,24.469916,21.080684004118666,0.0,0.0,-0.0,-0.01030120998620987,-0.00718622375279665,0.06953582167625427,-0.01655876636505127,0.009296372532844543,0.24269402027130127,0.9944700508221745,-0.10481538710665816,-0.006561278620670463,0.10452515870416046,0.9939066027811078,-0.03498791048773475,0.010188569571930706,0.03410861046002511,0.9993661970175217,-0.3093659579753876,0.051313623785972595,0.001296867849305272,-0.01030120998620987,-0.00718622375279665,0.06953582167625427,-0.01655876636505127,0.009296372532844543,0.24269402027130127,0.9944700508221745,-0.10481538710665816,-0.006561278620670463,0.10452515870416046,0.9939066027811078,-0.03498791048773475,0.010188569571930706,0.03410861046002511,0.9993661970175217,-0.3093659579753876,0.051313623785972595,0.001296867849305272,-40.00306769449949,3.682607966131445,-0.6468609897793778,-0.0136155936648581,-40.00306769449949,3.682607966131445,-0.6468609897793778,-0.0136155936648581,-0.00971161387860775,-0.0010896202875301242,0.0017144381999969482,0.0,0.0,0.0,0.9944827443684991,-0.1048999706689675,0.0004186523270523126,0.10489952202146213,0.9944823979897686,0.0009789438018169283,-0.000519033473042399,-0.0009296262646481344,0.999999433199498,0.0,0.0,0.0
14,1774030924712225374,0.443005092,443,22.722097,12.0571120060049,40.2025279513475,0.5025315993918438,-0.5025315993918438,-0.01012270338833332,-0.0066637517884373665,0.075531005859375,-0.016312476247549057,0.01030179113149643,0.02591412328183651,0.9944582574074853,-0.10484316824858109,-0.00779303512068541,0.10442287024847885,0.9936267643987141,-0.04244719392890084,0.012193665403115395,0.04139819069557049,0.999068318169907,-0.310048907995224,0.05132501199841499,0.0002464152639731765,-0.01012270338833332,-0.0066637517884373665,0.075531005859375,-0.016312476247549057,0.01030179113149643,0.02591412328183651,0.9944582574074853,-0.10484316824858109,-0.00779303512068541,0.10442287024847885,0.9936267643987141,-0.04244719392890084,0.012193665403115395,0.04139819069557049,0.999068318169907,-0.310048907995224,0.05132501199841499,0.0002464152639731765,0.20252795134749713,3.7052415413981765,-0.652311940187295,-0.0027181259203679525,0.20252795134749713,3.7052415413981765,-0.652311940187295,-0.0027181259203679525,-0.00971161387860775,-0.0010896202875301242,0.0017144381999969482,0.0,0.0,0.0,0.9944827443684991,-0.1048999706689675,0.0004186523270523126,0.10489952202146213,0.9944823979897686,0.0009789438018169283,-0.000519033473042399,-0.0009296262646481344,0.999999433199498,0.0,0.0,0.0
15,1774030924725962584,0.456742302,456,13.73721,15.50238199706655,80.0,1.0,-1.0,-0.0100637786090374,-0.006476346869021654,0.07639381289482117,-0.01624644175171852,0.010556206107139587,-0.047890033572912216,0.9944538458092034,-0.10485314102084975,-0.008215199035605192,0.10438357126970543,0.9935213253891682,-0.04493960520385387,0.012874031000917108,0.04383282944164435,0.9989559262071229,-0.31127703189849854,0.05287119746208191,0.001241066842339933,-0.0100637786090374,-0.006476346869021654,0.07639381289482117,-0.01624644175171852,0.010556206107139587,-0.047890033572912216,0.9944538458092034,-0.10485314102084975,-0.008215199035605192,0.10438357126970543,0.9935213253891682,-0.04493960520385387,0.012874031000917108,0.04383282944164435,0.9989559262071229,-0.31127703189849854,0.05287119746208191,0.001241066842339933,40.00165091940504,3.7268500943657377,-0.6730473808092047,-0.013209340092407587,40.00165091940504,3.7268500943657377,-0.6730473808092047,-0.013209340092407587,-0.00971161387860775,-0.0010896202875301242,0.0017144381999969482,0.0,0.0,0.0,0.9944827443684991,-0.1048999706689675,0.0004186523270523126,0.10489952202146213,0.9944823979897686,0.0009789438018169283,-0.000519033473042399,-0.0009296262646481344,0.999999433199498,0.0,0.0,0.0
16,1774030924742943140,0.473722858,473,16.980556,14.615641004638746,80.0,1.0,-1.0,-0.009840665385127068,-0.005830464884638786,0.07498791813850403,-0.01593821309506893,0.011394877918064594,-0.2716139554977417,0.9944398955449087,-0.10488178442808405,-0.009450711220707841,0.10424974398884412,0.9931695109260859,-0.0524072878849009,0.014882721701433343,0.051130659694412106,0.9985810735760525,-0.3099755048751831,0.05247438699007034,0.000317981030093506,-0.009840665385127068,-0.005830464884638786,0.07498791813850403,-0.01593821309506893,0.011394877918064594,-0.2716139554977417,0.9944398955449087,-0.10488178442808405,-0.009450711220707841,0.10424974398884412,0.9931695109260859,-0.0524072878849009,0.014882721701433343,0.051130659694412106,0.9985810735760525,-0.3099755048751831,0.05247438699007034,0.000317981030093506,40.01394165365167,3.723899109171316,-0.6728243562496351,-0.003593884609613017,40.01394165365167,3.723899109171316,-0.6728243562496351,-0.003593884609613017,-0.00971161387860775,-0.0010896202875301242,0.0017144381999969482,0.0,0.0,0.0,0.9944827443684991,-0.1048999706689675,0.0004186523270523126,0.10489952202146213,0.9944823979897686,0.0009789438018169283,-0.000519033473042399,-0.0009296262646481344,0.999999433199498,0.0,0.0,0.0
17,1774030924759004920,0.489784638,489,16.06178,14.649273987743072,80.0,1.0,-1.0,-0.009689423255622387,-0.005371979437768459,0.0708734393119812,-0.01573525369167328,0.011977105401456356,-0.42171716690063477,0.9944288663675918,-0.1049073743352924,-0.010292190638662935,0.10415248168418123,0.9929040028146618,-0.057394757787677775,0.016240282071157908,0.056003041416498145,0.9982985089568983,-0.31094616651535034,0.0521201454102993,0.0010325729381293058,-0.009689423255622387,-0.005371979437768459,0.0708734393119812,-0.01573525369167328,0.011977105401456356,-0.42171716690063477,0.9944288663675918,-0.1049073743352924,-0.010292190638662935,0.10415248168418123,0.9929040028146618,-0.057394757787677775,0.016240282071157908,0.056003041416498145,0.9982985089568983,-0.31094616651535034,0.0521201454102993,0.0010325729381293058,40.02405917086405,3.744423714267493,-0.6713810130540444,-0.011125523728839855,40.02405917086405,3.744423714267493,-0.6713810130540444,-0.011125523728839855,-0.00971161387860775,-0.0010896202875301242,0.0017144381999969482,0.0,0.0,0.0,0.9944827443684991,-0.1048999706689675,0.0004186523270523126,0.10489952202146213,0.9944823979897686,0.0009789438018169283,-0.000519033473042399,-0.0009296262646481344,0.999999433199498,0.0,0.0,0.0
18,1774030924775094345,0.505874063,505,16.089425,19.860746993799694,80.0,1.0,-1.0,-0.009590350091457367,-0.005118239670991898,0.06741413474082947,-0.015652406960725784,0.012252626940608025,-0.49727728962898254,0.9944226657935653,-0.10492340165794634,-0.010712145554469199,0.10410306305493577,0.992761934233612,-0.05988658147350212,0.016918110410564013,0.05843740448632628,0.9981477082471127,-0.3104633092880249,0.05248870700597763,0.0010855862637981772,-0.009590350091457367,-0.005118239670991898,0.06741413474082947,-0.015652406960725784,0.012252626940608025,-0.49727728962898254,0.9944226657935653,-0.10492340165794634,-0.010712145554469199,0.10410306305493577,0.992761934233612,-0.05988658147350212,0.016918110410564013,0.05843740448632628,0.9981477082471127,-0.3104633092880249,0.05248870700597763,0.0010855862637981772,40.02960570941491,3.7430227010955854,-0.6772507112510928,-0.011690827615823235,40.02960570941491,3.7430227010955854,-0.6772507112510928,-0.011690827615823235,-0.00971161387860775,-0.0010896202875301242,0.0017144381999969482,0.0,0.0,0.0,0.9944827443684991,-0.1048999706689675,0.0004186523270523126,0.10489952202146213,0.9944823979897686,0.0009789438018169283,-0.000519033473042399,-0.0009296262646481344,0.999999433199498,0.0,0.0,0.0
19,1774030924796592334,0.527372052,527,21.497989,14.857018002658151,79.99951197207771,0.9999938996509714,-0.9999938996509714,-0.009317840449512005,-0.004359323997050524,0.05338373780250549,-0.01522041391581297,0.013149324804544449,-0.7244419455528259,0.99440325243176,-0.10497384458300818,-0.011954857951435027,0.10394194794039446,0.992299695934313,-0.06736200554330107,0.018934040648611816,0.06574237997039223,0.9976569761804478,-0.3120531439781189,0.051758792251348495,0.0012521389871835709,-0.009317840449512005,-0.004359323997050524,0.05338373780250549,-0.01522041391581297,0.013149324804544449,-0.7244419455528259,0.99440325243176,-0.10497384458300818,-0.011954857951435027,0.10394194794039446,0.992299695934313,-0.06736200554330107,0.018934040648611816,0.06574237997039223,0.9976569761804478,-0.3120531439781189,0.051758792251348495,0.0012521389871835709,39.99951197207771,3.7754348323264604,-0.6722528362325004,-0.013445638483922913,39.99951197207771,3.7754348323264604,-0.6722528362325004,-0.013445638483922913,-0.00971161387860775,-0.0010896202875301242,0.0017144381999969482,0.0,0.0,0.0,0.9944827443684991,-0.1048999706689675,0.0004186523270523126,0.10489952202146213,0.9944823979897686,0.0009789438018169283,-0.000519033473042399,-0.0009296262646481344,0.999999433199498,0.0,0.0,0.0
20,1774030924812905255,0.543684973,543,16.312921,12.241341013577767,79.9995092589447,0.9999938657368087,-0.9999938657368087,-0.009120252914726734,-0.0038209115155041218,0.03943559527397156,-0.015006045810878277,0.013701173476874828,-0.8773164749145508,0.9943896244545432,-0.10500448613052527,-0.01277906191912992,0.10381858505256858,0.9919623570228691,-0.07233502216455623,0.020271851397077434,0.07060249213742109,0.9972985210436568,-0.31015002727508545,0.051202621310949326,0.0006774512585252523,-0.009120252914726734,-0.0038209115155041218,0.03943559527397156,-0.015006045810878277,0.013701173476874828,-0.8773164749145508,0.9943896244545432,-0.10500448613052527,-0.01277906191912992,0.10381858505256858,0.9919623570228691,-0.07233502216455623,0.020271851397077434,0.07060249213742109,0.9972985210436568,-0.31015002727508545,0.051202621310949326,0.0006774512585252523,39.9995092589447,3.760676599462294,-0.6678826053815938,-0.00739339932545399,39.9995092589447,3.760676599462294,-0.6678826053815938,-0.00739339932545399,-0.00971161387860775,-0.0010896202875301242,0.0017144381999969482,0.0,0.0,0.0,0.9944827443684991,-0.1048999706689675,0.0004186523270523126,0.10489952202146213,0.9944823979897686,0.0009789438018169283,-0.000519033473042399,-0.0009296262646481344,0.999999433199498,0.0,0.0,0.0
21,1774030924826567813,0.557347531,557,13.662558,12.280928989639506,79.99995650454741,0.9999994563068426,-0.9999994563068426,-0.01019288506358862,-0.004146262537688017,0.026206672191619873,-0.33260244131088257,-0.20446348190307617,-0.24605822563171387,0.9944943340587016,-0.10462605689710958,-0.005889549831196383,0.10396267567558226,0.9921228339980943,-0.06988793323807663,0.013155245259580894,0.06889085230757619,0.9975374632627034,0.935893177986145,-1.2431285381317139,-0.024783514440059662,-0.01019288506358862,-0.004146262537688017,0.026206672191619873,-0.33260244131088257,-0.20446348190307617,-0.24605822563171387,0.9944943340587016,-0.10462605689710958,-0.005889549831196383,0.10396267567558226,0.9921228339980943,-0.06988793323807663,0.013155245259580894,0.06889085230757619,0.9975374632627034,0.935893177986145,-1.2431285381317139,-0.024783514440059662,39.99995650454741,-3.999527600357731,3.9999382777164914,0.2630262077359364,39.99995650454741,-3.999527600357731,3.9999382777164914,0.2630262077359364,-0.00971161387860775,-0.0010896202875301242,0.0017144381999969482,0.0,0.0,0.0,0.9944827443684991,-0.1048999706689675,0.0004186523270523126,0.10489952202146213,0.9944823979897686,0.0009789438018169283,-0.000519033473042399,-0.0009296262646481344,0.999999433199498,0.0,0.0,0.0
22,1774030924840324894,0.571104612,571,13.757081,15.226012998027727,79.99923223313465,0.9999904029141831,-0.9999904029141831,-0.014032617211341858,-0.008398381993174553,0.021699130535125732,-0.2407263070344925,-0.32785892486572266,-0.09007205069065094,0.9945530296413896,-0.1038950965250851,0.008384909675116181,0.10417819213631052,0.9934155264259683,-0.04767308211361332,-0.003376704536744768,0.04828692716401306,0.9988277983577094,1.5354275703430176,-0.8178694844245911,0.007205639034509659,-0.014032617211341858,-0.008398381993174553,0.021699130535125732,-0.2407263070344925,-0.32785892486572266,-0.09007205069065094,0.9945530296413896,-0.1038950965250851,0.008384909675116181,0.10417819213631052,0.9934155264259683,-0.04767308211361332,-0.003376704536744768,0.04828692716401306,0.9988277983577094,1.5354275703430176,-0.8178694844245911,0.007205639034509659,39.99923223313465,-3.9988879380879996,3.9998767695323107,-0.07448084727282094,39.99923223313465,-3.9988879380879996,3.9998767695323107,-0.07448084727282094,-0.00971161387860775,-0.0010896202875301242,0.0017144381999969482,0.0,0.0,0.0,0.9944827443684991,-0.1048999706689675,0.0004186523270523126,0.10489952202146213,0.9944823979897686,0.0009789438018169283,-0.000519033473042399,-0.0009296262646481344,0.999999433199498,0.0,0.0,0.0
23,1774030924856891851,0.587671569,587,16.566957,12.300857008085586,79.99930598878984,0.9999913248598731,-0.9999913248598731,-0.01571478322148323,-0.010875942185521126,0.019554585218429565,-0.23832936584949493,-0.33496975898742676,-0.12440358102321625,0.9945264887058369,-0.10341516898100123,0.014921644276375379,0.103873274020998,0.9940041311803116,-0.0341528862852869,-0.01130025254499567,0.03551590350738304,0.9993052211775368,1.75212824344635,-0.8228656649589539,0.031219393014907837,-0.01571478322148323,-0.010875942185521126,0.019554585218429565,-0.23832936584949493,-0.33496975898742676,-0.12440358102321625,0.9945264887058369,-0.10341516898100123,0.014921644276375379,0.103873274020998,0.9940041311803116,-0.0341528862852869,-0.01130025254499567,0.03551590350738304,0.9993052211775368,1.75212824344635,-0.8228656649589539,0.031219393014907837,39.99930598878984,-3.998909653051914,3.9998781153727587,-0.3266063435946361,39.99930598878984,-3.998909653051914,3.9998781153727587,-0.3266063435946361,-0.00971161387860775,-0.0010896202875301242,0.0017144381999969482,0.0,0.0,0.0,0.9944827443684991,-0.1048999706689675,0.0004186523270523126,0.10489952202146213,0.9944823979897686,0.0009789438018169283,-0.000519033473042399,-0.0009296262646481344,0.999999433199498,0.0,0.0,0.0
24,1774030924870709646,0.601489364,601,13.817795,13.974886009236798,79.99993658745363,0.9999992073431704,-0.9999992073431704,-0.01906651072204113,-0.01599145494401455,0.014640629291534424,-0.23616838455200195,-0.3464031517505646,-0.17631970345973969,0.9943536399057855,-0.10215750248162259,0.028721739699984372,0.10221072291603406,0.9947628225391547,-0.0003871250213886013,-0.028531767873085312,0.0033206052478758075,0.9995873708176947,2.355537176132202,-0.9081932306289673,0.07270414382219315,-0.01906651072204113,-0.01599145494401455,0.014640629291534424,-0.23616838455200195,-0.3464031517505646,-0.17631970345973969,0.9943536399057855,-0.10215750248162259,0.028721739699984372,0.10221072291603406,0.9947628225391547,-0.0003871250213886013,-0.028531767873085312,0.0033206052478758075,0.9995873708176947,2.355537176132202,-0.9081932306289673,0.07270414382219315,39.99993658745363,-3.9994104212877954,3.9999388384622883,-0.7624735355548389,39.99993658745363,-3.9994104212877954,3.9999388384622883,-0.7624735355548389,-0.00971161387860775,-0.0010896202875301242,0.0017144381999969482,0.0,0.0,0.0,0.9944827443684991,-0.1048999706689675,0.0004186523270523126,0.10489952202146213,0.9944823979897686,0.0009789438018169283,-0.000519033473042399,-0.0009296262646481344,0.999999433199498,0.0,0.0,0.0
25,1774030924886303832,0.61708355,617,15.594186,12.128497997764498,39.79784228423781,0.4974730285529726,-0.4974730285529726,-0.021207377314567566,-0.020702902227640152,0.013746052980422974,-0.1066599041223526,-0.2598906457424164,0.17905187606811523,0.9946096734545621,-0.09866367216264571,0.03189214195879847,0.09799741445150034,0.9949473805120447,0.02182311175557733,-0.033884150647247424,-0.018580130794243976,0.9992530425752866,1.2794172763824463,-0.06747570633888245,0.26870688796043396,-0.021207377314567566,-0.020702902227640152,0.013746052980422974,-0.1066599041223526,-0.2598906457424164,0.17905187606811523,0.9946096734545621,-0.09866367216264571,0.03189214195879847,0.09799741445150034,0.9949473805120447,0.02182311175557733,-0.033884150647247424,-0.018580130794243976,0.9992530425752866,1.2794172763824463,-0.06747570633888245,0.26870688796043396,-0.20215771576218794,-4.0002246669516905,0.7954042649855073,-2.4998931027176554,-0.20215771576218794,-4.0002246669516905,0.7954042649855073,-2.4998931027176554,-0.00971161387860775,-0.0010896202875301242,0.0017144381999969482,0.0,0.0,0.0,0.9944827443684991,-0.1048999706689675,0.0004186523270523126,0.10489952202146213,0.9944823979897686,0.0009789438018169283,-0.000519033473042399,-0.0009296262646481344,0.999999433199498,0.0,0.0,0.0
26,1774030924900033838,0.630813556,630,13.730006,12.831195010221563,39.81950237253114,0.49774377965663924,-0.49774377965663924,-0.02282504178583622,-0.02529052644968033,0.014402493834495544,-0.10572608560323715,-0.28014907240867615,0.17904865741729736,0.9951055536147705,-0.09334095069166204,0.032440009803134884,0.09190236674210883,0.994825159270981,0.04332213846604166,-0.036315869325196315,-0.04012878707927314,0.9985343449355522,1.399981141090393,0.003670998616144061,0.3705662786960602,-0.02282504178583622,-0.02529052644968033,0.014402493834495544,-0.10572608560323715,-0.28014907240867615,0.17904865741729736,0.9951055536147705,-0.09334095069166204,0.032440009803134884,0.09190236674210883,0.994825159270981,0.04332213846604166,-0.036315869325196315,-0.04012878707927314,0.9985343449355522,1.399981141090393,0.003670998616144061,0.3705662786960602,-0.1804976274688633,-4.000369274337514,-0.06867262856165182,-2.5004504023046383,-0.1804976274688633,-4.000369274337514,-0.06867262856165182,-2.5004504023046383,-0.00971161387860775,-0.0010896202875301242,0.0017144381999969482,0.0,0.0,0.0,0.9944827443684991,-0.1048999706689675,0.0004186523270523126,0.10489952202146213,0.9944823979897686,0.0009789438018169283,-0.000519033473042399,-0.0009296262646481344,0.999999433199498,0.0,0.0,0.0
27,1774030924914784047,0.645563765,645,14.750209,14.305881995824166,39.82925148709669,0.49786564358870866,-0.49786564358870866,-0.023771822452545166,-0.02804240770637989,0.014949589967727661,-0.10564561933279037,-0.2920164167881012,0.17938067018985748,0.9954098879861449,-0.09005986396485799,0.0323771435981664,0.0882035352314332,0.9945938110017606,0.054801380268457434,-0.037137515556970035,-0.05169405812238165,0.9979722085879017,1.4655214548110962,0.03687451034784317,0.42203983664512634,-0.023771822452545166,-0.02804240770637989,0.014949589967727661,-0.10564561933279037,-0.2920164167881012,0.17938067018985748,0.9954098879861449,-0.09005986396485799,0.0323771435981664,0.0882035352314332,0.9945938110017606,0.054801380268457434,-0.037137515556970035,-0.05169405812238165,0.9979722085879017,1.4655214548110962,0.03687451034784317,0.42203983664512634,-0.17074851290330895,-4.00050886321073,-0.47170467247770526,-2.499968167753674,-0.17074851290330895,-4.00050886321073,-0.47170467247770526,-2.499968167753674,-0.00971161387860775,-0.0010896202875301242,0.0017144381999969482,0.0,0.0,0.0,0.9944827443684991,-0.1048999706689675,0.0004186523270523126,0.10489952202146213,0.9944823979897686,0.0009789438018169283,-0.000519033473042399,-0.0009296262646481344,0.999999433199498,0.0,0.0,0.0
28,1774030924930787073,0.661566791,661,16.003026,16.103458998259157,39.84669024561804,0.49808362807022555,-0.49808362807022555,-0.025660395622253418,-0.033818602561950684,0.016102328896522522,-0.10520961880683899,-0.3178730607032776,0.1802125871181488,0.9961102475363451,-0.08223161504320853,0.03166220826292765,0.0795074845321162,0.9936699405671642,0.07936477749943016,-0.03798806980312186,-0.07653868232633876,0.9963426806066058,1.6023024320602417,0.10394805669784546,0.5217750668525696,-0.025660395622253418,-0.033818602561950684,0.016102328896522522,-0.10520961880683899,-0.3178730607032776,0.1802125871181488,0.9961102475363451,-0.08223161504320853,0.03166220826292765,0.0795074845321162,0.9936699405671642,0.07936477749943016,-0.03798806980312186,-0.07653868232633876,0.9963426806066058,1.6023024320602417,0.10394805669784546,0.5217750668525696,-0.15330975438195632,-4.000743628527131,-1.2843762157262941,-2.499453933177499,-0.15330975438195632,-4.000743628527131,-1.2843762157262941,-2.499453933177499,-0.00971161387860775,-0.0010896202875301242,0.0017144381999969482,0.0,0.0,0.0,0.9944827443684991,-0.1048999706689675,0.0004186523270523126,0.10489952202146213,0.9944823979897686,0.0009789438018169283,-0.000519033473042399,-0.0009296262646481344,0.999999433199498,0.0,0.0,0.0
29,1774030924948444032,0.67922375,679,17.656959,17.972450994420797,39.73823017356937,0.49672787716961714,-0.49672787716961714,-0.02849137969315052,-0.04376063495874405,0.01932668685913086,-0.103391632437706,-0.3636585474014282,0.1819303184747696,0.9972994719129417,-0.06732928169793073,0.02933656292424902,0.06334254307091092,0.990703620234595,0.12039170022673207,-0.037169718206946145,-0.11820832227938927,0.9922929029951012,1.8275147676467896,0.19918233156204224,0.669050395488739,-0.02849137969315052,-0.04376063495874405,0.01932668685913086,-0.103391632437706,-0.3636585474014282,0.1819303184747696,0.9972994719129417,-0.06732928169793073,0.02933656292424902,0.06334254307091092,0.990703620234595,0.12039170022673207,-0.037169718206946145,-0.11820832227938927,0.9922929029951012,1.8275147676467896,0.19918233156204224,0.669050395488739,-0.261769826430628,-4.000000577510018,-2.452749435700945,-2.4999990915567354,-0.261769826430628,-4.000000577510018,-2.452749435700945,-2.4999990915567354,-0.00971161387860775,-0.0010896202875301242,0.0017144381999969482,0.0,0.0,0.0,0.9944827443684991,-0.1048999706689675,0.0004186523270523126,0.10489952202146213,0.9944823979897686,0.0009789438018169283,-0.000519033473042399,-0.0009296262646481344,0.999999433199498,0.0,0.0,0.0
