step,timestamp_ns,experiment_time_s,reference_index,tick_dt_ms,solver_ms,px4_collective_command_newton,px4_collective_normalized,px4_thrust_body_z,state_raw_0,state_raw_1,state_raw_2,state_raw_3,state_raw_4,state_raw_5,state_raw_6,state_raw_7,state_raw_8,state_raw_9,state_raw_10,state_raw_11,state_raw_12,state_raw_13,state_raw_14,state_raw_15,state_raw_16,state_raw_17,state_used_0,state_used_1,state_used_2,state_used_3,state_used_4,state_used_5,state_used_6,state_used_7,state_used_8,state_used_9,state_used_10,state_used_11,state_used_12,state_used_13,state_used_14,state_used_15,state_used_16,state_used_17,control_raw_0,control_raw_1,control_raw_2,control_raw_3,control_used_0,control_used_1,control_used_2,control_used_3,reference_0,reference_1,reference_2,reference_3,reference_4,reference_5,reference_6,reference_7,reference_8,reference_9,reference_10,reference_11,reference_12,reference_13,reference_14,reference_15,reference_16,reference_17
0,1775068195203902618,0.0,0,0.0,0.5703819988411851,42.51725661146092,0.6857622034106601,-0.6857622034106601,-0.0487583763897419,-0.025914084166288376,-0.0402095764875412,-0.009699150919914246,-0.00033696263562887907,0.002669737907126546,0.9948624901964948,-0.10123594396055968,0.00012308773714780896,0.10123600225353013,0.9948622872696135,-0.0006380568543147974,-5.786108766385467e-05,0.0006472397043666422,0.9999997888664177,0.00011932046618312597,0.0006743042031303048,0.0001872036955319345,-0.0487583763897419,-0.025914084166288376,-0.0402095764875412,-0.009699150919914246,-0.00033696263562887907,0.002669737907126546,0.9948624901964948,-0.10123594396055968,0.00012308773714780896,0.10123600225353013,0.9948622872696135,-0.0006380568543147974,-5.786108766385467e-05,0.0006472397043666422,0.9999997888664177,0.00011932046618312597,0.0006743042031303048,0.0001872036955319345,42.51725661146092,0.0017693145170843679,0.0020648029085952057,-5.4278379518837693e-05,42.51725661146092,0.0017693145170843679,0.0020648029085952057,-5.4278379518837693e-05,-0.049424707889556885,-0.0295719001442194,-0.04118642210960388,0.0,0.0,0.0,0.9948590977579796,-0.10126882841318331,0.0,0.10126882841318331,0.9948590977579796,0.0,0.0,0.0,1.0,0.0,0.0,0.0
1,1775068195213840342,0.009937724,9,9.937724,0.29321599868126214,42.51729998082464,0.6857629029165264,-0.6857629029165264,-0.04866756498813629,-0.025600703433156013,-0.04016323387622833,-0.00936407782137394,-3.9555015973746777e-05,0.002577352337539196,0.994863151906774,-0.10122957981474534,0.00010450593577074341,0.10122962607949892,0.9948629484061903,-0.0006375462287333128,-3.943058178172698e-05,0.0006448503032516484,0.9999997913066483,-0.00020524585852399468,0.0003863136807922274,-0.00010805564670590684,-0.04866756498813629,-0.025600703433156013,-0.04016323387622833,-0.00936407782137394,-3.9555015973746777e-05,0.002577352337539196,0.994863151906774,-0.10122957981474534,0.00010450593577074341,0.10122962607949892,0.9948629484061903,-0.0006375462287333128,-3.943058178172698e-05,0.0006448503032516484,0.9999997913066483,-0.00020524585852399468,0.0003863136807922274,-0.00010805564670590684,42.51729998082464,0.001957460414323115,0.002020962684437466,-1.5109871764734924e-05,42.51729998082464,0.001957460414323115,0.002020962684437466,-1.5109871764734924e-05,-0.049424707889556885,-0.0295719001442194,-0.04118642210960388,0.0,0.0,0.0,0.9948590977579796,-0.10126882841318331,0.0,0.10126882841318331,0.9948590977579796,0.0,0.0,0.0,1.0,0.0,0.0,0.0
2,1775068195223948212,0.020045594,20,10.10787,0.3700859997479711,42.51724611837887,0.6857620341674011,-0.6857620341674011,-0.04866756498813629,-0.025600703433156013,-0.04016323387622833,-0.00936407782137394,-3.9555015973746777e-05,0.002577352337539196,0.994863151906774,-0.10122957981474534,0.00010450593577074341,0.10122962607949892,0.9948629484061903,-0.0006375462287333128,-3.943058178172698e-05,0.0006448503032516484,0.9999997913066483,-0.00020524585852399468,0.0003863136807922274,-0.00010805564670590684,-0.04866756498813629,-0.025600703433156013,-0.04016323387622833,-0.00936407782137394,-3.9555015973746777e-05,0.002577352337539196,0.994863151906774,-0.10122957981474534,0.00010450593577074341,0.10122962607949892,0.9948629484061903,-0.0006375462287333128,-3.943058178172698e-05,0.0006448503032516484,0.9999997913066483,-0.00020524585852399468,0.0003863136807922274,-0.00010805564670590684,42.51724611837887,0.00195746080994438,0.0020209650359978306,-1.5109871437486239e-05,42.51724611837887,0.00195746080994438,0.0020209650359978306,-1.5109871437486239e-05,-0.049424707889556885,-0.0295719001442194,-0.04118642210960388,0.0,0.0,0.0,0.9948590977579796,-0.10126882841318331,0.0,0.10126882841318331,0.9948590977579796,0.0,0.0,0.0,1.0,0.0,0.0,0.0
3,1775068195233847463,0.029944845,29,9.899251,0.3451039992796723,42.51947699376656,0.6857980160284929,-0.6857980160284929,-0.04859596863389015,-0.025407934561371803,-0.04014596343040466,-0.009100886061787605,4.524288669927046e-05,0.0023701780010014772,0.9948624336079449,-0.1012371903946443,0.00010254602044053318,0.10123723572488386,0.9948622242340163,-0.0006464781130313124,-3.657160091512235e-05,0.000653538181702662,0.999999785775182,-4.3627951527014375e-06,0.00039229440153576434,-0.0003311901818960905,-0.04859596863389015,-0.025407934561371803,-0.04014596343040466,-0.009100886061787605,4.524288669927046e-05,0.0023701780010014772,0.9948624336079449,-0.1012371903946443,0.00010254602044053318,0.10123723572488386,0.9948622242340163,-0.0006464781130313124,-3.657160091512235e-05,0.000653538181702662,0.999999785775182,-4.3627951527014375e-06,0.00039229440153576434,-0.0003311901818960905,42.51947699376656,0.0019775982084438665,0.0019561722224507565,2.4476008648649458e-05,42.51947699376656,0.0019775982084438665,0.0019561722224507565,2.4476008648649458e-05,-0.049424707889556885,-0.0295719001442194,-0.04118642210960388,0.0,0.0,0.0,0.9948590977579796,-0.10126882841318331,0.0,0.10126882841318331,0.9948590977579796,0.0,0.0,0.0,1.0,0.0,0.0,0.0
4,1775068195243936009,0.040033391,40,10.088546,0.5628239996440243,42.51942232688527,0.6857971343046011,-0.6857971343046011,-0.04859596863389015,-0.025407934561371803,-0.04014596343040466,-0.009100886061787605,4.524288669927046e-05,0.0023701780010014772,0.9948624336079449,-0.1012371903946443,0.00010254602044053318,0.10123723572488386,0.9948622242340163,-0.0006464781130313124,-3.657160091512235e-05,0.000653538181702662,0.999999785775182,-4.3627951527014375e-06,0.00039229440153576434,-0.0003311901818960905,-0.04859596863389015,-0.025407934561371803,-0.04014596343040466,-0.009100886061787605,4.524288669927046e-05,0.0023701780010014772,0.9948624336079449,-0.1012371903946443,0.00010254602044053318,0.10123723572488386,0.9948622242340163,-0.0006464781130313124,-3.657160091512235e-05,0.000653538181702662,0.999999785775182,-4.3627951527014375e-06,0.00039229440153576434,-0.0003311901818960905,42.51942232688527,0.0019775986717081866,0.001956174533936833,2.4476008986751963e-05,42.51942232688527,0.0019775986717081866,0.001956174533936833,2.4476008986751963e-05,-0.049424707889556885,-0.0295719001442194,-0.04118642210960388,0.0,0.0,0.0,0.9948590977579796,-0.10126882841318331,0.0,0.10126882841318331,0.9948590977579796,0.0,0.0,0.0,1.0,0.0,0.0,0.0
5,1775068195253834664,0.049932046,49,9.898655,0.41856899770209566,42.52071749160498,0.6858180240581447,-0.6858180240581447,-0.048557255417108536,-0.025313595309853554,-0.04014599323272705,-0.008987507782876492,0.00012491836969275028,0.0022666840814054012,0.9948615143296232,-0.10124515128829858,8.925760534119614e-05,0.10124518762850054,0.9948613129707743,-0.0006334482450669407,-2.466538093039844e-05,0.0006392301762848732,0.9999997953881814,0.0008884064736776054,0.0006129846442490816,0.0003038904396817088,-0.048557255417108536,-0.025313595309853554,-0.04014599323272705,-0.008987507782876492,0.00012491836969275028,0.0022666840814054012,0.9948615143296232,-0.10124515128829858,8.925760534119614e-05,0.10124518762850054,0.9948613129707743,-0.0006334482450669407,-2.466538093039844e-05,0.0006392301762848732,0.9999997953881814,0.0008884064736776054,0.0006129846442490816,0.0003038904396817088,42.52071749160498,0.001752830954907425,0.0018426320222889193,-6.438121017190907e-05,42.52071749160498,0.001752830954907425,0.0018426320222889193,-6.438121017190907e-05,-0.049424707889556885,-0.0295719001442194,-0.04118642210960388,0.0,0.0,0.0,0.9948590977579796,-0.10126882841318331,0.0,0.10126882841318331,0.9948590977579796,0.0,0.0,0.0,1.0,0.0,0.0,0.0
6,1775068195263875139,0.059972521,59,10.040475,0.4101470003661234,42.52066308676425,0.6858171465607137,-0.6858171465607137,-0.048557255417108536,-0.025313595309853554,-0.04014599323272705,-0.008987507782876492,0.00012491836969275028,0.0022666840814054012,0.9948615143296232,-0.10124515128829858,8.925760534119614e-05,0.10124518762850054,0.9948613129707743,-0.0006334482450669407,-2.466538093039844e-05,0.0006392301762848732,0.9999997953881814,0.0008884064736776054,0.0006129846442490816,0.0003038904396817088,-0.048557255417108536,-0.025313595309853554,-0.04014599323272705,-0.008987507782876492,0.00012491836969275028,0.0022666840814054012,0.9948615143296232,-0.10124515128829858,8.925760534119614e-05,0.10124518762850054,0.9948613129707743,-0.0006334482450669407,-2.466538093039844e-05,0.0006392301762848732,0.9999997953881814,0.0008884064736776054,0.0006129846442490816,0.0003038904396817088,42.52066308676425,0.001752831455578106,0.0018426342904811648,-6.438120983554815e-05,42.52066308676425,0.001752831455578106,0.0018426342904811648,-6.438120983554815e-05,-0.049424707889556885,-0.0295719001442194,-0.04118642210960388,0.0,0.0,0.0,0.9948590977579796,-0.10126882841318331,0.0,0.10126882841318331,0.9948590977579796,0.0,0.0,0.0,1.0,0.0,0.0,0.0
7,1775068195273828884,0.069926266,69,9.953745,0.4665890010073781,42.52273446691393,0.6858505559179666,-0.6858505559179666,-0.04851295426487923,-0.025223052129149437,-0.040161848068237305,-0.008809252642095089,-2.2218691810849123e-05,0.0021326597779989243,0.9948598999974592,-0.10126195354091161,8.459492716814815e-05,0.10126198647063966,0.9948597113090103,-0.0006131267052892162,-2.2073733501220758e-05,0.0006185413557157765,0.9999998084596707,0.00034526849049143493,0.00033432338386774063,-0.00033402687404304743,-0.04851295426487923,-0.025223052129149437,-0.040161848068237305,-0.008809252642095089,-2.2218691810849123e-05,0.0021326597779989243,0.9948598999974592,-0.10126195354091161,8.459492716814815e-05,0.10126198647063966,0.9948597113090103,-0.0006131267052892162,-2.2073733501220758e-05,0.0006185413557157765,0.9999998084596707,0.00034526849049143493,0.00033432338386774063,-0.00033402687404304743,42.52273446691393,0.0018236330472415638,0.0018568739454036616,4.479468931154862e-05,42.52273446691393,0.0018236330472415638,0.0018568739454036616,4.479468931154862e-05,-0.049424707889556885,-0.0295719001442194,-0.04118642210960388,0.0,0.0,0.0,0.9948590977579796,-0.10126882841318331,0.0,0.10126882841318331,0.9948590977579796,0.0,0.0,0.0,1.0,0.0,0.0,0.0
8,1775068195283909362,0.080006744,80,10.080478,0.5047310005465988,42.522680677679034,0.6858496883496619,-0.6858496883496619,-0.04851295426487923,-0.025223052129149437,-0.040161848068237305,-0.008809252642095089,-2.2218691810849123e-05,0.0021326597779989243,0.9948598999974592,-0.10126195354091161,8.459492716814815e-05,0.10126198647063966,0.9948597113090103,-0.0006131267052892162,-2.2073733501220758e-05,0.0006185413557157765,0.9999998084596707,0.00034526849049143493,0.00033432338386774063,-0.00033402687404304743,-0.04851295426487923,-0.025223052129149437,-0.040161848068237305,-0.008809252642095089,-2.2218691810849123e-05,0.0021326597779989243,0.9948598999974592,-0.10126195354091161,8.459492716814815e-05,0.10126198647063966,0.9948597113090103,-0.0006131267052892162,-2.2073733501220758e-05,0.0006185413557157765,0.9999998084596707,0.00034526849049143493,0.00033432338386774063,-0.00033402687404304743,42.522680677679034,0.0018236335243060758,0.0018568761324514722,4.4794689625224166e-05,42.522680677679034,0.0018236335243060758,0.0018568761324514722,4.4794689625224166e-05,-0.049424707889556885,-0.0295719001442194,-0.04118642210960388,0.0,0.0,0.0,0.9948590977579796,-0.10126882841318331,0.0,0.10126882841318331,0.9948590977579796,0.0,0.0,0.0,1.0,0.0,0.0,0.0
9,1775068195293802135,0.089899517,89,9.892773,0.30867999885231256,42.52549795672889,0.685895128334337,-0.685895128334337,-0.04848383367061615,-0.025193357840180397,-0.0401945561170578,-0.008701534941792488,-0.00014544131408911198,0.00197239825502038,0.9948593903299349,-0.10126690461365384,7.613168057599151e-05,0.10126693207092874,0.9948592115954261,-0.0005965453774437364,-1.5330052206663503e-05,0.0006011883312541551,0.9999998191687899,0.000753189844544977,0.0005457725492306054,-0.000244165858021006,-0.04848383367061615,-0.025193357840180397,-0.0401945561170578,-0.008701534941792488,-0.00014544131408911198,0.00197239825502038,0.9948593903299349,-0.10126690461365384,7.613168057599151e-05,0.10126693207092874,0.9948592115954261,-0.0005965453774437364,-1.5330052206663503e-05,0.0006011883312541551,0.9999998191687899,0.000753189844544977,0.0005457725492306054,-0.000244165858021006,42.52549795672889,0.0016615193869491788,0.0017550094101255152,3.528626891225272e-05,42.52549795672889,0.0016615193869491788,0.0017550094101255152,3.528626891225272e-05,-0.049424707889556885,-0.0295719001442194,-0.04118642210960388,0.0,0.0,0.0,0.9948590977579796,-0.10126882841318331,0.0,0.10126882841318331,0.9948590977579796,0.0,0.0,0.0,1.0,0.0,0.0,0.0
10,1775068195303889827,0.099987209,99,10.087692,0.40646500201546587,42.52544584737229,0.6858942878608434,-0.6858942878608434,-0.04848383367061615,-0.025193357840180397,-0.0401945561170578,-0.008701534941792488,-0.00014544131408911198,0.00197239825502038,0.9948593903299349,-0.10126690461365384,7.613168057599151e-05,0.10126693207092874,0.9948592115954261,-0.0005965453774437364,-1.5330052206663503e-05,0.0006011883312541551,0.9999998191687899,0.000753189844544977,0.0005457725492306054,-0.000244165858021006,-0.04848383367061615,-0.025193357840180397,-0.0401945561170578,-0.008701534941792488,-0.00014544131408911198,0.00197239825502038,0.9948593903299349,-0.10126690461365384,7.613168057599151e-05,0.10126693207092874,0.9948592115954261,-0.0005965453774437364,-1.5330052206663503e-05,0.0006011883312541551,0.9999998191687899,0.000753189844544977,0.0005457725492306054,-0.000244165858021006,42.52544584737229,0.0016615198261954252,0.001755011494613233,3.528626920152053e-05,42.52544584737229,0.0016615198261954252,0.001755011494613233,3.528626920152053e-05,-0.049424707889556885,-0.0295719001442194,-0.04118642210960388,0.0,0.0,0.0,0.9948590977579796,-0.10126882841318331,0.0,0.10126882841318331,0.9948590977579796,0.0,0.0,0.0,1.0,0.0,0.0,0.0
11,1775068195313814100,0.109911482,109,9.924273,0.3365660013514571,42.529662506844886,0.6859622984974981,-0.6859622984974981,-0.04844164103269577,-0.025155993178486824,-0.040243715047836304,-0.008553546853363514,-0.0002172587555833161,0.0017349637346342206,0.994857087731787,-0.10128883856287585,7.573430708675624e-05,0.10128886555568939,0.9948569174096213,-0.000582374401029595,-1.6356787907994413e-05,0.0005870503247029368,0.9999998275521756,0.0001736687554512173,0.00045402953401207924,7.408991223201156e-05,-0.04844164103269577,-0.025155993178486824,-0.040243715047836304,-0.008553546853363514,-0.0002172587555833161,0.0017349637346342206,0.994857087731787,-0.10128883856287585,7.573430708675624e-05,0.10128886555568939,0.9948569174096213,-0.000582374401029595,-1.6356787907994413e-05,0.0005870503247029368,0.9999998275521756,0.0001736687554512173,0.00045402953401207924,7.408991223201156e-05,42.529662506844886,0.0017646930500489443,0.001740357976342938,5.1813678406284394e-06,42.529662506844886,0.0017646930500489443,0.001740357976342938,5.1813678406284394e-06,-0.049424707889556885,-0.0295719001442194,-0.04118642210960388,0.0,0.0,0.0,0.9948590977579796,-0.10126882841318331,0.0,0.10126882841318331,0.9948590977579796,0.0,0.0,0.0,1.0,0.0,0.0,0.0
12,1775068195323948536,0.120045918,120,10.134436,0.3727100011019502,42.52961275064024,0.6859614959780684,-0.6859614959780684,-0.04844164103269577,-0.025155993178486824,-0.040243715047836304,-0.008553546853363514,-0.0002172587555833161,0.0017349637346342206,0.994857087731787,-0.10128883856287585,7.573430708675624e-05,0.10128886555568939,0.9948569174096213,-0.000582374401029595,-1.6356787907994413e-05,0.0005870503247029368,0.9999998275521756,0.0001736687554512173,0.00045402953401207924,7.408991223201156e-05,-0.04844164103269577,-0.025155993178486824,-0.040243715047836304,-0.008553546853363514,-0.0002172587555833161,0.0017349637346342206,0.994857087731787,-0.10128883856287585,7.573430708675624e-05,0.10128886555568939,0.9948569174096213,-0.000582374401029595,-1.6356787907994413e-05,0.0005870503247029368,0.9999998275521756,0.0001736687554512173,0.00045402953401207924,7.408991223201156e-05,42.52961275064024,0.001764693462059641,0.0017403599237244929,5.1813681048678754e-06,42.52961275064024,0.001764693462059641,0.0017403599237244929,5.1813681048678754e-06,-0.049424707889556885,-0.0295719001442194,-0.04118642210960388,0.0,0.0,0.0,0.9948590977579796,-0.10126882841318331,0.0,0.10126882841318331,0.9948590977579796,0.0,0.0,0.0,1.0,0.0,0.0,0.0
13,1775068195333832303,0.129929685,129,9.883767,0.31140699866227806,42.53266730096185,0.6860107629187395,-0.6860107629187395,-0.04840265214443207,-0.025133855640888214,-0.04029169678688049,-0.00839661993086338,-0.00019997538765892386,0.0015848062466830015,0.9948563119032583,-0.10129574052690704,6.700905843135159e-05,0.1012957623960502,0.994856141793595,-0.000581832471523212,-7.727199561010853e-06,0.0005856274662424995,0.9999998284903591,-0.0002553527010604739,0.0012506382772698998,0.0008168446947820485,-0.04840265214443207,-0.025133855640888214,-0.04029169678688049,-0.00839661993086338,-0.00019997538765892386,0.0015848062466830015,0.9948563119032583,-0.10129574052690704,6.700905843135159e-05,0.1012957623960502,0.994856141793595,-0.000581832471523212,-7.727199561010853e-06,0.0005856274662424995,0.9999998284903591,-0.0002553527010604739,0.0012506382772698998,0.0008168446947820485,42.53266730096185,0.00188068132757585,0.0014831186908510414,-0.0001006817620618455,42.53266730096185,0.00188068132757585,0.0014831186908510414,-0.0001006817620618455,-0.049424707889556885,-0.0295719001442194,-0.04118642210960388,0.0,0.0,0.0,0.9948590977579796,-0.10126882841318331,0.0,0.10126882841318331,0.9948590977579796,0.0,0.0,0.0,1.0,0.0,0.0,0.0
14,1775068195343924005,0.140021387,140,10.091702,0.3294889975222759,42.53262027636859,0.6860100044575579,-0.6860100044575579,-0.04840265214443207,-0.025133855640888214,-0.04029169678688049,-0.00839661993086338,-0.00019997538765892386,0.0015848062466830015,0.9948563119032583,-0.10129574052690704,6.700905843135159e-05,0.1012957623960502,0.994856141793595,-0.000581832471523212,-7.727199561010853e-06,0.0005856274662424995,0.9999998284903591,-0.0002553527010604739,0.0012506382772698998,0.0008168446947820485,-0.04840265214443207,-0.025133855640888214,-0.04029169678688049,-0.00839661993086338,-0.00019997538765892386,0.0015848062466830015,0.9948563119032583,-0.10129574052690704,6.700905843135159e-05,0.1012957623960502,0.994856141793595,-0.000581832471523212,-7.727199561010853e-06,0.0005856274662424995,0.9999998284903591,-0.0002553527010604739,0.0012506382772698998,0.0008168446947820485,42.53262027636859,0.0018806817280342227,0.0014831204910784595,-0.00010068176181510696,42.53262027636859,0.0018806817280342227,0.0014831204910784595,-0.00010068176181510696,-0.049424707889556885,-0.0295719001442194,-0.04118642210960388,0.0,0.0,0.0,0.9948590977579796,-0.10126882841318331,0.0,0.10126882841318331,0.9948590977579796,0.0,0.0,0.0,1.0,0.0,0.0,0.0
15,1775068195353811655,0.149909037,149,9.88765,0.2665639985934831,42.53664821633367,0.6860749712311882,-0.6860749712311882,-0.04834927245974541,-0.02510744519531727,-0.04037393629550934,-0.008309752680361271,-0.0002165234473068267,0.0014229962835088372,0.9948547893875098,-0.10131077913249653,6.716836508397286e-05,0.10131080110295465,0.9948546184835937,-0.000583188673192625,-7.739441186292023e-06,0.0005869929461742723,0.9999998276896708,0.00029001510119996965,0.00023895446793176234,-0.00012975299614481628,-0.04834927245974541,-0.02510744519531727,-0.04037393629550934,-0.008309752680361271,-0.0002165234473068267,0.0014229962835088372,0.9948547893875098,-0.10131077913249653,6.716836508397286e-05,0.10131080110295465,0.9948546184835937,-0.000583188673192625,-7.739441186292023e-06,0.0005869929461742723,0.9999998276896708,0.00029001510119996965,0.00023895446793176234,-0.00012975299614481628,42.53664821633367,0.0017501055603776322,0.001711859061239962,5.3399023584734495e-05,42.53664821633367,0.0017501055603776322,0.001711859061239962,5.3399023584734495e-05,-0.049424707889556885,-0.0295719001442194,-0.04118642210960388,0.0,0.0,0.0,0.9948590977579796,-0.10126882841318331,0.0,0.10126882841318331,0.9948590977579796,0.0,0.0,0.0,1.0,0.0,0.0,0.0
16,1775068195364032139,0.160129521,160,10.220484,0.4909689996566158,42.53660496911816,0.6860742736954542,-0.6860742736954542,-0.04834927245974541,-0.02510744519531727,-0.04037393629550934,-0.008309752680361271,-0.0002165234473068267,0.0014229962835088372,0.9948547893875098,-0.10131077913249653,6.716836508397286e-05,0.10131080110295465,0.9948546184835937,-0.000583188673192625,-7.739441186292023e-06,0.0005869929461742723,0.9999998276896708,0.00029001510119996965,0.00023895446793176234,-0.00012975299614481628,-0.04834927245974541,-0.02510744519531727,-0.04037393629550934,-0.008309752680361271,-0.0002165234473068267,0.0014229962835088372,0.9948547893875098,-0.10131077913249653,6.716836508397286e-05,0.10131080110295465,0.9948546184835937,-0.000583188673192625,-7.739441186292023e-06,0.0005869929461742723,0.9999998276896708,0.00029001510119996965,0.00023895446793176234,-0.00012975299614481628,42.53660496911816,0.0017501059311046177,0.0017118606917356479,5.339902380898961e-05,42.53660496911816,0.0017501059311046177,0.0017118606917356479,5.339902380898961e-05,-0.049424707889556885,-0.0295719001442194,-0.04118642210960388,0.0,0.0,0.0,0.9948590977579796,-0.10126882841318331,0.0,0.10126882841318331,0.9948590977579796,0.0,0.0,0.0,1.0,0.0,0.0,0.0
17,1775068195374023838,0.17012122,170,9.991699,0.3458699975453783,42.53879051948082,0.6861095245077552,-0.6861095245077552,-0.04830741137266159,-0.025096043944358826,-0.040428876876831055,-0.00814185943454504,-0.00023398558550979942,0.0013528699055314064,0.9948541182581266,-0.10131909119439397,6.514621638246954e-05,0.10131911189187548,0.9948539550339944,-0.0005699283359398358,-7.066421301334114e-06,0.0005735960279727309,0.9999998354688385,0.0011196811683475971,-6.178693729452789e-05,-3.006467886734754e-05,-0.04830741137266159,-0.025096043944358826,-0.040428876876831055,-0.00814185943454504,-0.00023398558550979942,0.0013528699055314064,0.9948541182581266,-0.10131909119439397,6.514621638246954e-05,0.10131911189187548,0.9948539550339944,-0.0005699283359398358,-7.066421301334114e-06,0.0005735960279727309,0.9999998354688385,0.0011196811683475971,-6.178693729452789e-05,-3.006467886734754e-05,42.53879051948082,0.0015114280196230872,0.0017422974976386567,4.510678061009151e-05,42.53879051948082,0.0015114280196230872,0.0017422974976386567,4.510678061009151e-05,-0.049424707889556885,-0.0295719001442194,-0.04118642210960388,0.0,0.0,0.0,0.9948590977579796,-0.10126882841318331,0.0,0.10126882841318331,0.9948590977579796,0.0,0.0,0.0,1.0,0.0,0.0,0.0
18,1775068195383848611,0.179945993,179,9.824773,0.32847100010258146,42.53875175785377,0.686108899320222,-0.686108899320222,-0.04830741137266159,-0.025096043944358826,-0.040428876876831055,-0.00814185943454504,-0.00023398558550979942,0.0013528699055314064,0.9948541182581266,-0.10131909119439397,6.514621638246954e-05,0.10131911189187548,0.9948539550339944,-0.0005699283359398358,-7.066421301334114e-06,0.0005735960279727309,0.9999998354688385,0.0011196811683475971,-6.178693729452789e-05,-3.006467886734754e-05,-0.04830741137266159,-0.025096043944358826,-0.040428876876831055,-0.00814185943454504,-0.00023398558550979942,0.0013528699055314064,0.9948541182581266,-0.10131909119439397,6.514621638246954e-05,0.10131911189187548,0.9948539550339944,-0.0005699283359398358,-7.066421301334114e-06,0.0005735960279727309,0.9999998354688385,0.0011196811683475971,-6.178693729452789e-05,-3.006467886734754e-05,42.53875175785377,0.0015114283536016525,0.0017422989227837752,4.5106780803441866e-05,42.53875175785377,0.0015114283536016525,0.0017422989227837752,4.5106780803441866e-05,-0.049424707889556885,-0.0295719001442194,-0.04118642210960388,0.0,0.0,0.0,0.9948590977579796,-0.10126882841318331,0.0,0.10126882841318331,0.9948590977579796,0.0,0.0,0.0,1.0,0.0,0.0,0.0
19,1775068195393745922,0.189843304,189,9.897311,0.25963900043279864,42.5453054321111,0.6862146037437274,-0.6862146037437274,-0.04824354499578476,-0.02510693296790123,-0.040520742535591125,-0.007985541597008705,-0.00020819553174078465,0.0010152981849387288,0.9948527143863218,-0.10133165173146974,6.693167655960446e-05,0.10133167343511507,0.9948525522062722,-0.0005681301048922043,-9.017595303325784e-06,0.000571988066647244,0.9999998363741562,0.00015720457304269075,-0.0007532056770287454,0.0005649527884088457,-0.04824354499578476,-0.02510693296790123,-0.040520742535591125,-0.007985541597008705,-0.00020819553174078465,0.0010152981849387288,0.9948527143863218,-0.10133165173146974,6.693167655960446e-05,0.10133167343511507,0.9948525522062722,-0.0005681301048922043,-9.017595303325784e-06,0.000571988066647244,0.9999998363741562,0.00015720457304269075,-0.0007532056770287454,0.0005649527884088457,42.5453054321111,0.0017553729379602865,0.0018799259369836295,-3.403950424482872e-05,42.5453054321111,0.0017553729379602865,0.0018799259369836295,-3.403950424482872e-05,-0.049424707889556885,-0.0295719001442194,-0.04118642210960388,0.0,0.0,0.0,0.9948590977579796,-0.10126882841318331,0.0,0.10126882841318331,0.9948590977579796,0.0,0.0,0.0,1.0,0.0,0.0,0.0
20,1775068195403900872,0.199998254,199,10.15495,0.40757699753157794,42.545270226334814,0.6862140359086261,-0.6862140359086261,-0.04824354499578476,-0.02510693296790123,-0.040520742535591125,-0.007985541597008705,-0.00020819553174078465,0.0010152981849387288,0.9948527143863218,-0.10133165173146974,6.693167655960446e-05,0.10133167343511507,0.9948525522062722,-0.0005681301048922043,-9.017595303325784e-06,0.000571988066647244,0.9999998363741562,0.00015720457304269075,-0.0007532056770287454,0.0005649527884088457,-0.04824354499578476,-0.02510693296790123,-0.040520742535591125,-0.007985541597008705,-0.00020819553174078465,0.0010152981849387288,0.9948527143863218,-0.10133165173146974,6.693167655960446e-05,0.10133167343511507,0.9948525522062722,-0.0005681301048922043,-9.017595303325784e-06,0.000571988066647244,0.9999998363741562,0.00015720457304269075,-0.0007532056770287454,0.0005649527884088457,42.545270226334814,0.0017553732477442532,0.001879927198362889,-3.4039504073034856e-05,42.545270226334814,0.0017553732477442532,0.001879927198362889,-3.4039504073034856e-05,-0.049424707889556885,-0.0295719001442194,-0.04118642210960388,0.0,0.0,0.0,0.9948590977579796,-0.10126882841318331,0.0,0.10126882841318331,0.9948590977579796,0.0,0.0,0.0,1.0,0.0,0.0,0.0
21,1775068195413822333,0.209919715,209,9.921461,0.2729199986788444,42.54678394555243,0.6862384507347166,-0.6862384507347166,-0.04822399839758873,-0.02511519379913807,-0.04055607318878174,-0.007960026152431965,-0.00024313361791428179,0.0009613004513084888,0.9948523406425628,-0.10133571923601403,7.35601443260861e-05,0.10133574472906282,0.9948521786748935,-0.0005679015651205641,-1.5632784643428155e-05,0.0005724324401568739,0.9999998360383537,-0.0006360361003316939,-0.0007428817916661501,-0.000356131698936224,-0.04822399839758873,-0.02511519379913807,-0.04055607318878174,-0.007960026152431965,-0.00024313361791428179,0.0009613004513084888,0.9948523406425628,-0.10133571923601403,7.35601443260861e-05,0.10133574472906282,0.9948521786748935,-0.0005679015651205641,-1.5632784643428155e-05,0.0005724324401568739,0.9999998360383537,-0.0006360361003316939,-0.0007428817916661501,-0.000356131698936224,42.54678394555243,0.001945774046581886,0.0018853664949833736,0.00010739163513524065,42.54678394555243,0.001945774046581886,0.0018853664949833736,0.00010739163513524065,-0.049424707889556885,-0.0295719001442194,-0.04118642210960388,0.0,0.0,0.0,0.9948590977579796,-0.10126882841318331,0.0,0.10126882841318331,0.9948590977579796,0.0,0.0,0.0,1.0,0.0,0.0,0.0
22,1775068195423959092,0.220056474,220,10.136759,0.34913499985123053,42.548637644040966,0.686268349097435,-0.686268349097435,-0.04820667579770088,-0.02512372098863125,-0.04059182107448578,-0.00787405762821436,-0.0002233087579952553,0.0008820572402328253,0.9948520617380097,-0.101337844072793,6.897743238759232e-05,0.10133786696716762,0.9948518984591659,-0.000570082725831391,-1.0851372172545476e-05,0.0005741380044833357,0.9999998351238852,-0.0004330450319685042,0.0005233325064182281,-0.00012785060971509665,-0.04820667579770088,-0.02512372098863125,-0.04059182107448578,-0.00787405762821436,-0.0002233087579952553,0.0008820572402328253,0.9948520617380097,-0.101337844072793,6.897743238759232e-05,0.10133786696716762,0.9948518984591659,-0.000570082725831391,-1.0851372172545476e-05,0.0005741380044833357,0.9999998351238852,-0.0004330450319685042,0.0005233325064182281,-0.00012785060971509665,42.548637644040966,0.0019053860300437824,0.0015379530639851409,7.485946119458297e-05,42.548637644040966,0.0019053860300437824,0.0015379530639851409,7.485946119458297e-05,-0.049424707889556885,-0.0295719001442194,-0.04118642210960388,0.0,0.0,0.0,0.9948590977579796,-0.10126882841318331,0.0,0.10126882841318331,0.9948590977579796,0.0,0.0,0.0,1.0,0.0,0.0,0.0
23,1775068195433874174,0.229971556,229,9.915082,0.3517260010994505,42.55451579293931,0.6863631579506341,-0.6863631579506341,-0.048147816210985184,-0.025167325511574745,-0.04069340229034424,-0.0077136205509305,-0.00011827383423224092,0.0006148659158498049,0.9948501800328521,-0.10135659597739011,6.98334864299259e-05,0.10135661928020712,0.994850020560751,-0.000563431095426033,-1.2366398802423142e-05,0.0005676075997558504,0.9999998388343327,-0.0004833525454159826,0.0008159363642334938,-0.0009040831355378032,-0.048147816210985184,-0.025167325511574745,-0.04069340229034424,-0.0077136205509305,-0.00011827383423224092,0.0006148659158498049,0.9948501800328521,-0.10135659597739011,6.98334864299259e-05,0.10135661928020712,0.994850020560751,-0.000563431095426033,-1.2366398802423142e-05,0.0005676075997558504,0.9999998388343327,-0.0004833525454159826,0.0008159363642334938,-0.0009040831355378032,42.55451579293931,0.0019210938999624947,0.0014282909401626073,0.00020636635664421282,42.55451579293931,0.0019210938999624947,0.0014282909401626073,0.00020636635664421282,-0.049424707889556885,-0.0295719001442194,-0.04118642210960388,0.0,0.0,0.0,0.9948590977579796,-0.10126882841318331,0.0,0.10126882841318331,0.9948590977579796,0.0,0.0,0.0,1.0,0.0,0.0,0.0
24,1775068195443949035,0.240046417,240,10.074861,0.4101250015082769,42.55448992425466,0.6863627407137849,-0.6863627407137849,-0.048147816210985184,-0.025167325511574745,-0.04069340229034424,-0.0077136205509305,-0.00011827383423224092,0.0006148659158498049,0.9948501800328521,-0.10135659597739011,6.98334864299259e-05,0.10135661928020712,0.994850020560751,-0.000563431095426033,-1.2366398802423142e-05,0.0005676075997558504,0.9999998388343327,-0.0004833525454159826,0.0008159363642334938,-0.0009040831355378032,-0.048147816210985184,-0.025167325511574745,-0.04069340229034424,-0.0077136205509305,-0.00011827383423224092,0.0006148659158498049,0.9948501800328521,-0.10135659597739011,6.98334864299259e-05,0.10135661928020712,0.994850020560751,-0.000563431095426033,-1.2366398802423142e-05,0.0005676075997558504,0.9999998388343327,-0.0004833525454159826,0.0008159363642334938,-0.0009040831355378032,42.55448992425466,0.0019210941380808453,0.0014282918263387183,0.00020636635676587954,42.55448992425466,0.0019210941380808453,0.0014282918263387183,0.00020636635676587954,-0.049424707889556885,-0.0295719001442194,-0.04118642210960388,0.0,0.0,0.0,0.9948590977579796,-0.10126882841318331,0.0,0.10126882841318331,0.9948590977579796,0.0,0.0,0.0,1.0,0.0,0.0,0.0
25,1775068195453857464,0.249954846,249,9.908429,0.28456899963202886,42.55620951119624,0.6863904759870362,-0.6863904759870362,-0.04813271760940552,-0.025181379169225693,-0.040726661682128906,-0.007658946793526411,-0.00013955755275674164,0.00054194126278162,0.9948497443986751,-0.10136013497133356,7.120640166085809e-05,0.10136015909398144,0.9948495832238565,-0.0005664535526696511,-1.3423824341076557e-05,0.0005707536946088186,0.9999998370299895,-0.0005174879333935678,-0.0002550651552155614,0.00012310851889196783,-0.04813271760940552,-0.025181379169225693,-0.040726661682128906,-0.007658946793526411,-0.00013955755275674164,0.00054194126278162,0.9948497443986751,-0.10136013497133356,7.120640166085809e-05,0.10136015909398144,0.9948495832238565,-0.0005664535526696511,-1.3423824341076557e-05,0.0005707536946088186,0.9999998370299895,-0.0005174879333935678,-0.0002550651552155614,0.00012310851889196783,42.55620951119624,0.001932427498223759,0.0016858109339156495,5.5139904898465236e-05,42.55620951119624,0.001932427498223759,0.0016858109339156495,5.5139904898465236e-05,-0.049424707889556885,-0.0295719001442194,-0.04118642210960388,0.0,0.0,0.0,0.9948590977579796,-0.10126882841318331,0.0,0.10126882841318331,0.9948590977579796,0.0,0.0,0.0,1.0,0.0,0.0,0.0
26,1775068195463918126,0.260015508,260,10.060662,0.28856800054199994,42.557850283093785,0.6864169400498997,-0.6864169400498997,-0.04812370240688324,-0.025226492434740067,-0.04074797034263611,-0.007578332908451557,-0.00020060205133631825,0.00045323034282773733,0.9948493918723844,-0.10136562106486458,7.00291521968377e-05,0.1013656445628679,0.9948492283978336,-0.0005704431581831128,-1.1845200755169344e-05,0.0005746034894554691,0.9999998348452699,-0.000972471316345036,-0.0006554408464580774,-0.0006473463145084679,-0.04812370240688324,-0.025226492434740067,-0.04074797034263611,-0.007578332908451557,-0.00020060205133631825,0.00045323034282773733,0.9948493918723844,-0.10136562106486458,7.00291521968377e-05,0.1013656445628679,0.9948492283978336,-0.0005704431581831128,-1.1845200755169344e-05,0.0005746034894554691,0.9999998348452699,-0.000972471316345036,-0.0006554408464580774,-0.0006473463145084679,42.557850283093785,0.0020398276067967484,0.0017635196727410218,0.0001751015307813353,42.557850283093785,0.0020398276067967484,0.0017635196727410218,0.0001751015307813353,-0.049424707889556885,-0.0295719001442194,-0.04118642210960388,0.0,0.0,0.0,0.9948590977579796,-0.10126882841318331,0.0,0.10126882841318331,0.9948590977579796,0.0,0.0,0.0,1.0,0.0,0.0,0.0
27,1775068195473937382,0.270034764,270,10.019256,0.36229699981049635,42.55865311742733,0.6864298889907634,-0.6864298889907634,-0.04811662808060646,-0.025271106511354446,-0.040770143270492554,-0.007536867167800665,-0.0002042315318249166,0.00043053680565208197,0.9948488717593669,-0.1013709303761301,7.147254449668336e-05,0.10137095479029434,0.9948487043900294,-0.0005772113337165277,-1.2592007641202413e-05,0.0005814831809529894,0.9999998308593883,-0.0011630527442321181,0.00038806756492704153,0.00019660523685161024,-0.04811662808060646,-0.025271106511354446,-0.040770143270492554,-0.007536867167800665,-0.0002042315318249166,0.00043053680565208197,0.9948488717593669,-0.1013709303761301,7.147254449668336e-05,0.10137095479029434,0.9948487043900294,-0.0005772113337165277,-1.2592007641202413e-05,0.0005814831809529894,0.9999998308593883,-0.0011630527442321181,0.00038806756492704153,0.00019660523685161024,42.55865311742733,0.002098918793202737,0.0014963063895153685,5.277421261044354e-05,42.55865311742733,0.002098918793202737,0.0014963063895153685,5.277421261044354e-05,-0.049424707889556885,-0.0295719001442194,-0.04118642210960388,0.0,0.0,0.0,0.9948590977579796,-0.10126882841318331,0.0,0.10126882841318331,0.9948590977579796,0.0,0.0,0.0,1.0,0.0,0.0,0.0
28,1775068195483901898,0.27999928,279,9.964516,0.3202459993190132,42.55987084196118,0.6864495297090513,-0.6864495297090513,-0.04811153560876846,-0.025315038859844208,-0.04079312086105347,-0.007494119927287102,-0.00024043234589044005,0.0003775835211854428,0.9948485033745079,-0.10137305357268289,6.988243288814748e-05,0.1013730770492991,0.9948483366514062,-0.0005760661341694014,-1.1124850719249763e-05,0.0005801827152369498,0.9999998316321166,-0.00018863126751966774,0.00024420334375463426,5.170531949261203e-06,-0.04811153560876846,-0.025315038859844208,-0.04079312086105347,-0.007494119927287102,-0.00024043234589044005,0.0003775835211854428,0.9948485033745079,-0.10137305357268289,6.988243288814748e-05,0.1013730770492991,0.9948483366514062,-0.0005760661341694014,-1.1124850719249763e-05,0.0005801827152369498,0.9999998316321166,-0.00018863126751966774,0.00024420334375463426,5.170531949261203e-06,42.55987084196118,0.0018404674759110817,0.0015176083498206034,8.320737247826383e-05,42.55987084196118,0.0018404674759110817,0.0015176083498206034,8.320737247826383e-05,-0.049424707889556885,-0.0295719001442194,-0.04118642210960388,0.0,0.0,0.0,0.9948590977579796,-0.10126882841318331,0.0,0.10126882841318331,0.9948590977579796,0.0,0.0,0.0,1.0,0.0,0.0,0.0
29,1775068195493923066,0.290020448,290,10.021168,0.34494899955461733,42.56198138688418,0.6864835707561964,-0.6864835707561964,-0.04810953140258789,-0.02541179396212101,-0.040827855467796326,-0.007434322498738766,-0.0002905951114371419,0.00027776139904744923,0.9948474401190225,-0.10138402138599245,6.87871103850126e-05,0.1013840441543814,0.9948472773286113,-0.0005692259556097316,-1.0722291978527629e-05,0.0005732668554431341,0.9999998356250704,0.0005294349975883961,-0.00023002788657322526,0.00015452445950359106,-0.04810953140258789,-0.02541179396212101,-0.040827855467796326,-0.007434322498738766,-0.0002905951114371419,0.00027776139904744923,0.9948474401190225,-0.10138402138599245,6.87871103850126e-05,0.1013840441543814,0.9948472773286113,-0.0005692259556097316,-1.0722291978527629e-05,0.0005732668554431341,0.9999998356250704,0.0005294349975883961,-0.00023002788657322526,0.00015452445950359106,42.56198138688418,0.0016226391177921458,0.0016186761593380808,6.961412760538522e-05,42.56198138688418,0.0016226391177921458,0.0016186761593380808,6.961412760538522e-05,-0.049424707889556885,-0.0295719001442194,-0.04118642210960388,0.0,0.0,0.0,0.9948590977579796,-0.10126882841318331,0.0,0.10126882841318331,0.9948590977579796,0.0,0.0,0.0,1.0,0.0,0.0,0.0
30,1775068195503928811,0.300026193,300,10.005745,0.3301290016679559,42.56259199658421,0.6864934192997453,-0.6864934192997453,-0.048112817108631134,-0.0254643727093935,-0.04081793129444122,-0.007432772312313318,-0.00033434739452786744,0.00021121706231497228,0.9948471603835414,-0.10138614559229908,6.397307038667407e-05,0.1013861655988113,0.9948469978379977,-0.000568728147964279,-5.9822691366364505e-06,0.0005722835595031138,0.9999998362278586,-0.00034242833498865366,0.0012299612862989306,-0.00028493671561591327,-0.048112817108631134,-0.0254643727093935,-0.04081793129444122,-0.007432772312313318,-0.00033434739452786744,0.00021121706231497228,0.9948471603835414,-0.10138614559229908,6.397307038667407e-05,0.1013861655988113,0.9948469978379977,-0.000568728147964279,-5.9822691366364505e-06,0.0005722835595031138,0.9999998362278586,-0.00034242833498865366,0.0012299612862989306,-0.00028493671561591327,42.56259199658421,0.0018237827092767544,0.0012401408060308643,0.0001372434977759066,42.56259199658421,0.0018237827092767544,0.0012401408060308643,0.0001372434977759066,-0.049424707889556885,-0.0295719001442194,-0.04118642210960388,0.0,0.0,0.0,0.9948590977579796,-0.10126882841318331,0.0,0.10126882841318331,0.9948590977579796,0.0,0.0,0.0,1.0,0.0,0.0,0.0
