step,timestamp_ns,experiment_time_s,reference_index,tick_dt_ms,solver_ms,px4_collective_command_newton,px4_collective_normalized,px4_thrust_body_z,state_raw_0,state_raw_1,state_raw_2,state_raw_3,state_raw_4,state_raw_5,state_raw_6,state_raw_7,state_raw_8,state_raw_9,state_raw_10,state_raw_11,state_raw_12,state_raw_13,state_raw_14,state_raw_15,state_raw_16,state_raw_17,state_used_0,state_used_1,state_used_2,state_used_3,state_used_4,state_used_5,state_used_6,state_used_7,state_used_8,state_used_9,state_used_10,state_used_11,state_used_12,state_used_13,state_used_14,state_used_15,state_used_16,state_used_17,control_raw_0,control_raw_1,control_raw_2,control_raw_3,control_used_0,control_used_1,control_used_2,control_used_3,reference_0,reference_1,reference_2,reference_3,reference_4,reference_5,reference_6,reference_7,reference_8,reference_9,reference_10,reference_11,reference_12,reference_13,reference_14,reference_15,reference_16,reference_17
0,1775071251566110721,0.0,0,0.0,0.6215690009412356,42.63773986296339,0.6877054816606999,-0.6877054816606999,0.012744968757033348,-0.057302892208099365,-0.04252535104751587,0.001644714386202395,-0.019745342433452606,-0.010039673186838627,0.9946902616371579,-0.1029135823892322,-7.175490852028878e-05,0.10291353066534792,0.9946901296177538,-0.0005276663357174239,0.00012567795373879566,0.00051748002926706,0.9999998582097209,0.0006864310125820339,0.00027712323935702443,-0.00013241998385637999,0.012744968757033348,-0.057302892208099365,-0.04252535104751587,0.001644714386202395,-0.019745342433452606,-0.010039673186838627,0.9946902616371579,-0.1029135823892322,-7.175490852028878e-05,0.10291353066534792,0.9946901296177538,-0.0005276663357174239,0.00012567795373879566,0.00051748002926706,0.9999998582097209,0.0006864310125820339,0.00027712323935702443,-0.00013241998385637999,42.63773986296339,-0.002568286128182212,-0.001321609129761087,-0.000135174271910218,42.63773986296339,-0.002568286128182212,-0.001321609129761087,-0.000135174271910218,0.009995938278734684,-0.05897725746035576,-0.04538474977016449,0.0,0.0,0.0,0.9946703235869546,-0.10310648561280182,0.0,0.10310648561280182,0.9946703235869546,0.0,0.0,0.0,1.0,0.0,0.0,0.0
1,1775071251576121673,0.010010952,10,10.010952,0.468805999844335,42.63056497177572,0.6875897576092858,-0.6875897576092858,0.012714485637843609,-0.05728614330291748,-0.04236958920955658,0.0016335101099684834,-0.019634312018752098,-0.009786221198737621,0.9946909584942545,-0.10290844662948584,-6.028940320938758e-05,0.10290840012474711,0.9946908218137538,-0.0005339625060779112,0.00011491849309079247,0.000524923337242772,0.9999998556246212,-0.0010232876520603895,-0.00010778623982332647,0.0005616004345938563,0.012714485637843609,-0.05728614330291748,-0.04236958920955658,0.0016335101099684834,-0.019634312018752098,-0.009786221198737621,0.9946909584942545,-0.10290844662948584,-6.028940320938758e-05,0.10290840012474711,0.9946908218137538,-0.0005339625060779112,0.00011491849309079247,0.000524923337242772,0.9999998556246212,-0.0010232876520603895,-0.00010778623982332647,0.0005616004345938563,42.63056497177572,-0.0021017759325443735,-0.0011881810716600075,-0.00024341635478663387,42.63056497177572,-0.0021017759325443735,-0.0011881810716600075,-0.00024341635478663387,0.009995938278734684,-0.05897725746035576,-0.04538474977016449,0.0,0.0,0.0,0.9946703235869546,-0.10310648561280182,0.0,0.10310648561280182,0.9946703235869546,0.0,0.0,0.0,1.0,0.0,0.0,0.0
2,1775071251586157602,0.020046881,20,10.035929,0.45732699800282717,42.61917722747934,0.6874060843141829,-0.6874060843141829,0.01265236921608448,-0.0572625994682312,-0.04207104444503784,0.001585083664394915,-0.019514132291078568,-0.009472164325416088,0.9946921728182894,-0.10289640225406016,-3.1982028574958216e-05,0.1028963697972145,0.9946920280679457,-0.0005437520351886174,8.77623428120547e-05,0.000537575015330579,0.9999998516554388,-9.547815716359764e-05,-1.642756978981197e-05,-0.0002756750618573278,0.01265236921608448,-0.0572625994682312,-0.04207104444503784,0.001585083664394915,-0.019514132291078568,-0.009472164325416088,0.9946921728182894,-0.10289640225406016,-3.1982028574958216e-05,0.1028963697972145,0.9946920280679457,-0.0005437520351886174,8.77623428120547e-05,0.000537575015330579,0.9999998516554388,-9.547815716359764e-05,-1.642756978981197e-05,-0.0002756750618573278,42.61917722747934,-0.002284753974771709,-0.0011200325416806732,-0.00012749316744639232,42.61917722747934,-0.002284753974771709,-0.0011200325416806732,-0.00012749316744639232,0.009995938278734684,-0.05897725746035576,-0.04538474977016449,0.0,0.0,0.0,0.9946703235869546,-0.10310648561280182,0.0,0.10310648561280182,0.9946703235869546,0.0,0.0,0.0,1.0,0.0,0.0,0.0
3,1775071251596132958,0.030022237,30,9.975356,0.42521699651842937,42.612648288872805,0.6873007788527872,-0.6873007788527872,0.012620058842003345,-0.057259999215602875,-0.04190440475940704,0.0015391798224300146,-0.0194410253316164,-0.009290089830756187,0.9946929544318894,-0.1028877290615473,-3.157227290082054e-05,0.1028876961941736,0.9946928057458646,-0.000550957319504275,8.809147189603461e-05,0.0005447849749310729,0.9999998477245975,-0.0005975849344395101,0.000933000585064292,0.0004988806322216988,0.012620058842003345,-0.057259999215602875,-0.04190440475940704,0.0015391798224300146,-0.0194410253316164,-0.009290089830756187,0.9946929544318894,-0.1028877290615473,-3.157227290082054e-05,0.1028876961941736,0.9946928057458646,-0.000550957319504275,8.809147189603461e-05,0.0005447849749310729,0.9999998477245975,-0.0005975849344395101,0.000933000585064292,0.0004988806322216988,42.612648288872805,-0.0021280009395179197,-0.001341523263572285,-0.0002506479186704177,42.612648288872805,-0.0021280009395179197,-0.001341523263572285,-0.0002506479186704177,0.009995938278734684,-0.05897725746035576,-0.04538474977016449,0.0,0.0,0.0,0.9946703235869546,-0.10310648561280182,0.0,0.10310648561280182,0.9946703235869546,0.0,0.0,0.0,1.0,0.0,0.0,0.0
4,1775071251606178276,0.040067555,40,10.045318,0.2959850025945343,42.61246621111477,0.6872978421147544,-0.6872978421147544,0.012620058842003345,-0.057259999215602875,-0.04190440475940704,0.0015391798224300146,-0.0194410253316164,-0.009290089830756187,0.9946929544318894,-0.1028877290615473,-3.157227290082054e-05,0.1028876961941736,0.9946928057458646,-0.000550957319504275,8.809147189603461e-05,0.0005447849749310729,0.9999998477245975,-0.0005975849344395101,0.000933000585064292,0.0004988806322216988,0.012620058842003345,-0.057259999215602875,-0.04190440475940704,0.0015391798224300146,-0.0194410253316164,-0.009290089830756187,0.9946929544318894,-0.1028877290615473,-3.157227290082054e-05,0.1028876961941736,0.9946928057458646,-0.000550957319504275,8.809147189603461e-05,0.0005447849749310729,0.9999998477245975,-0.0005975849344395101,0.000933000585064292,0.0004988806322216988,42.61246621111477,-0.0021280165561092645,-0.001341527662532539,-0.00025064791707770994,42.61246621111477,-0.0021280165561092645,-0.001341527662532539,-0.00025064791707770994,0.009995938278734684,-0.05897725746035576,-0.04538474977016449,0.0,0.0,0.0,0.9946703235869546,-0.10310648561280182,0.0,0.10310648561280182,0.9946703235869546,0.0,0.0,0.0,1.0,0.0,0.0,0.0
5,1775071251616079032,0.049968311,49,9.900756,0.34053200215566903,42.592430793671156,0.6869746902205025,-0.6869746902205025,0.012520578689873219,-0.05727177485823631,-0.04137410223484039,0.001479894621297717,-0.019216181710362434,-0.008739396929740906,0.9946956030443319,-0.10286258198331244,-1.481551711597466e-05,0.10286255864305272,0.9946954559267764,-0.0005456148149265531,7.086026117352276e-05,0.000541196682548194,0.9999998510424796,-0.00032275007106363773,-0.0002163338358514011,0.0003084242343902588,0.012520578689873219,-0.05727177485823631,-0.04137410223484039,0.001479894621297717,-0.019216181710362434,-0.008739396929740906,0.9946956030443319,-0.10286258198331244,-1.481551711597466e-05,0.10286255864305272,0.9946954559267764,-0.0005456148149265531,7.086026117352276e-05,0.000541196682548194,0.9999998510424796,-0.00032275007106363773,-0.0002163338358514011,0.0003084242343902588,42.592430793671156,-0.002170309633135922,-0.000983550087590241,-0.00024229904483467083,42.592430793671156,-0.002170309633135922,-0.000983550087590241,-0.00024229904483467083,0.009995938278734684,-0.05897725746035576,-0.04538474977016449,0.0,0.0,0.0,0.9946703235869546,-0.10310648561280182,0.0,0.10310648561280182,0.9946703235869546,0.0,0.0,0.0,1.0,0.0,0.0,0.0
6,1775071251626232870,0.060122149,60,10.153838,0.29838699992978945,42.592218705895206,0.6869712694499227,-0.6869712694499227,0.012520578689873219,-0.05727177485823631,-0.04137410223484039,0.001479894621297717,-0.019216181710362434,-0.008739396929740906,0.9946956030443319,-0.10286258198331244,-1.481551711597466e-05,0.10286255864305272,0.9946954559267764,-0.0005456148149265531,7.086026117352276e-05,0.000541196682548194,0.9999998510424796,-0.00032275007106363773,-0.0002163338358514011,0.0003084242343902588,0.012520578689873219,-0.05727177485823631,-0.04137410223484039,0.001479894621297717,-0.019216181710362434,-0.008739396929740906,0.9946956030443319,-0.10286258198331244,-1.481551711597466e-05,0.10286255864305272,0.9946954559267764,-0.0005456148149265531,7.086026117352276e-05,0.000541196682548194,0.9999998510424796,-0.00032275007106363773,-0.0002163338358514011,0.0003084242343902588,42.592218705895206,-0.0021703276341707664,-0.0009835550708974551,-0.0002422990430046185,42.592218705895206,-0.0021703276341707664,-0.0009835550708974551,-0.0002422990430046185,0.009995938278734684,-0.05897725746035576,-0.04538474977016449,0.0,0.0,0.0,0.9946703235869546,-0.10310648561280182,0.0,0.10310648561280182,0.9946703235869546,0.0,0.0,0.0,1.0,0.0,0.0,0.0
7,1775071251636152183,0.070041462,70,9.919313,0.331308001477737,42.577152431516005,0.6867282650244517,-0.6867282650244517,0.012457690201699734,-0.057273395359516144,-0.04098208248615265,0.0014297792222350836,-0.019114045426249504,-0.008318387903273106,0.9946965959147905,-0.10285319643268154,-2.218256158851087e-06,0.10285317966324081,0.9946964455987325,-0.0005499929273150815,5.877499507362868e-05,0.0005468479136936464,0.9999998487514249,-0.0008824352407827973,-0.00012841267744079232,0.00044719516881741583,0.012457690201699734,-0.057273395359516144,-0.04098208248615265,0.0014297792222350836,-0.019114045426249504,-0.008318387903273106,0.9946965959147905,-0.10285319643268154,-2.218256158851087e-06,0.10285317966324081,0.9946964455987325,-0.0005499929273150815,5.877499507362868e-05,0.0005468479136936464,0.9999998487514249,-0.0008824352407827973,-0.00012841267744079232,0.00044719516881741583,42.577152431516005,-0.0020021197578797443,-0.0009540992157998212,-0.0002706594925197045,42.577152431516005,-0.0020021197578797443,-0.0009540992157998212,-0.0002706594925197045,0.009995938278734684,-0.05897725746035576,-0.04538474977016449,0.0,0.0,0.0,0.9946703235869546,-0.10310648561280182,0.0,0.10310648561280182,0.9946703235869546,0.0,0.0,0.0,1.0,0.0,0.0,0.0
8,1775071251646238988,0.080128267,80,10.086805,0.2897600061260164,42.57692115027907,0.6867245346819205,-0.6867245346819205,0.012457690201699734,-0.057273395359516144,-0.04098208248615265,0.0014297792222350836,-0.019114045426249504,-0.008318387903273106,0.9946965959147905,-0.10285319643268154,-2.218256158851087e-06,0.10285317966324081,0.9946964455987325,-0.0005499929273150815,5.877499507362868e-05,0.0005468479136936464,0.9999998487514249,-0.0008824352407827973,-0.00012841267744079232,0.00044719516881741583,0.012457690201699734,-0.057273395359516144,-0.04098208248615265,0.0014297792222350836,-0.019114045426249504,-0.008318387903273106,0.9946965959147905,-0.10285319643268154,-2.218256158851087e-06,0.10285317966324081,0.9946964455987325,-0.0005499929273150815,5.877499507362868e-05,0.0005468479136936464,0.9999998487514249,-0.0008824352407827973,-0.00012841267744079232,0.00044719516881741583,42.57692115027907,-0.0020021393009011144,-0.000954104543865081,-0.00027065949053981485,42.57692115027907,-0.0020021393009011144,-0.000954104543865081,-0.00027065949053981485,0.009995938278734684,-0.05897725746035576,-0.04538474977016449,0.0,0.0,0.0,0.9946703235869546,-0.10310648561280182,0.0,0.10310648561280182,0.9946703235869546,0.0,0.0,0.0,1.0,0.0,0.0,0.0
9,1775071251656116463,0.090005742,90,9.877475,0.32545199792366475,42.56380968782174,0.6865130594809957,-0.6865130594809957,0.012393935583531857,-0.0572897307574749,-0.04061052203178406,0.001427729963324964,-0.019040372222661972,-0.008011402562260628,0.9946967892362776,-0.1028510666913276,1.7589525526658795e-05,0.10285106075445993,0.9946966376734937,-0.000550498522527771,3.9123106393004065e-05,0.0005493882026943002,0.9999998483209842,-8.2476602983661e-05,-0.000360595848178491,0.0002986521285492927,0.012393935583531857,-0.0572897307574749,-0.04061052203178406,0.001427729963324964,-0.019040372222661972,-0.008011402562260628,0.9946967892362776,-0.1028510666913276,1.7589525526658795e-05,0.10285106075445993,0.9946966376734937,-0.000550498522527771,3.9123106393004065e-05,0.0005493882026943002,0.9999998483209842,-8.2476602983661e-05,-0.000360595848178491,0.0002986521285492927,42.56380968782174,-0.002189989883376056,-0.0008370255150290897,-0.00025007528604048616,42.56380968782174,-0.002189989883376056,-0.0008370255150290897,-0.00025007528604048616,0.009995938278734684,-0.05897725746035576,-0.04538474977016449,0.0,0.0,0.0,0.9946703235869546,-0.10310648561280182,0.0,0.10310648561280182,0.9946703235869546,0.0,0.0,0.0,1.0,0.0,0.0,0.0
10,1775071251666199538,0.100088817,100,10.083075,0.3850499997497536,42.54861027225357,0.6862679076169931,-0.6862679076169931,0.012321502901613712,-0.05727022886276245,-0.04017406702041626,0.001363840652629733,-0.018936587497591972,-0.0076651847921311855,0.9946985275860609,-0.10283548209498994,3.7244510735910674e-05,0.102835486948051,0.9946983745875773,-0.0005520541011850757,1.9723617954070863e-05,0.0005529573791080294,0.9999998469245669,-0.0006465260521508753,0.0006035731639713049,0.000480710034025833,0.012321502901613712,-0.05727022886276245,-0.04017406702041626,0.001363840652629733,-0.018936587497591972,-0.0076651847921311855,0.9946985275860609,-0.10283548209498994,3.7244510735910674e-05,0.102835486948051,0.9946983745875773,-0.0005520541011850757,1.9723617954070863e-05,0.0005529573791080294,0.9999998469245669,-0.0006465260521508753,0.0006035731639713049,0.000480710034025833,42.54861027225357,-0.002025123516177402,-0.0010046352946503263,-0.00028991896782446576,42.54861027225357,-0.002025123516177402,-0.0010046352946503263,-0.00028991896782446576,0.009995938278734684,-0.05897725746035576,-0.04538474977016449,0.0,0.0,0.0,0.9946703235869546,-0.10310648561280182,0.0,0.10310648561280182,0.9946703235869546,0.0,0.0,0.0,1.0,0.0,0.0,0.0
11,1775071251676121413,0.110010692,110,9.921875,0.4116690033697523,42.54177679635548,0.686157690263798,-0.686157690263798,0.012284841388463974,-0.0572664737701416,-0.03996318578720093,0.001318458584137261,-0.018907455727458,-0.0075484574772417545,0.9946981866939218,-0.10283884480427186,4.563712916160617e-05,0.10283885425928596,0.9946980315510977,-0.000555678515375203,1.175009361754735e-05,0.0005574255962078542,0.99999984456933,-5.5880576837807894e-05,-0.00026432957383804023,-0.0006837340770289302,0.012284841388463974,-0.0572664737701416,-0.03996318578720093,0.001318458584137261,-0.018907455727458,-0.0075484574772417545,0.9946981866939218,-0.10283884480427186,4.563712916160617e-05,0.10283885425928596,0.9946980315510977,-0.000555678515375203,1.175009361754735e-05,0.0005574255962078542,0.99999984456933,-5.5880576837807894e-05,-0.00026432957383804023,-0.0006837340770289302,42.54177679635548,-0.0021593500008182578,-0.0007523348519577087,-0.00011254352804597866,42.54177679635548,-0.0021593500008182578,-0.0007523348519577087,-0.00011254352804597866,0.009995938278734684,-0.05897725746035576,-0.04538474977016449,0.0,0.0,0.0,0.9946703235869546,-0.10310648561280182,0.0,0.10310648561280182,0.9946703235869546,0.0,0.0,0.0,1.0,0.0,0.0,0.0
12,1775071251686360137,0.120249416,120,10.238724,0.5577369956881739,42.54148770085542,0.686153027433152,-0.686153027433152,0.012284841388463974,-0.0572664737701416,-0.03996318578720093,0.001318458584137261,-0.018907455727458,-0.0075484574772417545,0.9946981866939218,-0.10283884480427186,4.563712916160617e-05,0.10283885425928596,0.9946980315510977,-0.000555678515375203,1.175009361754735e-05,0.0005574255962078542,0.99999984456933,-5.5880576837807894e-05,-0.00026432957383804023,-0.0006837340770289302,0.012284841388463974,-0.0572664737701416,-0.03996318578720093,0.001318458584137261,-0.018907455727458,-0.0075484574772417545,0.9946981866939218,-0.10283884480427186,4.563712916160617e-05,0.10283885425928596,0.9946980315510977,-0.000555678515375203,1.175009361754735e-05,0.0005574255962078542,0.99999984456933,-5.5880576837807894e-05,-0.00026432957383804023,-0.0006837340770289302,42.54148770085542,-0.0021593742102410667,-0.0007523411901796546,-0.0001125435255398076,42.54148770085542,-0.0021593742102410667,-0.0007523411901796546,-0.0001125435255398076,0.009995938278734684,-0.05897725746035576,-0.04538474977016449,0.0,0.0,0.0,0.9946703235869546,-0.10310648561280182,0.0,0.10310648561280182,0.9946703235869546,0.0,0.0,0.0,1.0,0.0,0.0,0.0
13,1775071251696160890,0.130050169,130,9.800753,0.31039800524013117,42.52606489774792,0.6859042725443213,-0.6859042725443213,0.012215172871947289,-0.05724692344665527,-0.039530858397483826,0.0012622501235455275,-0.01879364438354969,-0.007179496344178915,0.9946985083836348,-0.10283582923173507,5.706177674615759e-05,0.10283584506057575,0.9946983590704126,-0.000545017214100078,-7.120408642962567e-07,0.000547995714425438,0.9999998498501064,-0.000184283300768584,0.0004289844073355198,0.0008477274677716196,0.012215172871947289,-0.05724692344665527,-0.039530858397483826,0.0012622501235455275,-0.01879364438354969,-0.007179496344178915,0.9946985083836348,-0.10283582923173507,5.706177674615759e-05,0.10283584506057575,0.9946983590704126,-0.000545017214100078,-7.120408642962567e-07,0.000547995714425438,0.9999998498501064,-0.000184283300768584,0.0004289844073355198,0.0008477274677716196,42.52606489774792,-0.002131723739289357,-0.0008745307925023009,-0.00034468339864925486,42.52606489774792,-0.002131723739289357,-0.0008745307925023009,-0.00034468339864925486,0.009995938278734684,-0.05897725746035576,-0.04538474977016449,0.0,0.0,0.0,0.9946703235869546,-0.10310648561280182,0.0,0.10310648561280182,0.9946703235869546,0.0,0.0,0.0,1.0,0.0,0.0,0.0
14,1775071251706207055,0.140096334,140,10.046165,0.40456800343235955,42.52575861969581,0.6858993325757389,-0.6858993325757389,0.012215172871947289,-0.05724692344665527,-0.039530858397483826,0.0012622501235455275,-0.01879364438354969,-0.007179496344178915,0.9946985083836348,-0.10283582923173507,5.706177674615759e-05,0.10283584506057575,0.9946983590704126,-0.000545017214100078,-7.120408642962567e-07,0.000547995714425438,0.9999998498501064,-0.000184283300768584,0.0004289844073355198,0.0008477274677716196,0.012215172871947289,-0.05724692344665527,-0.039530858397483826,0.0012622501235455275,-0.01879364438354969,-0.007179496344178915,0.9946985083836348,-0.10283582923173507,5.706177674615759e-05,0.10283584506057575,0.9946983590704126,-0.000545017214100078,-7.120408642962567e-07,0.000547995714425438,0.9999998498501064,-0.000184283300768584,0.0004289844073355198,0.0008477274677716196,42.52575861969581,-0.0021317492374043757,-0.0008745373474313787,-0.00034468339601478713,42.52575861969581,-0.0021317492374043757,-0.0008745373474313787,-0.00034468339601478713,0.009995938278734684,-0.05897725746035576,-0.04538474977016449,0.0,0.0,0.0,0.9946703235869546,-0.10310648561280182,0.0,0.10310648561280182,0.9946703235869546,0.0,0.0,0.0,1.0,0.0,0.0,0.0
15,1775071251716096748,0.149986027,149,9.889693,0.3089849997195415,42.501332885429576,0.6855053691198318,-0.6855053691198318,0.012115037068724632,-0.057213738560676575,-0.03888075053691864,0.0011689800303429365,-0.018647892400622368,-0.006521104369312525,0.994699443887824,-0.10282573303864861,6.937499561197012e-05,0.10282575553701423,0.9946992982445417,-0.0005384502136317419,-1.3640750048416264e-05,0.0005427296311372228,0.9999998526292359,-0.0004697001713793725,0.0006962205516174436,0.00039098499109968543,0.012115037068724632,-0.057213738560676575,-0.03888075053691864,0.0011689800303429365,-0.018647892400622368,-0.006521104369312525,0.994699443887824,-0.10282573303864861,6.937499561197012e-05,0.10282575553701423,0.9946992982445417,-0.0005384502136317419,-1.3640750048416264e-05,0.0005427296311372228,0.9999998526292359,-0.0004697001713793725,0.0006962205516174436,0.00039098499109968543,42.501332885429576,-0.002048317232909241,-0.0008759004128483728,-0.000284280082822253,42.501332885429576,-0.002048317232909241,-0.0008759004128483728,-0.000284280082822253,0.009995938278734684,-0.05897725746035576,-0.04538474977016449,0.0,0.0,0.0,0.9946703235869546,-0.10310648561280182,0.0,0.10310648561280182,0.9946703235869546,0.0,0.0,0.0,1.0,0.0,0.0,0.0
16,1775071251726178818,0.160068097,160,10.08207,0.2924429936683737,42.500991377256845,0.6854998609234975,-0.6854998609234975,0.012115037068724632,-0.057213738560676575,-0.03888075053691864,0.0011689800303429365,-0.018647892400622368,-0.006521104369312525,0.994699443887824,-0.10282573303864861,6.937499561197012e-05,0.10282575553701423,0.9946992982445417,-0.0005384502136317419,-1.3640750048416264e-05,0.0005427296311372228,0.9999998526292359,-0.0004697001713793725,0.0006962205516174436,0.00039098499109968543,0.012115037068724632,-0.057213738560676575,-0.03888075053691864,0.0011689800303429365,-0.018647892400622368,-0.006521104369312525,0.994699443887824,-0.10282573303864861,6.937499561197012e-05,0.10282575553701423,0.9946992982445417,-0.0005384502136317419,-1.3640750048416264e-05,0.0005427296311372228,0.9999998526292359,-0.0004697001713793725,0.0006962205516174436,0.00039098499109968543,42.500991377256845,-0.002048345451711816,-0.0008759074476031567,-0.000284280079949592,42.500991377256845,-0.002048345451711816,-0.0008759074476031567,-0.000284280079949592,0.009995938278734684,-0.05897725746035576,-0.04538474977016449,0.0,0.0,0.0,0.9946703235869546,-0.10310648561280182,0.0,0.10310648561280182,0.9946703235869546,0.0,0.0,0.0,1.0,0.0,0.0,0.0
17,1775071251736086001,0.16997528,169,9.907183,0.30465799500234425,42.48515686970603,0.6852444656404199,-0.6852444656404199,0.012060873210430145,-0.057161957025527954,-0.038451433181762695,0.001115897437557578,-0.018520375713706017,-0.00611948873847723,0.9946995170536549,-0.10282608709491536,7.792177507975548e-05,0.10282611440081424,0.9946993674053236,-0.0005460462584238254,-2.1361021010003756e-05,0.0005511642460752052,0.9999998478808522,-0.0005112632061354816,0.0001993576588574797,-0.0009298751247115433,0.012060873210430145,-0.057161957025527954,-0.038451433181762695,0.001115897437557578,-0.018520375713706017,-0.00611948873847723,0.9946995170536549,-0.10282608709491536,7.792177507975548e-05,0.10282611440081424,0.9946993674053236,-0.0005460462584238254,-2.1361021010003756e-05,0.0005511642460752052,0.9999998478808522,-0.0005112632061354816,0.0001993576588574797,-0.0009298751247115433,42.48515686970603,-0.001989638673302142,-0.0007096555950240752,-8.587377900983056e-05,42.48515686970603,-0.001989638673302142,-0.0007096555950240752,-8.587377900983056e-05,0.009995938278734684,-0.05897725746035576,-0.04538474977016449,0.0,0.0,0.0,0.9946703235869546,-0.10310648561280182,0.0,0.10310648561280182,0.9946703235869546,0.0,0.0,0.0,1.0,0.0,0.0,0.0
18,1775071251746172194,0.180061473,180,10.086193,0.28981400100747123,42.48479267031522,0.6852385914566972,-0.6852385914566972,0.012060873210430145,-0.057161957025527954,-0.038451433181762695,0.001115897437557578,-0.018520375713706017,-0.00611948873847723,0.9946995170536549,-0.10282608709491536,7.792177507975548e-05,0.10282611440081424,0.9946993674053236,-0.0005460462584238254,-2.1361021010003756e-05,0.0005511642460752052,0.9999998478808522,-0.0005112632061354816,0.0001993576588574797,-0.0009298751247115433,0.012060873210430145,-0.057161957025527954,-0.038451433181762695,0.001115897437557578,-0.018520375713706017,-0.00611948873847723,0.9946995170536549,-0.10282608709491536,7.792177507975548e-05,0.10282611440081424,0.9946993674053236,-0.0005460462584238254,-2.1361021010003756e-05,0.0005511642460752052,0.9999998478808522,-0.0005112632061354816,0.0001993576588574797,-0.0009298751247115433,42.48479267031522,-0.001989668527166262,-0.0007096629226396691,-8.58737760080403e-05,42.48479267031522,-0.001989668527166262,-0.0007096629226396691,-8.58737760080403e-05,0.009995938278734684,-0.05897725746035576,-0.04538474977016449,0.0,0.0,0.0,0.9946703235869546,-0.10310648561280182,0.0,0.10310648561280182,0.9946703235869546,0.0,0.0,0.0,1.0,0.0,0.0,0.0
19,1775071251756107949,0.189997228,189,9.935755,0.31232099718181416,42.462300395643716,0.6848758128329632,-0.6848758128329632,0.01197851076722145,-0.05708227679133415,-0.03783018887042999,0.00098716642241925,-0.018439188599586487,-0.0055609578266739845,0.994699584883518,-0.1028246642943289,0.00010104021956499655,0.10282470417223899,0.9946994384399538,-0.0005416114374835624,-4.481367731019696e-05,0.0005491300479018527,0.9999998482239637,0.00037646779674105346,1.1470481695141643e-05,0.0005718988250009716,0.01197851076722145,-0.05708227679133415,-0.03783018887042999,0.00098716642241925,-0.018439188599586487,-0.0055609578266739845,0.994699584883518,-0.1028246642943289,0.00010104021956499655,0.10282470417223899,0.9946994384399538,-0.0005416114374835624,-4.481367731019696e-05,0.0005491300479018527,0.9999998482239637,0.00037646779674105346,1.1470481695141643e-05,0.0005718988250009716,42.462300395643716,-0.0022016910533516174,-0.0005659329186364474,-0.000312265773818579,42.462300395643716,-0.0022016910533516174,-0.0005659329186364474,-0.000312265773818579,0.009995938278734684,-0.05897725746035576,-0.04538474977016449,0.0,0.0,0.0,0.9946703235869546,-0.10310648561280182,0.0,0.10310648561280182,0.9946703235869546,0.0,0.0,0.0,1.0,0.0,0.0,0.0
20,1775071251766166753,0.200056032,200,10.058804,0.30523100576829165,42.461904640578545,0.6848694296867507,-0.6848694296867507,0.01197851076722145,-0.05708227679133415,-0.03783018887042999,0.00098716642241925,-0.018439188599586487,-0.0055609578266739845,0.994699584883518,-0.1028246642943289,0.00010104021956499655,0.10282470417223899,0.9946994384399538,-0.0005416114374835624,-4.481367731019696e-05,0.0005491300479018527,0.9999998482239637,0.00037646779674105346,1.1470481695141643e-05,0.0005718988250009716,0.01197851076722145,-0.05708227679133415,-0.03783018887042999,0.00098716642241925,-0.018439188599586487,-0.0055609578266739845,0.994699584883518,-0.1028246642943289,0.00010104021956499655,0.10282470417223899,0.9946994384399538,-0.0005416114374835624,-4.481367731019696e-05,0.0005491300479018527,0.9999998482239637,0.00037646779674105346,1.1470481695141643e-05,0.0005718988250009716,42.461904640578545,-0.002201723315956212,-0.0005659405225000655,-0.00031226577058315045,42.461904640578545,-0.002201723315956212,-0.0005659405225000655,-0.00031226577058315045,0.009995938278734684,-0.05897725746035576,-0.04538474977016449,0.0,0.0,0.0,0.9946703235869546,-0.10310648561280182,0.0,0.10310648561280182,0.9946703235869546,0.0,0.0,0.0,1.0,0.0,0.0,0.0
21,1775071251776093030,0.209982309,209,9.926277,0.4333789984229952,42.44065682257041,0.6845267229446841,-0.6845267229446841,0.011895686388015747,-0.05696985498070717,-0.03722086548805237,0.0008995607495307922,-0.018086854368448257,-0.005078546237200499,0.9946999636171091,-0.10282058860183896,0.00012949762697572753,0.10282064490882714,0.9946998130166372,-0.0005520825548984525,-7.204583555554464e-05,0.0005624714929617775,0.9999998392176035,-0.00022418098524212837,-0.0004953884053975344,-0.0005340197240002453,0.011895686388015747,-0.05696985498070717,-0.03722086548805237,0.0008995607495307922,-0.018086854368448257,-0.005078546237200499,0.9946999636171091,-0.10282058860183896,0.00012949762697572753,0.10282064490882714,0.9946998130166372,-0.0005520825548984525,-7.204583555554464e-05,0.0005624714929617775,0.9999998392176035,-0.00022418098524212837,-0.0004953884053975344,-0.0005340197240002453,42.44065682257041,-0.001944079320941042,-0.0003312200060643093,-0.00014964169845521828,42.44065682257041,-0.001944079320941042,-0.0003312200060643093,-0.00014964169845521828,0.009995938278734684,-0.05897725746035576,-0.04538474977016449,0.0,0.0,0.0,0.9946703235869546,-0.10310648561280182,0.0,0.10310648561280182,0.9946703235869546,0.0,0.0,0.0,1.0,0.0,0.0,0.0
22,1775071251786214659,0.220103938,220,10.121629,0.5188130016904324,42.440226476184044,0.6845197818739363,-0.6845197818739363,0.011895686388015747,-0.05696985498070717,-0.03722086548805237,0.0008995607495307922,-0.018086854368448257,-0.005078546237200499,0.9946999636171091,-0.10282058860183896,0.00012949762697572753,0.10282064490882714,0.9946998130166372,-0.0005520825548984525,-7.204583555554464e-05,0.0005624714929617775,0.9999998392176035,-0.00022418098524212837,-0.0004953884053975344,-0.0005340197240002453,0.011895686388015747,-0.05696985498070717,-0.03722086548805237,0.0008995607495307922,-0.018086854368448257,-0.005078546237200499,0.9946999636171091,-0.10282058860183896,0.00012949762697572753,0.10282064490882714,0.9946998130166372,-0.0005520825548984525,-7.204583555554464e-05,0.0005624714929617775,0.9999998392176035,-0.00022418098524212837,-0.0004953884053975344,-0.0005340197240002453,42.440226476184044,-0.001944113597341252,-0.0003312279051873636,-0.00014964169502117145,42.440226476184044,-0.001944113597341252,-0.0003312279051873636,-0.00014964169502117145,0.009995938278734684,-0.05897725746035576,-0.04538474977016449,0.0,0.0,0.0,0.9946703235869546,-0.10310648561280182,0.0,0.10310648561280182,0.9946703235869546,0.0,0.0,0.0,1.0,0.0,0.0,0.0
23,1775071251796089910,0.229979189,229,9.875251,0.39796099736122414,42.42640897997964,0.6842969190319297,-0.6842969190319297,0.011860276572406292,-0.05687003955245018,-0.0368342250585556,0.0008494292269460857,-0.01783902384340763,-0.0047599575482308865,0.9947012269500001,-0.10280925705777699,0.00013303475396607943,0.10280931532818616,0.9947010768232324,-0.0005517058277444229,-7.560940977520587e-05,0.0005624595836888364,0.9999998389612252,7.25606078049168e-05,0.0009283836116082966,0.0001606007426744327,0.011860276572406292,-0.05687003955245018,-0.0368342250585556,0.0008494292269460857,-0.01783902384340763,-0.0047599575482308865,0.9947012269500001,-0.10280925705777699,0.00013303475396607943,0.10280931532818616,0.9947010768232324,-0.0005517058277444229,-7.560940977520587e-05,0.0005624595836888364,0.9999998389612252,7.25606078049168e-05,0.0009283836116082966,0.0001606007426744327,42.42640897997964,-0.001958748245943509,-0.0006573087472762337,-0.00026296017025142707,42.42640897997964,-0.001958748245943509,-0.0006573087472762337,-0.00026296017025142707,0.009995938278734684,-0.05897725746035576,-0.04538474977016449,0.0,0.0,0.0,0.9946703235869546,-0.10310648561280182,0.0,0.10310648561280182,0.9946703235869546,0.0,0.0,0.0,1.0,0.0,0.0,0.0
24,1775071251806298336,0.240187615,240,10.208426,0.4504750031628646,42.42595438728,0.6842895868916129,-0.6842895868916129,0.011860276572406292,-0.05687003955245018,-0.0368342250585556,0.0008494292269460857,-0.01783902384340763,-0.0047599575482308865,0.9947012269500001,-0.10280925705777699,0.00013303475396607943,0.10280931532818616,0.9947010768232324,-0.0005517058277444229,-7.560940977520587e-05,0.0005624595836888364,0.9999998389612252,7.25606078049168e-05,0.0009283836116082966,0.0001606007426744327,0.011860276572406292,-0.05687003955245018,-0.0368342250585556,0.0008494292269460857,-0.01783902384340763,-0.0047599575482308865,0.9947012269500001,-0.10280925705777699,0.00013303475396607943,0.10280931532818616,0.9947010768232324,-0.0005517058277444229,-7.560940977520587e-05,0.0005624595836888364,0.9999998389612252,7.25606078049168e-05,0.0009283836116082966,0.0001606007426744327,42.42595438728,-0.001958783817796871,-0.0006573168692656357,-0.0002629601667558408,42.42595438728,-0.001958783817796871,-0.0006573168692656357,-0.0002629601667558408,0.009995938278734684,-0.05897725746035576,-0.04538474977016449,0.0,0.0,0.0,0.9946703235869546,-0.10310648561280182,0.0,0.10310648561280182,0.9946703235869546,0.0,0.0,0.0,1.0,0.0,0.0,0.0
25,1775071251816091243,0.249980522,249,9.792907,0.43616999755613506,42.41251933425222,0.684072892487939,-0.684072892487939,0.011843813583254814,-0.056744396686553955,-0.03644841909408569,0.0007768680807203054,-0.017617294564843178,-0.004470428917557001,0.9947021303494376,-0.10279987351664577,0.00013918275471500562,0.10279993557821254,0.9947019784206935,-0.0005557514459807785,-8.131421786066774e-05,0.0005671150737667722,0.9999998358842441,-0.00023751148546580225,0.00013778194261249155,0.0007731055957265198,0.011843813583254814,-0.056744396686553955,-0.03644841909408569,0.0007768680807203054,-0.017617294564843178,-0.004470428917557001,0.9947021303494376,-0.10279987351664577,0.00013918275471500562,0.10279993557821254,0.9947019784206935,-0.0005557514459807785,-8.131421786066774e-05,0.0005671150737667722,0.9999998358842441,-0.00023751148546580225,0.00013778194261249155,0.0007731055957265198,42.41251933425222,-0.0018128359822251802,-0.0004213098373800783,-0.00036238002524238976,42.41251933425222,-0.0018128359822251802,-0.0004213098373800783,-0.00036238002524238976,0.009995938278734684,-0.05897725746035576,-0.04538474977016449,0.0,0.0,0.0,0.9946703235869546,-0.10310648561280182,0.0,0.10310648561280182,0.9946703235869546,0.0,0.0,0.0,1.0,0.0,0.0,0.0
26,1775071251826213271,0.26010255,260,10.122028,0.2997449992108159,42.412048250994744,0.6840652943708829,-0.6840652943708829,0.011843813583254814,-0.056744396686553955,-0.03644841909408569,0.0007768680807203054,-0.017617294564843178,-0.004470428917557001,0.9947021303494376,-0.10279987351664577,0.00013918275471500562,0.10279993557821254,0.9947019784206935,-0.0005557514459807785,-8.131421786066774e-05,0.0005671150737667722,0.9999998358842441,-0.00023751148546580225,0.00013778194261249155,0.0007731055957265198,0.011843813583254814,-0.056744396686553955,-0.03644841909408569,0.0007768680807203054,-0.017617294564843178,-0.004470428917557001,0.9947021303494376,-0.10279987351664577,0.00013918275471500562,0.10279993557821254,0.9947019784206935,-0.0005557514459807785,-8.131421786066774e-05,0.0005671150737667722,0.9999998358842441,-0.00023751148546580225,0.00013778194261249155,0.0007731055957265198,42.412048250994744,-0.0018128722091487798,-0.00042131800174017176,-0.00036238002174902287,42.412048250994744,-0.0018128722091487798,-0.00042131800174017176,-0.00036238002174902287,0.009995938278734684,-0.05897725746035576,-0.04538474977016449,0.0,0.0,0.0,0.9946703235869546,-0.10310648561280182,0.0,0.10310648561280182,0.9946703235869546,0.0,0.0,0.0,1.0,0.0,0.0,0.0
27,1775071251836102151,0.26999143,269,9.88888,0.5705090006813407,42.39180219298123,0.6837387450480844,-0.6837387450480844,0.011874296702444553,-0.05653219297528267,-0.03583259880542755,0.0007001871708780527,-0.017158174887299538,-0.004082304425537586,0.9947037317883585,-0.10278340224226645,0.0001678281056741171,0.10278348030069306,0.9947035841137406,-0.0005530868003116376,-0.00011009106912741179,0.00056740747107481,0.9999998329643429,0.0006363172433339059,-0.000601076171733439,0.00048265844816341996,0.011874296702444553,-0.05653219297528267,-0.03583259880542755,0.0007001871708780527,-0.017158174887299538,-0.004082304425537586,0.9947037317883585,-0.10278340224226645,0.0001678281056741171,0.10278348030069306,0.9947035841137406,-0.0005530868003116376,-0.00011009106912741179,0.00056740747107481,0.9999998329643429,0.0006363172433339059,-0.000601076171733439,0.00048265844816341996,42.39180219298123,-0.0019202847867793118,-0.00014112074199271467,-0.00033204268020058,42.39180219298123,-0.0019202847867793118,-0.00014112074199271467,-0.00033204268020058,0.009995938278734684,-0.05897725746035576,-0.04538474977016449,0.0,0.0,0.0,0.9946703235869546,-0.10310648561280182,0.0,0.10310648561280182,0.9946703235869546,0.0,0.0,0.0,1.0,0.0,0.0,0.0
28,1775071251846214489,0.280103768,280,10.112338,0.4661840066546574,42.39129912849688,0.6837306311047884,-0.6837306311047884,0.011874296702444553,-0.05653219297528267,-0.03583259880542755,0.0007001871708780527,-0.017158174887299538,-0.004082304425537586,0.9947037317883585,-0.10278340224226645,0.0001678281056741171,0.10278348030069306,0.9947035841137406,-0.0005530868003116376,-0.00011009106912741179,0.00056740747107481,0.9999998329643429,0.0006363172433339059,-0.000601076171733439,0.00048265844816341996,0.011874296702444553,-0.05653219297528267,-0.03583259880542755,0.0007001871708780527,-0.017158174887299538,-0.004082304425537586,0.9947037317883585,-0.10278340224226645,0.0001678281056741171,0.10278348030069306,0.9947035841137406,-0.0005530868003116376,-0.00011009106912741179,0.00056740747107481,0.9999998329643429,0.0006363172433339059,-0.000601076171733439,0.00048265844816341996,42.39129912849688,-0.0019203220952104519,-0.0001411291815239078,-0.0003320426765451168,42.39129912849688,-0.0019203220952104519,-0.0001411291815239078,-0.0003320426765451168,0.009995938278734684,-0.05897725746035576,-0.04538474977016449,0.0,0.0,0.0,0.9946703235869546,-0.10310648561280182,0.0,0.10310648561280182,0.9946703235869546,0.0,0.0,0.0,1.0,0.0,0.0,0.0
29,1775071251856092811,0.28998209,289,9.878322,0.46003799798199907,42.37772107531828,0.683511630247069,-0.683511630247069,0.011910741217434406,-0.05639277771115303,-0.03545039892196655,0.0008331764838658273,-0.016898859292268753,-0.003779415041208267,0.9947040091203307,-0.10278146011937994,0.00015896837755120796,0.10278153469365536,0.9947038517195876,-0.0005683973236282579,-9.970577601159727e-05,0.0005817260702417892,0.999999825826763,-0.0003185116220265627,-0.00028319202829152346,0.00041011825669556856,0.011910741217434406,-0.05639277771115303,-0.03545039892196655,0.0008331764838658273,-0.016898859292268753,-0.003779415041208267,0.9947040091203307,-0.10278146011937994,0.00015896837755120796,0.10278153469365536,0.9947038517195876,-0.0005683973236282579,-9.970577601159727e-05,0.0005817260702417892,0.999999825826763,-0.0003185116220265627,-0.00028319202829152346,0.00041011825669556856,42.37772107531828,-0.0015704653392551804,-0.00026737267802268665,-0.0003227384983678495,42.37772107531828,-0.0015704653392551804,-0.00026737267802268665,-0.0003227384983678495,0.009995938278734684,-0.05897725746035576,-0.04538474977016449,0.0,0.0,0.0,0.9946703235869546,-0.10310648561280182,0.0,0.10310648561280182,0.9946703235869546,0.0,0.0,0.0,1.0,0.0,0.0,0.0
30,1775071251866173754,0.300063033,300,10.080943,0.4939739956171252,42.377199506579984,0.6835032178480642,-0.6835032178480642,0.011910741217434406,-0.05639277771115303,-0.03545039892196655,0.0008331764838658273,-0.016898859292268753,-0.003779415041208267,0.9947040091203307,-0.10278146011937994,0.00015896837755120796,0.10278153469365536,0.9947038517195876,-0.0005683973236282579,-9.970577601159727e-05,0.0005817260702417892,0.999999825826763,-0.0003185116220265627,-0.00028319202829152346,0.00041011825669556856,0.011910741217434406,-0.05639277771115303,-0.03545039892196655,0.0008331764838658273,-0.016898859292268753,-0.003779415041208267,0.9947040091203307,-0.10278146011937994,0.00015896837755120796,0.10278153469365536,0.9947038517195876,-0.0005683973236282579,-9.970577601159727e-05,0.0005817260702417892,0.999999825826763,-0.0003185116220265627,-0.00028319202829152346,0.00041011825669556856,42.377199506579984,-0.0015705031365827052,-0.0002673817344512497,-0.00032273849466583356,42.377199506579984,-0.0015705031365827052,-0.0002673817344512497,-0.00032273849466583356,0.009995938278734684,-0.05897725746035576,-0.04538474977016449,0.0,0.0,0.0,0.9946703235869546,-0.10310648561280182,0.0,0.10310648561280182,0.9946703235869546,0.0,0.0,0.0,1.0,0.0,0.0,0.0
