step,timestamp_ns,experiment_time_s,reference_index,tick_dt_ms,solver_ms,px4_collective_command_newton,px4_collective_normalized,px4_thrust_body_z,state_raw_0,state_raw_1,state_raw_2,state_raw_3,state_raw_4,state_raw_5,state_raw_6,state_raw_7,state_raw_8,state_raw_9,state_raw_10,state_raw_11,state_raw_12,state_raw_13,state_raw_14,state_raw_15,state_raw_16,state_raw_17,state_used_0,state_used_1,state_used_2,state_used_3,state_used_4,state_used_5,state_used_6,state_used_7,state_used_8,state_used_9,state_used_10,state_used_11,state_used_12,state_used_13,state_used_14,state_used_15,state_used_16,state_used_17,control_raw_0,control_raw_1,control_raw_2,control_raw_3,control_used_0,control_used_1,control_used_2,control_used_3,reference_0,reference_1,reference_2,reference_3,reference_4,reference_5,reference_6,reference_7,reference_8,reference_9,reference_10,reference_11,reference_12,reference_13,reference_14,reference_15,reference_16,reference_17
0,1774038798882285169,0.0,0,0.0,33.127685004728846,79.99981541334947,0.9999976926668683,-0.9999976926668683,-0.0023474013432860374,0.019022565335035324,-0.027179092168807983,0.013863434083759785,0.007966714911162853,-0.012645584531128407,0.9947026773321006,-0.10279415776828138,0.0004065467819178805,0.10279429074338164,0.9947026949051712,-0.00032090840919008325,-0.0003714056648882083,0.0003609990651866602,0.9999998658687579,-0.00032617716351523995,0.0002807675627991557,0.0012290647719055414,-0.0023474013432860374,0.019022565335035324,-0.027179092168807983,0.013863434083759785,0.007966714911162853,-0.012645584531128407,0.9947026773321006,-0.10279415776828138,0.0004065467819178805,0.10279429074338164,0.9947026949051712,-0.00032090840919008325,-0.0003714056648882083,0.0003609990651866602,0.9999998658687579,-0.00032617716351523995,0.0002807675627991557,0.0012290647719055414,39.99981541334947,0.03427305972077052,0.0009424056935182679,-0.00045241667308336853,39.99981541334947,0.03427305972077052,0.0009424056935182679,-0.00045241667308336853,0.0018169134855270386,0.016388649120926857,-0.03012518584728241,0.0,0.0,0.0,0.994663039297287,-0.10317645172792522,-9.00235281983755e-05,0.10317642591050213,0.994663013257074,-0.0002554098880381342,0.00011589536821363794,0.0002447584731190347,0.9999999633307752,0.0,0.0,0.0
1,1774038798916672174,0.034387005,34,34.387005,10.174786002608016,79.99981541334947,0.9999976926668683,-0.9999976926668683,-0.0023474013432860374,0.019022565335035324,-0.027179092168807983,0.013863434083759785,0.007966714911162853,-0.012645584531128407,0.9947026773321006,-0.10279415776828138,0.0004065467819178805,0.10279429074338164,0.9947026949051712,-0.00032090840919008325,-0.0003714056648882083,0.0003609990651866602,0.9999998658687579,-0.00032617716351523995,0.0002807675627991557,0.0012290647719055414,-0.0023474013432860374,0.019022565335035324,-0.027179092168807983,0.013863434083759785,0.007966714911162853,-0.012645584531128407,0.9947026773321006,-0.10279415776828138,0.0004065467819178805,0.10279429074338164,0.9947026949051712,-0.00032090840919008325,-0.0003714056648882083,0.0003609990651866602,0.9999998658687579,-0.00032617716351523995,0.0002807675627991557,0.0012290647719055414,39.99981541334947,0.03427305972077052,0.0009424056935182679,-0.00045241667308336853,39.99981541334947,0.03427305972077052,0.0009424056935182679,-0.00045241667308336853,0.0018169134855270386,0.016388649120926857,-0.03012518584728241,0.0,0.0,0.0,0.994663039297287,-0.10317645172792522,-9.00235281983755e-05,0.10317642591050213,0.994663013257074,-0.0002554098880381342,0.00011589536821363794,0.0002447584731190347,0.9999999633307752,0.0,0.0,0.0
2,1774038798928221983,0.045936814,45,11.549809,12.77242299693171,80.0,1.0,-1.0,-0.0024183993227779865,0.01911856420338154,-0.027089715003967285,0.013751957565546036,0.008117595687508583,-0.01261545903980732,0.9947039201584902,-0.10278141106336003,0.00042103475957091727,0.10278155195175231,0.9947039406814282,-0.0003278419586027325,-0.00038510887320382554,0.00036938025714309056,0.999999857624686,-0.00023275498824659735,-0.0011260565370321274,-0.00018628715770319104,-0.0024183993227779865,0.01911856420338154,-0.027089715003967285,0.013751957565546036,0.008117595687508583,-0.01261545903980732,0.9947039201584902,-0.10278141106336003,0.00042103475957091727,0.10278155195175231,0.9947039406814282,-0.0003278419586027325,-0.00038510887320382554,0.00036938025714309056,0.999999857624686,-0.00023275498824659735,-0.0011260565370321274,-0.00018628715770319104,40.00004495703084,0.03437424640969216,0.0021493343849115255,5.641578394208039e-05,40.00004495703084,0.03437424640969216,0.0021493343849115255,5.641578394208039e-05,0.0018169134855270386,0.016388649120926857,-0.03012518584728241,0.0,0.0,0.0,0.994663039297287,-0.10317645172792522,-9.00235281983755e-05,0.10317642591050213,0.994663013257074,-0.0002554098880381342,0.00011589536821363794,0.0002447584731190347,0.9999999633307752,0.0,0.0,0.0
3,1774038798942357383,0.060072214,60,14.1354,9.17676200333517,80.0,1.0,-1.0,-0.0024868070613592863,0.0192160252481699,-0.027006536722183228,0.013650605455040932,0.00830775685608387,-0.012582673691213131,0.9947059349176738,-0.1027619370340922,0.00043419508750967145,0.10276208473640769,0.9947059587745758,-0.00033272783046567876,-0.0003977046814715947,0.00037558510289880526,0.9999998503834041,0.000563295092433691,3.691514575621113e-05,0.0012338280212134123,-0.0024868070613592863,0.0192160252481699,-0.027006536722183228,0.013650605455040932,0.00830775685608387,-0.012582673691213131,0.9947059349176738,-0.1027619370340922,0.00043419508750967145,0.10276208473640769,0.9947059587745758,-0.00033272783046567876,-0.0003977046814715947,0.00037558510289880526,0.9999998503834041,0.000563295092433691,3.691514575621113e-05,0.0012338280212134123,40.00008882722896,0.03386284760354759,0.001160376281787549,-0.00045423186243818666,40.00008882722896,0.03386284760354759,0.001160376281787549,-0.00045423186243818666,0.0018169134855270386,0.016388649120926857,-0.03012518584728241,0.0,0.0,0.0,0.994663039297287,-0.10317645172792522,-9.00235281983755e-05,0.10317642591050213,0.994663013257074,-0.0002554098880381342,0.00011589536821363794,0.0002447584731190347,0.9999999633307752,0.0,0.0,0.0
4,1774038798952837168,0.070551999,70,10.479785,11.604679995798506,79.9999955148171,0.9999999439352137,-0.9999999439352137,-0.0026048796717077494,0.0194367915391922,-0.02681027352809906,0.013401728123426437,0.008688242174685001,-0.012506420724093914,0.9947084090312861,-0.10273856788568891,0.00044487053980313187,0.10273872739998002,0.9947084298018363,-0.0003518692701942683,-0.00040636592552080377,0.0003957126673072237,0.9999998391391136,-0.0002824639086611569,0.0016512328293174505,-0.00011979144619544968,-0.0026048796717077494,0.0194367915391922,-0.02681027352809906,0.013401728123426437,0.008688242174685001,-0.012506420724093914,0.9947084090312861,-0.10273856788568891,0.00044487053980313187,0.10273872739998002,0.9947084298018363,-0.0003518692701942683,-0.00040636592552080377,0.0003957126673072237,0.9999998391391136,-0.0002824639086611569,0.0016512328293174505,-0.00011979144619544968,39.99999551481711,0.0350157462517784,-0.0002042897499032042,3.2099996423025937e-05,39.99999551481711,0.0350157462517784,-0.0002042897499032042,3.2099996423025937e-05,0.0018169134855270386,0.016388649120926857,-0.03012518584728241,0.0,0.0,0.0,0.994663039297287,-0.10317645172792522,-9.00235281983755e-05,0.10317642591050213,0.994663013257074,-0.0002554098880381342,0.00011589536821363794,0.0002447584731190347,0.9999999633307752,0.0,0.0,0.0
5,1774038798965929412,0.083644243,83,13.092244,12.489363012718968,79.99999482400207,0.999999935300026,-0.999999935300026,-0.0026606200262904167,0.019549759104847908,-0.026725739240646362,0.013305691070854664,0.008908746764063835,-0.012549410574138165,0.9947092157676951,-0.10272936181567349,0.0004464599198605812,0.10272952618838271,0.9947092330235603,-0.0003622505782079681,-0.00040688403485590705,0.0004061986258387648,0.9999998347240115,-0.00011460801761131734,0.0001456185564165935,-0.00017617111734580249,-0.0026606200262904167,0.019549759104847908,-0.026725739240646362,0.013305691070854664,0.008908746764063835,-0.012549410574138165,0.9947092157676951,-0.10272936181567349,0.0004464599198605812,0.10272952618838271,0.9947092330235603,-0.0003622505782079681,-0.00040688403485590705,0.0004061986258387648,0.9999998347240115,-0.00011460801761131734,0.0001456185564165935,-0.00017617111734580249,39.999994824002066,0.03507053488534805,0.0010871810130654478,5.242515906913551e-05,39.999994824002066,0.03507053488534805,0.0010871810130654478,5.242515906913551e-05,0.0018169134855270386,0.016388649120926857,-0.03012518584728241,0.0,0.0,0.0,0.994663039297287,-0.10317645172792522,-9.00235281983755e-05,0.10317642591050213,0.994663013257074,-0.0002554098880381342,0.00011589536821363794,0.0002447584731190347,0.9999999633307752,0.0,0.0,0.0
6,1774038798979832467,0.097547298,97,13.903055,12.24124600412324,79.99999600843267,0.9999999501054084,-0.9999999501054084,-0.0027398853562772274,0.01979082264006138,-0.026546388864517212,0.01322795357555151,0.009369051083922386,-0.012461132369935513,0.9947110384402498,-0.10271201247389783,0.000463753246056315,0.1027121898013208,0.9947110570871525,-0.0003762222380836182,-0.0004226579379260904,0.00042186551549573334,0.9999998216948631,0.00026147550670430064,-0.0011853256728500128,0.0003127635281998664,-0.0027398853562772274,0.01979082264006138,-0.026546388864517212,0.01322795357555151,0.009369051083922386,-0.012461132369935513,0.9947110384402498,-0.10271201247389783,0.000463753246056315,0.1027121898013208,0.9947110570871525,-0.0003762222380836182,-0.0004226579379260904,0.00042186551549573334,0.9999998216948631,0.00026147550670430064,-0.0011853256728500128,0.0003127635281998664,39.999996008432674,0.03516518530229383,0.0022352061235180825,-0.00012340488404131576,39.999996008432674,0.03516518530229383,0.0022352061235180825,-0.00012340488404131576,0.0018169134855270386,0.016388649120926857,-0.03012518584728241,0.0,0.0,0.0,0.994663039297287,-0.10317645172792522,-9.00235281983755e-05,0.10317642591050213,0.994663013257074,-0.0002554098880381342,0.00011589536821363794,0.0002447584731190347,0.9999999633307752,0.0,0.0,0.0
7,1774038798993460151,0.111174982,111,13.627684,13.033932002144866,79.99999556033762,0.9999999445042203,-0.9999999445042203,-0.0027635577134788036,0.019919348880648613,-0.026451990008354187,0.013197816908359528,0.009643686935305595,-0.012437615543603897,0.9947115207647266,-0.10270758660379942,0.0004752453432926582,0.10270777384883356,0.9947115393267132,-0.0003879014052610213,-0.00043289160810149833,0.00043466135342370895,0.9999998118371711,-0.0003022358869202435,-0.0005448848241940141,-0.0009720632806420326,-0.0027635577134788036,0.019919348880648613,-0.026451990008354187,0.013197816908359528,0.009643686935305595,-0.012437615543603897,0.9947115207647266,-0.10270758660379942,0.0004752453432926582,0.10270777384883356,0.9947115393267132,-0.0003879014052610213,-0.00043289160810149833,0.00043466135342370895,0.9999998118371711,-0.0003022358869202435,-0.0005448848241940141,-0.0009720632806420326,39.999995560337624,0.0358805984654142,0.0016952702471372146,0.000338303249527355,39.999995560337624,0.0358805984654142,0.0016952702471372146,0.000338303249527355,0.0018169134855270386,0.016388649120926857,-0.03012518584728241,0.0,0.0,0.0,0.994663039297287,-0.10317645172792522,-9.00235281983755e-05,0.10317642591050213,0.994663013257074,-0.0002554098880381342,0.00011589536821363794,0.0002447584731190347,0.9999999633307752,0.0,0.0,0.0
8,1774038799007999805,0.125714636,125,14.539654,14.70987500215415,80.0,1.0,-1.0,-0.0027850198093801737,0.02004951797425747,-0.026363909244537354,0.013095649890601635,0.00986914150416851,-0.01239751372486353,0.9947125573776101,-0.10269731844348806,0.00048445432232933905,0.10269751908002167,0.9947125704744768,-0.00040918339994653816,-0.00043987076567946273,0.0004567721036971839,0.9999997989364613,-0.0011898016091436148,0.00011811763397417963,0.0001388570381095633,-0.0027850198093801737,0.02004951797425747,-0.026363909244537354,0.013095649890601635,0.00986914150416851,-0.01239751372486353,0.9947125573776101,-0.10269731844348806,0.00048445432232933905,0.10269751908002167,0.9947125704744768,-0.00040918339994653816,-0.00043987076567946273,0.0004567721036971839,0.9999997989364613,-0.0011898016091436148,0.00011811763397417963,0.0001388570381095633,40.000001938460386,0.03688425663023665,0.001136518862048945,-6.116817804363646e-05,40.000001938460386,0.03688425663023665,0.001136518862048945,-6.116817804363646e-05,0.0018169134855270386,0.016388649120926857,-0.03012518584728241,0.0,0.0,0.0,0.994663039297287,-0.10317645172792522,-9.00235281983755e-05,0.10317642591050213,0.994663013257074,-0.0002554098880381342,0.00011589536821363794,0.0002447584731190347,0.9999999633307752,0.0,0.0,0.0
9,1774038799024397484,0.142112315,142,16.397679,10.190973000135273,79.99994489014654,0.9999993111268317,-0.9999993111268317,-0.002804399933665991,0.020181450992822647,-0.026281699538230896,0.01304938830435276,0.01009310968220234,-0.012334801256656647,0.9947131994020068,-0.10269147626400343,0.0004906560770557785,0.10269168604616907,0.9947132086649547,-0.00042335532680389047,-0.00044458709602246334,0.0004715033751048956,0.9999997900134309,-0.0009994342690333724,-0.0003173933655489236,-0.0007583919796161354,-0.002804399933665991,0.020181450992822647,-0.026281699538230896,0.01304938830435276,0.01009310968220234,-0.012334801256656647,0.9947131994020068,-0.10269147626400343,0.0004906560770557785,0.10269168604616907,0.9947132086649547,-0.00042335532680389047,-0.00044458709602246334,0.0004715033751048956,0.9999997900134309,-0.0009994342690333724,-0.0003173933655489236,-0.0007583919796161354,39.999944890146544,0.03694343564585523,0.0015141849175840704,0.0002613093846526878,39.999944890146544,0.03694343564585523,0.0015141849175840704,0.0002613093846526878,0.0018169134855270386,0.016388649120926857,-0.03012518584728241,0.0,0.0,0.0,0.994663039297287,-0.10317645172792522,-9.00235281983755e-05,0.10317642591050213,0.994663013257074,-0.0002554098880381342,0.00011589536821363794,0.0002447584731190347,0.9999999633307752,0.0,0.0,0.0
10,1774038799036025993,0.153740824,153,11.628509,11.425339005654678,79.99949555070181,0.9999936943837726,-0.9999936943837726,-0.002799851819872856,0.02043689414858818,-0.026022806763648987,0.013075800612568855,0.010284875519573689,-0.002919632475823164,0.9947141919573124,-0.10268156776060922,0.0004781914968276374,0.10268171389268232,0.9947142490368481,-0.0002917212733489355,-0.0004457094940066436,0.00033928079213967066,0.9999998431157873,0.022871021181344986,0.0024149564560502768,-0.00010206113802269101,-0.002799851819872856,0.02043689414858818,-0.026022806763648987,0.013075800612568855,0.010284875519573689,-0.002919632475823164,0.9947141919573124,-0.10268156776060922,0.0004781914968276374,0.10268171389268232,0.9947142490368481,-0.0002917212733489355,-0.0004457094940066436,0.00033928079213967066,0.9999998431157873,0.022871021181344986,0.0024149564560502768,-0.00010206113802269101,39.99949555070181,0.016443359128348687,-0.0008427720676066798,2.4999013447517956e-05,39.99949555070181,0.016443359128348687,-0.0008427720676066798,2.4999013447517956e-05,0.0018169134855270386,0.016388649120926857,-0.03012518584728241,0.0,0.0,0.0,0.994663039297287,-0.10317645172792522,-9.00235281983755e-05,0.10317642591050213,0.994663013257074,-0.0002554098880381342,0.00011589536821363794,0.0002447584731190347,0.9999999633307752,0.0,0.0,0.0
11,1774038799048842600,0.166557431,166,12.816607,13.00186499429401,37.07312565644051,0.4634140707055064,-0.4634140707055064,-0.00279428088106215,0.02056623436510563,-0.025772467255592346,0.013020802289247513,0.010458811186254025,0.015771782025694847,0.9947147906562267,-0.10267612397277448,0.0004588482059350654,0.1026761301883099,0.9947148957940241,1.0052237473821835e-05,-0.00045745524644850294,3.711362370879129e-05,0.999999894678638,0.044793639332056046,0.0027113850228488445,-0.0010100293438881636,-0.00279428088106215,0.02056623436510563,-0.025772467255592346,0.013020802289247513,0.010458811186254025,0.015771782025694847,0.9947147906562267,-0.10267612397277448,0.0004588482059350654,0.1026761301883099,0.9947148957940241,1.0052237473821835e-05,-0.00045745524644850294,3.711362370879129e-05,0.999999894678638,0.044793639332056046,0.0027113850228488445,-0.0010100293438881636,-2.9268743435594917,-0.0026821357277281243,-0.0010977172678286675,0.0003515435156608654,-2.9268743435594917,-0.0026821357277281243,-0.0010977172678286675,0.0003515435156608654,0.0018169134855270386,0.016388649120926857,-0.03012518584728241,0.0,0.0,0.0,0.994663039297287,-0.10317645172792522,-9.00235281983755e-05,0.10317642591050213,0.994663013257074,-0.0002554098880381342,0.00011589536821363794,0.0002447584731190347,0.9999999633307752,0.0,0.0,0.0
12,1774038799063254612,0.180969443,180,14.412012,12.292903003981337,0.002678668451856936,3.34833556482117e-05,-3.34833556482117e-05,-0.0027868354227393866,0.020697103813290596,-0.025355547666549683,0.01299916673451662,0.010629065334796906,0.03999432548880577,0.9947154962709842,-0.10266850209366774,0.0004273335404235859,0.10266828525078164,0.9947154838861682,0.000501775376239864,-0.00047659185010981886,-0.0004552501415491417,0.9999997828037273,0.0687321275472641,0.004400008823722601,0.0005301190540194511,-0.0027868354227393866,0.020697103813290596,-0.025355547666549683,0.01299916673451662,0.010629065334796906,0.03999432548880577,0.9947154962709842,-0.10266850209366774,0.0004273335404235859,0.10266828525078164,0.9947154838861682,0.000501775376239864,-0.00047659185010981886,-0.0004552501415491417,0.9999997828037273,0.0687321275472641,0.004400008823722601,0.0005301190540194511,-39.99732133154814,-0.023627010170578718,-0.002528124546977626,-0.00020193831538903694,-39.99732133154814,-0.023627010170578718,-0.002528124546977626,-0.00020193831538903694,0.0018169134855270386,0.016388649120926857,-0.03012518584728241,0.0,0.0,0.0,0.994663039297287,-0.10317645172792522,-9.00235281983755e-05,0.10317642591050213,0.994663013257074,-0.0002554098880381342,0.00011589536821363794,0.0002447584731190347,0.9999999633307752,0.0,0.0,0.0
13,1774038799077232154,0.194946985,194,13.977542,12.899444991489872,0.0,0.0,-0.0,-0.0027602955233305693,0.02082408033311367,-0.0247003436088562,0.013019891455769539,0.010724155232310295,0.06723444163799286,0.9947161885181731,-0.10266240039785535,0.00040032662466203336,0.1026618607391998,0.9947156099153557,0.0011925423484734875,-0.0005206403837183689,-0.001145142895082333,0.9999992087903661,0.09414693713188171,0.00422343285754323,-0.0005334627931006253,-0.0027602955233305693,0.02082408033311367,-0.0247003436088562,0.013019891455769539,0.010724155232310295,0.06723444163799286,0.9947161885181731,-0.10266240039785535,0.00040032662466203336,0.1026618607391998,0.9947156099153557,0.0011925423484734875,-0.0005206403837183689,-0.001145142895082333,0.9999992087903661,0.09414693713188171,0.00422343285754323,-0.0005334627931006253,-40.00937126365244,-0.04585076552357007,-0.0023619318439580877,0.00018064365356026922,-40.00937126365244,-0.04585076552357007,-0.0023619318439580877,0.00018064365356026922,0.0018169134855270386,0.016388649120926857,-0.03012518584728241,0.0,0.0,0.0,0.994663039297287,-0.10317645172792522,-9.00235281983755e-05,0.10317642591050213,0.994663013257074,-0.0002554098880381342,0.00011589536821363794,0.0002447584731190347,0.9999999633307752,0.0,0.0,0.0
14,1774038799091736012,0.209450843,209,14.503858,16.407796007115394,0.0019248260933864003,2.4060326167330005e-05,-2.4060326167330005e-05,-0.0027009162586182356,0.02107900381088257,-0.022729575634002686,0.013016407378017902,0.010586235672235489,0.1254570633172989,0.9947166338447831,-0.1026587099115821,0.00032237582420162336,0.10265716725732443,0.9947117167941056,0.003194178684525373,-0.0006485811047322598,-0.0031442083568507667,0.9999948466351261,0.1458304524421692,0.006669189780950546,-0.0009728276636451483,-0.0027009162586182356,0.02107900381088257,-0.022729575634002686,0.013016407378017902,0.010586235672235489,0.1254570633172989,0.9947166338447831,-0.1026587099115821,0.00032237582420162336,0.10265716725732443,0.9947117167941056,0.003194178684525373,-0.0006485811047322598,-0.0031442083568507667,0.9999948466351261,0.1458304524421692,0.006669189780950546,-0.0009728276636451483,-39.998075173906614,-0.0909062619815137,-0.004404993403894877,0.00033864746251694946,-39.998075173906614,-0.0909062619815137,-0.004404993403894877,0.00033864746251694946,0.0018169134855270386,0.016388649120926857,-0.03012518584728241,0.0,0.0,0.0,0.994663039297287,-0.10317645172792522,-9.00235281983755e-05,0.10317642591050213,0.994663013257074,-0.0002554098880381342,0.00011589536821363794,0.0002447584731190347,0.9999999633307752,0.0,0.0,0.0
15,1774038799109787911,0.227502742,227,18.051899,19.0812829969218,0.001287853615664858,1.6098170195810723e-05,-1.6098170195810723e-05,-0.0026688070502132177,0.02120533399283886,-0.021401286125183105,0.012940650805830956,0.01040834654122591,0.1552351713180542,0.9947164215834061,-0.1026610173874678,0.0002603660861387469,0.10265881419880518,0.9947064931396301,0.004502446241380492,-0.0007212132838889385,-0.004451928127730126,0.9999898300424732,0.17124564945697784,0.007834690622985363,-0.0010997516801580787,-0.0026688070502132177,0.02120533399283886,-0.021401286125183105,0.012940650805830956,0.01040834654122591,0.1552351713180542,0.9947164215834061,-0.1026610173874678,0.0002603660861387469,0.10265881419880518,0.9947064931396301,0.004502446241380492,-0.0007212132838889385,-0.004451928127730126,0.9999898300424732,0.17124564945697784,0.007834690622985363,-0.0010997516801580787,-39.998712146384335,-0.1130157744721068,-0.005365643632253547,0.0003841578113489855,-39.998712146384335,-0.1130157744721068,-0.005365643632253547,0.0003841578113489855,0.0018169134855270386,0.016388649120926857,-0.03012518584728241,0.0,0.0,0.0,0.994663039297287,-0.10317645172792522,-9.00235281983755e-05,0.10317642591050213,0.994663013257074,-0.0002554098880381342,0.00011589536821363794,0.0002447584731190347,0.9999999633307752,0.0,0.0,0.0
16,1774038799132525815,0.250240646,250,22.737904,21.88983600353822,0.0002661111784050263,3.3263897300628285e-06,-3.3263897300628285e-06,-0.002600819570943713,0.02146374061703682,-0.017888739705085754,0.012823265045881271,0.009658689610660076,0.21547533571720123,0.994716600507064,-0.10265949172497946,8.24148529955937e-05,0.10265577383211921,0.9946867976249623,0.007749844319745958,-0.0008775716797913558,-0.007700438113193375,0.99996996611066,0.22485168278217316,0.012902181595563889,-0.0013472514692693949,-0.002600819570943713,0.02146374061703682,-0.017888739705085754,0.012823265045881271,0.009658689610660076,0.21547533571720123,0.994716600507064,-0.10265949172497946,8.24148529955937e-05,0.10265577383211921,0.9946867976249623,0.007749844319745958,-0.0008775716797913558,-0.007700438113193375,0.99996996611066,0.22485168278217316,0.012902181595563889,-0.0013472514692693949,-39.999733888821595,-0.15959659586367914,-0.009597032203779405,0.0004722189696961238,-39.999733888821595,-0.15959659586367914,-0.009597032203779405,0.0004722189696961238,0.0018169134855270386,0.016388649120926857,-0.03012518584728241,0.0,0.0,0.0,0.994663039297287,-0.10317645172792522,-9.00235281983755e-05,0.10317642591050213,0.994663013257074,-0.0002554098880381342,0.00011589536821363794,0.0002447584731190347,0.9999999633307752,0.0,0.0,0.0
17,1774038799159664020,0.277378851,277,27.138205,16.87730099365581,0.00015125573730756514,1.8906967163445642e-06,-1.8906967163445642e-06,-0.002455486450344324,0.02194678783416748,-0.007743760943412781,0.012536018155515194,0.005503888241946697,0.33708763122558594,0.9947185311897162,-0.10264069738505954,-0.0004721347880120019,0.10263409749578645,0.9945772344401742,0.01681245746428195,-0.0012560654550058947,-0.016772117839410794,0.9998585491959389,0.3285937011241913,0.02012711577117443,0.00012764033454004675,-0.002455486450344324,0.02194678783416748,-0.007743760943412781,0.012536018155515194,0.005503888241946697,0.33708763122558594,0.9947185311897162,-0.10264069738505954,-0.0004721347880120019,0.10263409749578645,0.9945772344401742,0.01681245746428195,-0.0012560654550058947,-0.016772117839410794,0.9998585491959389,0.3285937011241913,0.02012711577117443,0.00012764033454004675,-39.99984874426269,-0.2495773357367592,-0.015431170196440474,-6.067937370474841e-05,-39.99984874426269,-0.2495773357367592,-0.015431170196440474,-6.067937370474841e-05,0.0018169134855270386,0.016388649120926857,-0.03012518584728241,0.0,0.0,0.0,0.994663039297287,-0.10317645172792522,-9.00235281983755e-05,0.10317642591050213,0.994663013257074,-0.0002554098880381342,0.00011589536821363794,0.0002447584731190347,0.9999999633307752,0.0,0.0,0.0
18,1774038799181026431,0.298741262,298,21.362411,16.0358559951419,0.00019152020200863262,2.3940025251079078e-06,-2.3940025251079078e-06,-0.0023773564025759697,0.02214120514690876,-0.0011988282203674316,0.012407521717250347,0.002324468921869993,0.37159112095832825,0.9947190723959421,-0.10263364690181587,-0.0007939268350685147,0.10262566057178346,0.9944686144875549,0.022371351623366786,-0.0015065145235906297,-0.022334683952677015,0.9997494147942493,0.35694974660873413,0.01918449066579342,0.00018162142077926546,-0.0023773564025759697,0.02214120514690876,-0.0011988282203674316,0.012407521717250347,0.002324468921869993,0.37159112095832825,0.9947190723959421,-0.10263364690181587,-0.0007939268350685147,0.10262566057178346,0.9944686144875549,0.022371351623366786,-0.0015065145235906297,-0.022334683952677015,0.9997494147942493,0.35694974660873413,0.01918449066579342,0.00018162142077926546,-39.99980847979799,-0.2739215879222338,-0.014366751532735686,-8.177677516585097e-05,-39.99980847979799,-0.2739215879222338,-0.014366751532735686,-8.177677516585097e-05,0.0018169134855270386,0.016388649120926857,-0.03012518584728241,0.0,0.0,0.0,0.994663039297287,-0.10317645172792522,-9.00235281983755e-05,0.10317642591050213,0.994663013257074,-0.0002554098880381342,0.00011589536821363794,0.0002447584731190347,0.9999999633307752,0.0,0.0,0.0
19,1774038799202283339,0.31999817,319,21.256908,16.55854200362228,0.00017585503953654325,2.1981879942067906e-06,-2.1981879942067906e-06,-0.0022502222564071417,0.022379256784915924,0.008516982197761536,0.01238806452602148,-3.965261566918343e-05,0.25618013739585876,0.9947213488832962,-0.10260575394198757,-0.0012638939143800876,0.10259524751855942,0.9942360528089362,0.03112854918868946,-0.001937357861169442,-0.031093900478023517,0.9995145902094905,0.3703630566596985,0.020188625901937485,0.0002552709775045514,-0.0022502222564071417,0.022379256784915924,0.008516982197761536,0.01238806452602148,-3.965261566918343e-05,0.25618013739585876,0.9947213488832962,-0.10260575394198757,-0.0012638939143800876,0.10259524751855942,0.9942360528089362,0.03112854918868946,-0.001937357861169442,-0.031093900478023517,0.9995145902094905,0.3703630566596985,0.020188625901937485,0.0002552709775045514,-39.99982414496046,-0.2850130744481744,-0.014795314132094079,-0.00011238991311484839,-39.99982414496046,-0.2850130744481744,-0.014795314132094079,-0.00011238991311484839,0.0018169134855270386,0.016388649120926857,-0.03012518584728241,0.0,0.0,0.0,0.994663039297287,-0.10317645172792522,-9.00235281983755e-05,0.10317642591050213,0.994663013257074,-0.0002554098880381342,0.00011589536821363794,0.0002447584731190347,0.9999999633307752,0.0,0.0,0.0
20,1774038799220927225,0.338642056,338,18.643886,19.996350005385466,39.86279701952515,0.4982849627440644,-0.4982849627440644,-0.0021085606422275305,0.02257009781897068,0.014366775751113892,0.012468183413147926,-0.0006298847729340196,0.056368958204984665,0.9947237168063006,-0.10257681506672967,-0.001754058093336841,0.10256461273478878,0.9939209681400079,0.040024514841046965,-0.0023621853633191137,-0.039993231781956684,0.9991971585971443,0.37329763174057007,0.0205730888992548,-0.0005689390236511827,-0.0021085606422275305,0.02257009781897068,0.014366775751113892,0.012468183413147926,-0.0006298847729340196,0.056368958204984665,0.9947237168063006,-0.10257681506672967,-0.001754058093336841,0.10256461273478878,0.9939209681400079,0.040024514841046965,-0.0023621853633191137,-0.039993231781956684,0.9991971585971443,0.37329763174057007,0.0205730888992548,-0.0005689390236511827,-0.1372029804748433,-0.28687230663603,-0.014701270807765544,0.00017928750883332913,-0.1372029804748433,-0.28687230663603,-0.014701270807765544,0.00017928750883332913,0.0018169134855270386,0.016388649120926857,-0.03012518584728241,0.0,0.0,0.0,0.994663039297287,-0.10317645172792522,-9.00235281983755e-05,0.10317642591050213,0.994663013257074,-0.0002554098880381342,0.00011589536821363794,0.0002447584731190347,0.9999999633307752,0.0,0.0,0.0
21,1774038799245150719,0.36286555,362,24.223494,15.404696998302825,80.0,1.0,-1.0,-0.0020057850051671267,0.022675644606351852,0.015794500708580017,0.012619633227586746,-0.0008147407788783312,-0.08808944374322891,0.9947238715405322,-0.10256808517916816,-0.002073754449036791,0.1025546668751336,0.9936640486976782,0.04598251617904392,-0.0026557213393951784,-0.045952577684373885,0.9989400922166913,0.3755793571472168,0.019107118248939514,-0.0003460427687969059,-0.0020057850051671267,0.022675644606351852,0.015794500708580017,0.012619633227586746,-0.0008147407788783312,-0.08808944374322891,0.9947238715405322,-0.10256808517916816,-0.002073754449036791,0.1025546668751336,0.9936640486976782,0.04598251617904392,-0.0026557213393951784,-0.045952577684373885,0.9989400922166913,0.3755793571472168,0.019107118248939514,-0.0003460427687969059,40.02133664444577,-0.28840202219285094,-0.013170540233947172,9.646382992776193e-05,40.02133664444577,-0.28840202219285094,-0.013170540233947172,9.646382992776193e-05,0.0018169134855270386,0.016388649120926857,-0.03012518584728241,0.0,0.0,0.0,0.994663039297287,-0.10317645172792522,-9.00235281983755e-05,0.10317642591050213,0.994663013257074,-0.0002554098880381342,0.00011589536821363794,0.0002447584731190347,0.9999999633307752,0.0,0.0,0.0
22,1774038799265961899,0.38367673,383,20.81118,16.434118995675817,80.0,1.0,-1.0,-0.0018589914543554187,0.022804414853453636,0.013471931219100952,0.012820841744542122,-0.000820459215901792,-0.310147225856781,0.9947263829754619,-0.10253240040683709,-0.0025494168055590904,0.10251728562465079,0.9932143739616023,0.054912504507753646,-0.003098194281563771,-0.054884277070543774,0.9984879154406472,0.3742052912712097,0.01865832693874836,-0.0010400667088106275,-0.0018589914543554187,0.022804414853453636,0.013471931219100952,0.012820841744542122,-0.000820459215901792,-0.310147225856781,0.9947263829754619,-0.10253240040683709,-0.0025494168055590904,0.10251728562465079,0.9932143739616023,0.054912504507753646,-0.003098194281563771,-0.054884277070543774,0.9984879154406472,0.3742052912712097,0.01865832693874836,-0.0010400667088106275,40.032974873476945,-0.28697745518927753,-0.012299682900046991,0.00034387197364351985,40.032974873476945,-0.28697745518927753,-0.012299682900046991,0.00034387197364351985,0.0018169134855270386,0.016388649120926857,-0.03012518584728241,0.0,0.0,0.0,0.994663039297287,-0.10317645172792522,-9.00235281983755e-05,0.10317642591050213,0.994663013257074,-0.0002554098880381342,0.00011589536821363794,0.0002447584731190347,0.9999999633307752,0.0,0.0,0.0
23,1774038799287267152,0.404981983,404,21.305253,16.74520899541676,80.0,1.0,-1.0,-0.0017577515682205558,0.022881072014570236,0.008884832262992859,0.012977952137589455,-0.0009101310279220343,-0.4597039222717285,0.9947256578496274,-0.1025310933966177,-0.0028834019902213015,0.10251594746709491,0.9928666249135892,0.06088036753444648,-0.0033792949053346177,-0.060854856208106156,0.9981409053664604,0.3737975060939789,0.020349588245153427,-0.0012430846691131592,-0.0017577515682205558,0.022881072014570236,0.008884832262992859,0.012977952137589455,-0.0009101310279220343,-0.4597039222717285,0.9947256578496274,-0.1025310933966177,-0.0028834019902213015,0.10251594746709491,0.9928666249135892,0.06088036753444648,-0.0033792949053346177,-0.060854856208106156,0.9981409053664604,0.3737975060939789,0.020349588245153427,-0.0012430846691131592,40.00020099694601,-0.28652482914310834,-0.013405571091368383,0.00041604356621883495,40.00020099694601,-0.28652482914310834,-0.013405571091368383,0.00041604356621883495,0.0018169134855270386,0.016388649120926857,-0.03012518584728241,0.0,0.0,0.0,0.994663039297287,-0.10317645172792522,-9.00235281983755e-05,0.10317642591050213,0.994663013257074,-0.0002554098880381342,0.00011589536821363794,0.0002447584731190347,0.9999999633307752,0.0,0.0,0.0
24,1774038799305277434,0.422992265,422,18.010282,11.881608996191062,80.0,1.0,-1.0,-0.001632951432839036,0.022998427972197533,-0.0034125149250030518,0.01308522466570139,-0.0008881911053322256,-0.6859284043312073,0.9947273681191391,-0.10249935506772156,-0.0033834440486679718,0.10248476405236495,0.992280840554163,0.06982627709579248,-0.0037998182463905295,-0.06980485690826432,0.9975534289252269,0.3750744163990021,0.020235838368535042,0.00033996018464677036,-0.001632951432839036,0.022998427972197533,-0.0034125149250030518,0.01308522466570139,-0.0008881911053322256,-0.6859284043312073,0.9947273681191391,-0.10249935506772156,-0.0033834440486679718,0.10248476405236495,0.992280840554163,0.06982627709579248,-0.0037998182463905295,-0.06980485690826432,0.9975534289252269,0.3750744163990021,0.020235838368535042,0.00033996018464677036,40.000367528327985,-0.28758603692047463,-0.01278094736728239,-0.0001527425265511504,40.000367528327985,-0.28758603692047463,-0.01278094736728239,-0.0001527425265511504,0.0018169134855270386,0.016388649120926857,-0.03012518584728241,0.0,0.0,0.0,0.994663039297287,-0.10317645172792522,-9.00235281983755e-05,0.10317642591050213,0.994663013257074,-0.0002554098880381342,0.00011589536821363794,0.0002447584731190347,0.9999999633307752,0.0,0.0,0.0
25,1774038799318590558,0.436305389,436,13.313124,11.413624000851996,80.0,1.0,-1.0,-0.001508495188318193,0.02385680377483368,-0.006082162261009216,0.03303270787000656,0.2078867107629776,-0.09067333489656448,0.9947276706894709,-0.10249536816899552,-0.003427856655191075,0.10249843562900307,0.9925590949942918,0.06573205588518949,-0.0033348750322792498,-0.06573683883988712,0.9978314221353541,-0.8154359459877014,-6.443703023251146e-05,0.00010767630010377616,-0.001508495188318193,0.02385680377483368,-0.006082162261009216,0.03303270787000656,0.2078867107629776,-0.09067333489656448,0.9947276706894709,-0.10249536816899552,-0.003427856655191075,0.10249843562900307,0.9925590949942918,0.06573205588518949,-0.0033348750322792498,-0.06573683883988712,0.9978314221353541,-0.8154359459877014,-6.443703023251146e-05,0.00010767630010377616,40.00494142138608,0.7425094873252502,0.006223336509841501,-6.269306429064809e-05,40.00494142138608,0.7425094873252502,0.006223336509841501,-6.269306429064809e-05,0.0018169134855270386,0.016388649120926857,-0.03012518584728241,0.0,0.0,0.0,0.994663039297287,-0.10317645172792522,-9.00235281983755e-05,0.10317642591050213,0.994663013257074,-0.0002554098880381342,0.00011589536821363794,0.0002447584731190347,0.9999999633307752,0.0,0.0,0.0
26,1774038799331446628,0.449161459,449,12.85607,8.501417003571987,80.0,1.0,-1.0,-0.001312809530645609,0.02564495988190174,-0.006993472576141357,0.03519194945693016,0.22970394790172577,-0.10272116214036942,0.9947271085913019,-0.10250008512009656,-0.003426699576400072,0.10252418852915612,0.9930006560745608,0.05863887864393247,-0.002607774283581943,-0.05868100094485973,0.9982733792347795,-0.9110424518585205,-0.00024445325834676623,-0.0006201521027833223,-0.001312809530645609,0.02564495988190174,-0.006993472576141357,0.03519194945693016,0.22970394790172577,-0.10272116214036942,0.9947271085913019,-0.10250008512009656,-0.003426699576400072,0.10252418852915612,0.9930006560745608,0.05863887864393247,-0.002607774283581943,-0.05868100094485973,0.9982733792347795,-0.9110424518585205,-0.00024445325834676623,-0.0006201521027833223,40.00430618433785,0.8279997887052157,0.006195128156055941,0.00019825153300588786,40.00430618433785,0.8279997887052157,0.006195128156055941,0.00019825153300588786,0.0018169134855270386,0.016388649120926857,-0.03012518584728241,0.0,0.0,0.0,0.994663039297287,-0.10317645172792522,-9.00235281983755e-05,0.10317642591050213,0.994663013257074,-0.0002554098880381342,0.00011589536821363794,0.0002447584731190347,0.9999999633307752,0.0,0.0,0.0
27,1774038799341302024,0.459016855,459,9.855396,11.372363995178603,79.99999981095371,0.9999999976369214,-0.9999999976369214,-0.0006096821161918342,0.03206704184412956,-0.010334834456443787,0.04193994775414467,0.29607659578323364,-0.14311744272708893,0.9947243883030978,-0.10252690272363929,-0.00342873691011103,0.10258420189710216,0.9941878462677209,0.03266708688192688,5.955525787515459e-05,-0.032846480105505615,0.9994604070506337,-1.207451343536377,0.0005589401116594672,-0.0004876468447037041,-0.0006096821161918342,0.03206704184412956,-0.010334834456443787,0.04193994775414467,0.29607659578323364,-0.14311744272708893,0.9947243883030978,-0.10252690272363929,-0.00342873691011103,0.10258420189710216,0.9941878462677209,0.03266708688192688,5.955525787515459e-05,-0.032846480105505615,0.9994604070506337,-1.207451343536377,0.0005589401116594672,-0.0004876468447037041,39.99999981095371,1.0000296919407754,0.004791434243297506,0.00014773164974178112,39.99999981095371,1.0000296919407754,0.004791434243297506,0.00014773164974178112,0.0018169134855270386,0.016388649120926857,-0.03012518584728241,0.0,0.0,0.0,0.994663039297287,-0.10317645172792522,-9.00235281983755e-05,0.10317642591050213,0.994663013257074,-0.0002554098880381342,0.00011589536821363794,0.0002447584731190347,0.9999999633307752,0.0,0.0,0.0
28,1774038799354092212,0.471807043,471,12.790188,14.596484994399361,80.0,1.0,-1.0,-0.00035439321072772145,0.034740522503852844,-0.011897638440132141,0.04413029924035072,0.3184029459953308,-0.15827864408493042,0.9947223041892883,-0.10254690447578652,-0.0034404807902989054,0.10259843157175408,0.9944709005559744,0.02239099755460805,0.0011253321528333915,-0.022625810639724686,0.9997433702502392,-1.3093252182006836,0.0011953761568292975,-0.0005114286323077977,-0.00035439321072772145,0.034740522503852844,-0.011897638440132141,0.04413029924035072,0.3184029459953308,-0.15827864408493042,0.9947223041892883,-0.10254690447578652,-0.0034404807902989054,0.10259843157175408,0.9944709005559744,0.02239099755460805,0.0011253321528333915,-0.022625810639724686,0.9997433702502392,-1.3093252182006836,0.0011953761568292975,-0.0005114286323077977,40.00015253571094,1.000145142964522,0.003956059964514367,0.00015501073336898362,40.00015253571094,1.000145142964522,0.003956059964514367,0.00015501073336898362,0.0018169134855270386,0.016388649120926857,-0.03012518584728241,0.0,0.0,0.0,0.994663039297287,-0.10317645172792522,-9.00235281983755e-05,0.10317642591050213,0.994663013257074,-0.0002554098880381342,0.00011589536821363794,0.0002447584731190347,0.9999999633307752,0.0,0.0,0.0
