step,timestamp_ns,experiment_time_s,reference_index,tick_dt_ms,solver_ms,px4_collective_command_newton,px4_collective_normalized,px4_thrust_body_z,state_raw_0,state_raw_1,state_raw_2,state_raw_3,state_raw_4,state_raw_5,state_raw_6,state_raw_7,state_raw_8,state_raw_9,state_raw_10,state_raw_11,state_raw_12,state_raw_13,state_raw_14,state_raw_15,state_raw_16,state_raw_17,state_used_0,state_used_1,state_used_2,state_used_3,state_used_4,state_used_5,state_used_6,state_used_7,state_used_8,state_used_9,state_used_10,state_used_11,state_used_12,state_used_13,state_used_14,state_used_15,state_used_16,state_used_17,control_raw_0,control_raw_1,control_raw_2,control_raw_3,control_used_0,control_used_1,control_used_2,control_used_3,reference_0,reference_1,reference_2,reference_3,reference_4,reference_5,reference_6,reference_7,reference_8,reference_9,reference_10,reference_11,reference_12,reference_13,reference_14,reference_15,reference_16,reference_17
0,1774970658115120841,0.0,0,0.0,0.4227760000503622,42.330304747333265,0.6827468507634398,-0.6827468507634398,-0.023095902055501938,-0.04750603437423706,0.011164382100105286,0.002630582544952631,-0.008595380932092667,0.009930009953677654,0.9945944323215973,-0.10383652598545323,-0.0001964350698213553,0.10383626481839858,0.9945939220022747,-0.0010525897807374986,0.00030467030193748537,0.001026502796043955,0.9999994267338824,-0.0002946439490187913,-0.00049702322576195,-0.00047564064152538776,-0.023095902055501938,-0.04750603437423706,0.011164382100105286,0.002630582544952631,-0.008595380932092667,0.009930009953677654,0.9945944323215973,-0.10383652598545323,-0.0001964350698213553,0.10383626481839858,0.9945939220022747,-0.0010525897807374986,0.00030467030193748537,0.001026502796043955,0.9999994267338824,-0.0002946439490187913,-0.00049702322576195,-0.00047564064152538776,42.330304747333265,0.0014333323912315216,-0.0014143343627777331,0.00014487854810777074,42.330304747333265,0.0014333323912315216,-0.0014143343627777331,0.00014487854810777074,-0.02598533034324646,-0.050540436059236526,0.00632360577583313,0.0,0.0,0.0,0.9946039458240034,-0.1037448357814639,0.0,0.1037448357814639,0.9946039458240034,0.0,0.0,0.0,1.0,0.0,0.0,0.0
1,1774970658125226052,0.010105211,10,10.105211,0.3146479994029505,42.32592831019578,0.6826762630676738,-0.6826762630676738,-0.023120244964957237,-0.0474054291844368,0.011331439018249512,0.0025845225900411606,-0.00835373718291521,0.009939543902873993,0.9945949108583297,-0.10383227755610824,-0.0001954943487392051,0.10383201596175318,0.9945943955291862,-0.0010571797470238647,0.0003042068308493767,0.0010311669418532517,0.9999994220763608,-2.9662871384061873e-05,0.0007790092495270073,0.0001426907256245613,-0.023120244964957237,-0.0474054291844368,0.011331439018249512,0.0025845225900411606,-0.00835373718291521,0.009939543902873993,0.9945949108583297,-0.10383227755610824,-0.0001954943487392051,0.10383201596175318,0.9945943955291862,-0.0010571797470238647,0.0003042068308493767,0.0010311669418532517,0.9999994220763608,-2.9662871384061873e-05,0.0007790092495270073,0.0001426907256245613,42.32592831019578,0.0014392312167963656,-0.0017121034777365803,4.870731765784272e-05,42.32592831019578,0.0014392312167963656,-0.0017121034777365803,4.870731765784272e-05,-0.02598533034324646,-0.050540436059236526,0.00632360577583313,0.0,0.0,0.0,0.9946039458240034,-0.1037448357814639,0.0,0.1037448357814639,0.9946039458240034,0.0,0.0,0.0,1.0,0.0,0.0,0.0
2,1774970658135271926,0.020151085,20,10.045874,0.5727179996029008,42.31698327848644,0.6825319883626845,-0.6825319883626845,-0.023168854415416718,-0.047211337834596634,0.011643067002296448,0.0024297386407852173,-0.007943605072796345,0.010033726692199707,0.9945965045626307,-0.10381634188995581,-0.00018932650490368144,0.10381608263905284,0.9945959733741804,-0.0010706584286806382,0.0002994551740049846,0.0010452179653668327,0.9999994089228473,-0.00015328489826060832,0.000803804025053978,-0.0008241747273132205,-0.023168854415416718,-0.047211337834596634,0.011643067002296448,0.0024297386407852173,-0.007943605072796345,0.010033726692199707,0.9945965045626307,-0.10381634188995581,-0.00018932650490368144,0.10381608263905284,0.9945959733741804,-0.0010706584286806382,0.0002994551740049846,0.0010452179653668327,0.9999994089228473,-0.00015328489826060832,0.000803804025053978,-0.0008241747273132205,42.31698327848644,0.0016080103572862034,-0.001653989103731936,0.00018092665498891964,42.31698327848644,0.0016080103572862034,-0.001653989103731936,0.00018092665498891964,-0.02598533034324646,-0.050540436059236526,0.00632360577583313,0.0,0.0,0.0,0.9946039458240034,-0.1037448357814639,0.0,0.1037448357814639,0.9946039458240034,0.0,0.0,0.0,1.0,0.0,0.0,0.0
3,1774970658145196963,0.030076122,30,9.925037,0.3320060004625702,42.31301573548708,0.6824679957336626,-0.6824679957336626,-0.023193353787064552,-0.04711783304810524,0.011795923113822937,0.002436073962599039,-0.00777001678943634,0.010036440566182137,0.9945965403239472,-0.10381562937693412,-0.00018321038907297485,0.1038153766313632,0.994596007715806,-0.0010702822105443897,0.0002933323450086435,0.001045478929602977,0.9999994104647969,0.0012149926042184234,0.00028302165446802974,-0.00023003399837762117,-0.023193353787064552,-0.04711783304810524,0.011795923113822937,0.002436073962599039,-0.00777001678943634,0.010036440566182137,0.9945965403239472,-0.10381562937693412,-0.00018321038907297485,0.1038153766313632,0.994596007715806,-0.0010702822105443897,0.0002933323450086435,0.001045478929602977,0.9999994104647969,0.0012149926042184234,0.00028302165446802974,-0.00023003399837762117,42.31301573548708,0.0013120785762389755,-0.0015017998957565378,9.123972266303202e-05,42.31301573548708,0.0013120785762389755,-0.0015017998957565378,9.123972266303202e-05,-0.02598533034324646,-0.050540436059236526,0.00632360577583313,0.0,0.0,0.0,0.9946039458240034,-0.1037448357814639,0.0,0.1037448357814639,0.9946039458240034,0.0,0.0,0.0,1.0,0.0,0.0,0.0
4,1774970658155174225,0.040053384,40,9.977262,0.36421000004338566,42.30569494777583,0.6823499185125134,-0.6823499185125134,-0.023303385823965073,-0.04691217839717865,0.012079864740371704,0.0024006112944334745,-0.007501640357077122,0.010055065155029297,0.994598460958432,-0.10379845219454364,-0.00017482543262421768,0.10379820455667499,0.9945979123897042,-0.001083135999560135,0.00028630869688341803,0.0010591387328977714,0.9999993981261237,-5.223984771873802e-05,0.0004104100225958973,-0.0006126700318418443,-0.023303385823965073,-0.04691217839717865,0.012079864740371704,0.0024006112944334745,-0.007501640357077122,0.010055065155029297,0.994598460958432,-0.10379845219454364,-0.00017482543262421768,0.10379820455667499,0.9945979123897042,-0.001083135999560135,0.00028630869688341803,0.0010591387328977714,0.9999993981261237,-5.223984771873802e-05,0.0004104100225958973,-0.0006126700318418443,42.30569494777583,0.001739600386912074,-0.0014831177056363947,0.00013480989653418592,42.30569494777583,0.001739600386912074,-0.0014831177056363947,0.00013480989653418592,-0.02598533034324646,-0.050540436059236526,0.00632360577583313,0.0,0.0,0.0,0.9946039458240034,-0.1037448357814639,0.0,0.1037448357814639,0.9946039458240034,0.0,0.0,0.0,1.0,0.0,0.0,0.0
5,1774970658165178535,0.050057694,50,10.00431,0.3990540008089738,42.30148941208661,0.6822820872917196,-0.6822820872917196,-0.02335716411471367,-0.046813465654850006,0.012219280004501343,0.0024092430248856544,-0.007318919990211725,0.010098790749907494,0.9945998145913437,-0.10378553008042402,-0.0001753609066986253,0.10378527881225463,0.9945992548011118,-0.0010938196992232863,0.00028793632281410436,0.0010697128848487225,0.9999993864033925,-0.0011441935785114765,0.0016732949297875166,0.0007797125144861639,-0.02335716411471367,-0.046813465654850006,0.012219280004501343,0.0024092430248856544,-0.007318919990211725,0.010098790749907494,0.9945998145913437,-0.10378553008042402,-0.0001753609066986253,0.10378527881225463,0.9945992548011118,-0.0010938196992232863,0.00028793632281410436,0.0010697128848487225,0.9999993864033925,-0.0011441935785114765,0.0016732949297875166,0.0007797125144861639,42.30148941208661,0.002088629971574994,-0.0017898943772318484,-8.44495601175044e-05,42.30148941208661,0.002088629971574994,-0.0017898943772318484,-8.44495601175044e-05,-0.02598533034324646,-0.050540436059236526,0.00632360577583313,0.0,0.0,0.0,0.9946039458240034,-0.1037448357814639,0.0,0.1037448357814639,0.9946039458240034,0.0,0.0,0.0,1.0,0.0,0.0,0.0
6,1774970658175164017,0.060043176,60,9.985482,0.38453200068033766,42.297392960187935,0.6822160154869021,-0.6822160154869021,-0.023410316556692123,-0.046716995537281036,0.012357190251350403,0.0023253229446709156,-0.007109200581908226,0.010136418975889683,0.9946008566422877,-0.10377525544761923,-0.00016906085318414352,0.1037750100206205,0.9946002916094641,-0.001097034142003902,0.0002819928495979597,0.0010735667252561483,0.9999993839671246,0.000387693929951638,0.0002538687258493155,-0.00021886336617171764,-0.023410316556692123,-0.046716995537281036,0.012357190251350403,0.0023253229446709156,-0.007109200581908226,0.010136418975889683,0.9946008566422877,-0.10377525544761923,-0.00016906085318414352,0.1037750100206205,0.9946002916094641,-0.001097034142003902,0.0002819928495979597,0.0010735667252561483,0.9999993839671246,0.000387693929951638,0.0002538687258493155,-0.00021886336617171764,42.297392960187935,0.001766146315570897,-0.0013897458558672561,5.708482917792342e-05,42.297392960187935,0.001766146315570897,-0.0013897458558672561,5.708482917792342e-05,-0.02598533034324646,-0.050540436059236526,0.00632360577583313,0.0,0.0,0.0,0.9946039458240034,-0.1037448357814639,0.0,0.1037448357814639,0.9946039458240034,0.0,0.0,0.0,1.0,0.0,0.0,0.0
7,1774970658185187036,0.070066195,70,10.023019,0.3669420002552215,42.293146014286435,0.6821475163594586,-0.6821475163594586,-0.02348516695201397,-0.046610817313194275,0.01248982548713684,0.0022129358258098364,-0.006924771703779697,0.010194671340286732,0.994601034576144,-0.10377347955491922,-0.0001603049499085095,0.10377324324549919,0.9946004659814118,-0.001098085779370192,0.00027339144900993817,0.0010755218135530577,0.9999993842548324,0.0002534175873734057,5.104076262796298e-05,-0.0008097703102976084,-0.02348516695201397,-0.046610817313194275,0.01248982548713684,0.0022129358258098364,-0.006924771703779697,0.010194671340286732,0.994601034576144,-0.10377347955491922,-0.0001603049499085095,0.10377324324549919,0.9946004659814118,-0.001098085779370192,0.00027339144900993817,0.0010755218135530577,0.9999993842548324,0.0002534175873734057,5.104076262796298e-05,-0.0008097703102976084,42.293146014286435,0.0018500602581167376,-0.0012793989001835028,0.00014430078328156213,42.293146014286435,0.0018500602581167376,-0.0012793989001835028,0.00014430078328156213,-0.02598533034324646,-0.050540436059236526,0.00632360577583313,0.0,0.0,0.0,0.9946039458240034,-0.1037448357814639,0.0,0.1037448357814639,0.9946039458240034,0.0,0.0,0.0,1.0,0.0,0.0,0.0
8,1774970658195129076,0.080008235,80,9.94204,0.5154819991730619,42.285499833065664,0.6820241908558978,-0.6820241908558978,-0.02363324724137783,-0.04640732705593109,0.012771427631378174,0.0020065398421138525,-0.006589685566723347,0.010239959694445133,0.9946024301228914,-0.10375964533839732,-0.00012942478426725829,0.10375944233900247,0.9946018537362039,-0.0010979197958591487,0.00024264585358156968,0.0010785646214583958,0.9999993889105075,0.0005854545161128044,-0.0006668583955615759,-0.0008918686653487384,-0.02363324724137783,-0.04640732705593109,0.012771427631378174,0.0020065398421138525,-0.006589685566723347,0.010239959694445133,0.9946024301228914,-0.10375964533839732,-0.00012942478426725829,0.10375944233900247,0.9946018537362039,-0.0010979197958591487,0.00024264585358156968,0.0010785646214583958,0.9999993889105075,0.0005854545161128044,-0.0006668583955615759,-0.0008918686653487384,42.285499833065664,0.0018545282668933753,-0.0009519589096648401,0.0001455147680874586,42.285499833065664,0.0018545282668933753,-0.0009519589096648401,0.0001455147680874586,-0.02598533034324646,-0.050540436059236526,0.00632360577583313,0.0,0.0,0.0,0.9946039458240034,-0.1037448357814639,0.0,0.1037448357814639,0.9946039458240034,0.0,0.0,0.0,1.0,0.0,0.0,0.0
9,1774970658205249531,0.09012869,90,10.120455,0.412472998505109,42.281485638666446,0.6819594457849427,-0.6819594457849427,-0.023706762120127678,-0.046309128403663635,0.012909695506095886,0.001982548041269183,-0.00640513701364398,0.010268071666359901,0.9946028863262505,-0.1037557422318911,-0.00012429122263832998,0.10375554599155046,0.9946023142349084,-0.0010927842588155101,0.00023700287654917357,0.0010739904007240064,0.9999993951869918,0.0012110755778849125,0.0010553038446232677,-0.001172352465800941,-0.023706762120127678,-0.046309128403663635,0.012909695506095886,0.001982548041269183,-0.00640513701364398,0.010268071666359901,0.9946028863262505,-0.1037557422318911,-0.00012429122263832998,0.10375554599155046,0.9946023142349084,-0.0010927842588155101,0.00023700287654917357,0.0010739904007240064,0.9999993951869918,0.0012110755778849125,0.0010553038446232677,-0.001172352465800941,42.281485638666446,0.0017338387268286926,-0.0013501659034454187,0.00018445281125303918,42.281485638666446,0.0017338387268286926,-0.0013501659034454187,0.00018445281125303918,-0.02598533034324646,-0.050540436059236526,0.00632360577583313,0.0,0.0,0.0,0.9946039458240034,-0.1037448357814639,0.0,0.1037448357814639,0.9946039458240034,0.0,0.0,0.0,1.0,0.0,0.0,0.0
10,1774970658215131041,0.1000102,100,9.88151,0.47109400111366995,42.279066071970895,0.6819204205156596,-0.6819204205156596,-0.02378948964178562,-0.046192631125450134,0.01303669810295105,0.001931091770529747,-0.0062385681085288525,0.01019448321312666,0.9946039085132921,-0.10374581915884251,-0.00011750314965426611,0.10374563037532636,0.9946033355734076,-0.0010920961952003844,0.0002301693529249832,0.0010740126436517977,0.9999993967593124,0.00026892093592323363,0.00023085487191565335,0.00025080639170482755,-0.02378948964178562,-0.046192631125450134,0.01303669810295105,0.001931091770529747,-0.0062385681085288525,0.01019448321312666,0.9946039085132921,-0.10374581915884251,-0.00011750314965426611,0.10374563037532636,0.9946033355734076,-0.0010920961952003844,0.0002301693529249832,0.0010740126436517977,0.9999993967593124,0.00026892093592323363,0.00023085487191565335,0.00025080639170482755,42.279066071970895,0.002014366848312991,-0.0011010301296523084,-3.69986322068516e-05,42.279066071970895,0.002014366848312991,-0.0011010301296523084,-3.69986322068516e-05,-0.02598533034324646,-0.050540436059236526,0.00632360577583313,0.0,0.0,0.0,0.9946039458240034,-0.1037448357814639,0.0,0.1037448357814639,0.9946039458240034,0.0,0.0,0.0,1.0,0.0,0.0,0.0
11,1774970658225236926,0.110116085,110,10.105885,0.4408900003909366,42.27615596441254,0.6818734832969764,-0.6818734832969764,-0.02387147769331932,-0.04607906565070152,0.013161495327949524,0.0018447766778990626,-0.006088128313422203,0.010161502286791801,0.9946050946364148,-0.10373447932854596,-0.00010178270394884184,0.1037343058337048,0.9946045100894713,-0.0010996094098499366,0.00021530085852603312,0.0010831186977296701,0.9999993902495682,-0.000559189182240516,-0.0004026757087558508,-0.00016586662968620658,-0.02387147769331932,-0.04607906565070152,0.013161495327949524,0.0018447766778990626,-0.006088128313422203,0.010161502286791801,0.9946050946364148,-0.10373447932854596,-0.00010178270394884184,0.1037343058337048,0.9946045100894713,-0.0010996094098499366,0.00021530085852603312,0.0010831186977296701,0.9999993902495682,-0.000559189182240516,-0.0004026757087558508,-0.00016586662968620658,42.27615596441254,0.002282416082403936,-0.0008705734525143502,1.639182223642147e-05,42.27615596441254,0.002282416082403936,-0.0008705734525143502,1.639182223642147e-05,-0.02598533034324646,-0.050540436059236526,0.00632360577583313,0.0,0.0,0.0,0.9946039458240034,-0.1037448357814639,0.0,0.1037448357814639,0.9946039458240034,0.0,0.0,0.0,1.0,0.0,0.0,0.0
12,1774970658235185977,0.120065136,120,9.949051,0.377330001356313,42.269774146590166,0.6817705507514543,-0.6817705507514543,-0.024034669622778893,-0.045859768986701965,0.013406023383140564,0.0016186692519113421,-0.005717793945223093,0.010175042785704136,0.9946073623206029,-0.10371198104190005,-8.758280672127583e-05,0.10371182181365035,0.9946067686740936,-0.0011052549497160974,0.00020173863996104935,0.0010902113432962324,0.9999993853701817,-0.00014297929010353982,-0.0003664655378088355,-0.0006877646083012223,-0.024034669622778893,-0.045859768986701965,0.013406023383140564,0.0016186692519113421,-0.005717793945223093,0.010175042785704136,0.9946073623206029,-0.10371198104190005,-8.758280672127583e-05,0.10371182181365035,0.9946067686740936,-0.0011052549497160974,0.00020173863996104935,0.0010902113432962324,0.9999993853701817,-0.00014297929010353982,-0.0003664655378088355,-0.0006877646083012223,42.269774146590166,0.002289031587603998,-0.0007663774350831059,7.660128502885823e-05,42.269774146590166,0.002289031587603998,-0.0007663774350831059,7.660128502885823e-05,-0.02598533034324646,-0.050540436059236526,0.00632360577583313,0.0,0.0,0.0,0.9946039458240034,-0.1037448357814639,0.0,0.1037448357814639,0.9946039458240034,0.0,0.0,0.0,1.0,0.0,0.0,0.0
13,1774970658245200938,0.130080097,130,10.014961,0.3228759997000452,42.26797089453825,0.6817414660409395,-0.6817414660409395,-0.024142252281308174,-0.04573540389537811,0.013518452644348145,0.0014708504313603044,-0.0055342684499919415,0.01007852889597416,0.994608652807449,-0.10370028854506486,-7.605671782894008e-05,0.10370014079382806,0.9946080505672737,-0.0011110420754865263,0.00019086193225047177,0.001097164910414991,0.9999993799002848,-0.00016808189684525132,0.00013389445666689426,0.0005468827439472079,-0.024142252281308174,-0.04573540389537811,0.013518452644348145,0.0014708504313603044,-0.0055342684499919415,0.01007852889597416,0.994608652807449,-0.10370028854506486,-7.605671782894008e-05,0.10370014079382806,0.9946080505672737,-0.0011110420754865263,0.00019086193225047177,0.001097164910414991,0.9999993799002848,-0.00016808189684525132,0.00013389445666689426,0.0005468827439472079,42.26797089453825,0.0023585205547899963,-0.0008131591761420166,-0.00011799542680354701,42.26797089453825,0.0023585205547899963,-0.0008131591761420166,-0.00011799542680354701,-0.02598533034324646,-0.050540436059236526,0.00632360577583313,0.0,0.0,0.0,0.9946039458240034,-0.1037448357814639,0.0,0.1037448357814639,0.9946039458240034,0.0,0.0,0.0,1.0,0.0,0.0,0.0
14,1774970658255161926,0.140041085,140,9.960988,0.5548649987758836,42.2647918946223,0.6816901918487468,-0.6816901918487468,-0.02424941584467888,-0.045614004135131836,0.013629108667373657,0.0013403648044914007,-0.005403593182563782,0.010090635158121586,0.9946099554492988,-0.10368842430455327,-6.621122918515701e-05,0.10368828511271033,0.994609337670788,-0.0011234527018014855,0.0001823431950889222,0.001110531791197366,0.9999993667349233,-0.0010676541132852435,0.0006336403312161565,-0.0005945265293121338,-0.02424941584467888,-0.045614004135131836,0.013629108667373657,0.0013403648044914007,-0.005403593182563782,0.010090635158121586,0.9946099554492988,-0.10368842430455327,-6.621122918515701e-05,0.10368828511271033,0.994609337670788,-0.0011234527018014855,0.0001823431950889222,0.001110531791197366,0.9999993667349233,-0.0010676541132852435,0.0006336403312161565,-0.0005945265293121338,42.2647918946223,0.002652363132957333,-0.0008688122483397087,4.367544117606297e-05,42.2647918946223,0.002652363132957333,-0.0008688122483397087,4.367544117606297e-05,-0.02598533034324646,-0.050540436059236526,0.00632360577583313,0.0,0.0,0.0,0.9946039458240034,-0.1037448357814639,0.0,0.1037448357814639,0.9946039458240034,0.0,0.0,0.0,1.0,0.0,0.0,0.0
15,1774970658265216275,0.150095434,150,10.054349,0.5045500001870096,42.262311421300545,0.681650184214525,-0.681650184214525,-0.024355893954634666,-0.04549551382660866,0.01373814046382904,0.0012495232513174415,-0.0052271350286901,0.010051367804408073,0.9946106199268882,-0.10368221983847792,-5.1468404953632085e-05,0.10368209623549451,0.9946099942669805,-0.0011282089336705006,0.00016816602595418756,0.0011167920945445373,0.9999993622476833,-0.00024003883299883455,-0.0006382247083820403,-0.0006826602621003985,-0.024355893954634666,-0.04549551382660866,0.01373814046382904,0.0012495232513174415,-0.0052271350286901,0.010051367804408073,0.9946106199268882,-0.10368221983847792,-5.1468404953632085e-05,0.10368209623549451,0.9946099942669805,-0.0011282089336705006,0.00016816602595418756,0.0011167920945445373,0.9999993622476833,-0.00024003883299883455,-0.0006382247083820403,-0.0006826602621003985,42.262311421300545,0.0025051874975236255,-0.00047649686658255623,5.191733950129766e-05,42.262311421300545,0.0025051874975236255,-0.00047649686658255623,5.191733950129766e-05,-0.02598533034324646,-0.050540436059236526,0.00632360577583313,0.0,0.0,0.0,0.9946039458240034,-0.1037448357814639,0.0,0.1037448357814639,0.9946039458240034,0.0,0.0,0.0,1.0,0.0,0.0,0.0
16,1774970658275169398,0.160048557,160,9.953123,0.4029519986943342,42.25944872932449,0.6816040117632982,-0.6816040117632982,-0.024461530148983,-0.04537944868206978,0.013845503330230713,0.0011582954321056604,-0.0050197686068713665,0.010044380091130733,0.9946121632495935,-0.10366716137397924,-4.126407620579087e-05,0.10366704871199062,0.9946115325973661,-0.001131180683408322,0.00015830787787958142,0.001120808225479497,0.9999993593636324,0.00022285649902187288,0.0003755530924536288,0.00043517356971278787,-0.024461530148983,-0.04537944868206978,0.013845503330230713,0.0011582954321056604,-0.0050197686068713665,0.010044380091130733,0.9946121632495935,-0.10366716137397924,-4.126407620579087e-05,0.10366704871199062,0.9946115325973661,-0.001131180683408322,0.00015830787787958142,0.001120808225479497,0.9999993593636324,0.00022285649902187288,0.0003755530924536288,0.00043517356971278787,42.25944872932449,0.0024506819938337407,-0.0006663496811292002,-0.0001278581213321028,42.25944872932449,0.0024506819938337407,-0.0006663496811292002,-0.0001278581213321028,-0.02598533034324646,-0.050540436059236526,0.00632360577583313,0.0,0.0,0.0,0.9946039458240034,-0.1037448357814639,0.0,0.1037448357814639,0.9946039458240034,0.0,0.0,0.0,1.0,0.0,0.0,0.0
17,1774970658285225665,0.170104824,170,10.056267,0.33167799847433344,42.257067111615406,0.681565598574442,-0.681565598574442,-0.02456653118133545,-0.04526599869132042,0.013951197266578674,0.0010385584319010377,-0.004888532217592001,0.010002790950238705,0.994613864068889,-0.10365068793654397,-3.526570175661076e-05,0.10365058171289898,0.9946132302962166,-0.0011331291709646106,0.00015252523225920203,0.0011233705716884382,0.9999993573871593,0.00016775948461145163,0.0008791985455900431,0.0005850617890246212,-0.02456653118133545,-0.04526599869132042,0.013951197266578674,0.0010385584319010377,-0.004888532217592001,0.010002790950238705,0.994613864068889,-0.10365068793654397,-3.526570175661076e-05,0.10365058171289898,0.9946132302962166,-0.0011331291709646106,0.00015252523225920203,0.0011233705716884382,0.9999993573871593,0.00016775948461145163,0.0008791985455900431,0.0005850617890246212,42.257067111615406,0.002506674097739007,-0.0007350896658439754,-0.00016358117445881398,42.257067111615406,0.002506674097739007,-0.0007350896658439754,-0.00016358117445881398,-0.02598533034324646,-0.050540436059236526,0.00632360577583313,0.0,0.0,0.0,0.9946039458240034,-0.1037448357814639,0.0,0.1037448357814639,0.9946039458240034,0.0,0.0,0.0,1.0,0.0,0.0,0.0
18,1774970658295133450,0.180012609,180,9.907785,0.297259000944905,42.251906165341026,0.6814823575055005,-0.6814823575055005,-0.024833716452121735,-0.045049894601106644,0.014173537492752075,0.0007224592845886946,-0.004533141851425171,0.009960294701159,0.9946168291813663,-0.10362127867354332,-7.88727074654133e-06,0.10362120199944247,0.9946161802337358,-0.0011431799453492791,0.00012630257114303045,0.0011362087207072782,0.9999993465384901,0.0003910732630174607,0.00015463751333300024,-9.66396473813802e-05,-0.024833716452121735,-0.045049894601106644,0.014173537492752075,0.0007224592845886946,-0.004533141851425171,0.009960294701159,0.9946168291813663,-0.10362127867354332,-7.88727074654133e-06,0.10362120199944247,0.9946161802337358,-0.0011431799453492791,0.00012630257114303045,0.0011362087207072782,0.9999993465384901,0.0003910732630174607,0.00015463751333300024,-9.66396473813802e-05,42.251906165341026,0.00256582408845369,-0.00037634533490991094,-8.494353236857132e-05,42.251906165341026,0.00256582408845369,-0.00037634533490991094,-8.494353236857132e-05,-0.02598533034324646,-0.050540436059236526,0.00632360577583313,0.0,0.0,0.0,0.9946039458240034,-0.1037448357814639,0.0,0.1037448357814639,0.9946039458240034,0.0,0.0,0.0,1.0,0.0,0.0,0.0
19,1774970658305196577,0.190075736,190,10.063127,0.30392400003620423,42.24843869823143,0.681426430616636,-0.681426430616636,-0.02496604435145855,-0.044945232570171356,0.014282360672950745,0.0005873949849046767,-0.0043602376244962215,0.009994985535740852,0.9946178195647042,-0.10361206637796494,3.882301205321292e-06,0.1036120023718663,0.9946171620732309,-0.0011494275580253427,0.00011523312246550232,0.0011436433495183723,0.9999993394004102,-0.0006420654244720936,0.00032542168628424406,-0.0006723925471305847,-0.02496604435145855,-0.044945232570171356,0.014282360672950745,0.0005873949849046767,-0.0043602376244962215,0.009994985535740852,0.9946178195647042,-0.10361206637796494,3.882301205321292e-06,0.1036120023718663,0.9946171620732309,-0.0011494275580253427,0.00011523312246550232,0.0011436433495183723,0.9999993394004102,-0.0006420654244720936,0.00032542168628424406,-0.0006723925471305847,42.24843869823143,0.0028837577793370153,-0.00034007827460743304,-5.980379192096427e-06,42.24843869823143,0.0028837577793370153,-0.00034007827460743304,-5.980379192096427e-06,-0.02598533034324646,-0.050540436059236526,0.00632360577583313,0.0,0.0,0.0,0.9946039458240034,-0.1037448357814639,0.0,0.1037448357814639,0.9946039458240034,0.0,0.0,0.0,1.0,0.0,0.0,0.0
20,1774970658315129783,0.200008942,200,9.933206,0.2992869995068759,42.245422029443816,0.6813777746684486,-0.6813777746684486,-0.02509755827486515,-0.04484294354915619,0.01439221203327179,0.00045263743959367275,-0.0041929688304662704,0.009993170388042927,0.9946187965310038,-0.1036030291480472,1.094441661905407e-05,0.10360297336930113,0.9946181397543619,-0.0011481122851600793,0.00010806231660404411,0.0011430678612054483,0.9999993408590242,0.0005770338466390967,0.0006108282832428813,-0.0007720406865701079,-0.02509755827486515,-0.04484294354915619,0.01439221203327179,0.00045263743959367275,-0.0041929688304662704,0.009993170388042927,0.9946187965310038,-0.1036030291480472,1.094441661905407e-05,0.10360297336930113,0.9946181397543619,-0.0011481122851600793,0.00010806231660404411,0.0011430678612054483,0.9999993408590242,0.0005770338466390967,0.0006108282832428813,-0.0007720406865701079,42.245422029443816,0.0026182941941302012,-0.0003444701359203488,1.7077631638762508e-06,42.245422029443816,0.0026182941941302012,-0.0003444701359203488,1.7077631638762508e-06,-0.02598533034324646,-0.050540436059236526,0.00632360577583313,0.0,0.0,0.0,0.9946039458240034,-0.1037448357814639,0.0,0.1037448357814639,0.9946039458240034,0.0,0.0,0.0,1.0,0.0,0.0,0.0
21,1774970658325217689,0.210096848,210,10.087906,0.3209729984519072,42.24217744973434,0.6813254427376507,-0.6813254427376507,-0.025254525244235992,-0.04474318400025368,0.014513775706291199,0.0002800343791022897,-0.004074520897120237,0.009986385703086853,0.994619267792827,-0.10359895197761482,2.4882211498201273e-05,0.10359891152218559,0.9946186020628583,-0.0011546846579616743,9.487567904742367e-05,0.0011510492558124523,0.9999993330419557,-0.0005599306314252317,4.625389556167647e-05,-0.0008257957524619997,-0.025254525244235992,-0.04474318400025368,0.014513775706291199,0.0002800343791022897,-0.004074520897120237,0.009986385703086853,0.994619267792827,-0.10359895197761482,2.4882211498201273e-05,0.10359891152218559,0.9946186020628583,-0.0011546846579616743,9.487567904742367e-05,0.0011510492558124523,0.9999993330419557,-0.0005599306314252317,4.625389556167647e-05,-0.0008257957524619997,42.24217744973434,0.0029501615163587324,-0.00010936495921377527,6.503390164533016e-06,42.24217744973434,0.0029501615163587324,-0.00010936495921377527,6.503390164533016e-06,-0.02598533034324646,-0.050540436059236526,0.00632360577583313,0.0,0.0,0.0,0.9946039458240034,-0.1037448357814639,0.0,0.1037448357814639,0.9946039458240034,0.0,0.0,0.0,1.0,0.0,0.0,0.0
22,1774970658335151500,0.220030659,220,9.933811,0.5015309998270823,42.237012830287874,0.6812421424239979,-0.6812421424239979,-0.02556547336280346,-0.04455139487981796,0.014750465750694275,-3.332261985633522e-05,-0.0038583194836974144,0.009915540926158428,0.9946224995113337,-0.10356759573172503,4.255045227311016e-05,0.1035675755256904,0.9946218303982337,-0.001156298127030303,7.74333158819751e-05,0.001154486890854095,0.9999993305818763,-0.00046653818571940064,-0.00038551754551008344,0.0004466026439331472,-0.02556547336280346,-0.04455139487981796,0.014750465750694275,-3.332261985633522e-05,-0.0038583194836974144,0.009915540926158428,0.9946224995113337,-0.10356759573172503,4.255045227311016e-05,0.1035675755256904,0.9946218303982337,-0.001156298127030303,7.74333158819751e-05,0.001154486890854095,0.9999993305818763,-0.00046653818571940064,-0.00038551754551008344,0.0004466026439331472,42.237012830287874,0.0029887006719242506,0.0001537459133865602,-0.00020954594024466614,42.237012830287874,0.0029887006719242506,0.0001537459133865602,-0.00020954594024466614,-0.02598533034324646,-0.050540436059236526,0.00632360577583313,0.0,0.0,0.0,0.9946039458240034,-0.1037448357814639,0.0,0.1037448357814639,0.9946039458240034,0.0,0.0,0.0,1.0,0.0,0.0,0.0
23,1774970658345196592,0.230075751,230,10.045092,0.31670899988966994,42.23414088359918,0.6811958207032126,-0.6811958207032126,-0.025719396770000458,-0.044459328055381775,0.014865845441818237,-0.00019492766296025366,-0.0037316479720175266,0.009890186600387096,0.9946234452963482,-0.10355749568166672,5.9973690959159304e-05,0.10355749517827073,0.994622766645996,-0.0011634877510132043,6.083670348588574e-05,0.0011634429448296978,0.9999993213494611,-0.0010386499343439937,-0.0006073383847251534,-0.000895810138899833,-0.025719396770000458,-0.044459328055381775,0.014865845441818237,-0.00019492766296025366,-0.0037316479720175266,0.009890186600387096,0.9946234452963482,-0.10355749568166672,5.9973690959159304e-05,0.10355749517827073,0.994622766645996,-0.0011634877510132043,6.083670348588574e-05,0.0011634429448296978,0.9999993213494611,-0.0010386499343439937,-0.0006073383847251534,-0.000895810138899833,42.23414088359918,0.0031818985505058326,0.00030933226432719555,-1.6279437023605968e-05,42.23414088359918,0.0031818985505058326,0.00030933226432719555,-1.6279437023605968e-05,-0.02598533034324646,-0.050540436059236526,0.00632360577583313,0.0,0.0,0.0,0.9946039458240034,-0.1037448357814639,0.0,0.1037448357814639,0.9946039458240034,0.0,0.0,0.0,1.0,0.0,0.0,0.0
24,1774970658355133154,0.240012313,240,9.936562,0.2798229998006718,42.23081168282197,0.6811421239164834,-0.6811421239164834,-0.025897905230522156,-0.04437459260225296,0.014984562993049622,-0.000393250840716064,-0.003612943459302187,0.00989376287907362,0.9946245983419928,-0.10354668537353118,7.235941238364907e-05,0.10354669932223048,0.9946239196552185,-0.0011629375999275687,4.8447924311412205e-05,0.001164178914306438,0.9999993211699006,0.00034275208599865437,0.00036134474794380367,0.0003979161847382784,-0.025897905230522156,-0.04437459260225296,0.014984562993049622,-0.000393250840716064,-0.003612943459302187,0.00989376287907362,0.9946245983419928,-0.10354668537353118,7.235941238364907e-05,0.10354669932223048,0.9946239196552185,-0.0011629375999275687,4.8447924311412205e-05,0.001164178914306438,0.9999993211699006,0.00034275208599865437,0.00036134474794380367,0.0003979161847382784,42.23081168282197,0.002863640201202682,0.0001651941783833134,-0.00021901887052120847,42.23081168282197,0.002863640201202682,0.0001651941783833134,-0.00021901887052120847,-0.02598533034324646,-0.050540436059236526,0.00632360577583313,0.0,0.0,0.0,0.9946039458240034,-0.1037448357814639,0.0,0.1037448357814639,0.9946039458240034,0.0,0.0,0.0,1.0,0.0,0.0,0.0
25,1774970658365145943,0.250025102,250,10.012789,0.4580469994834857,42.22775419920453,0.6810928096645893,-0.6810928096645893,-0.026075394824147224,-0.044292155653238297,0.015101492404937744,-0.0005883087869733572,-0.003484174609184265,0.009878991171717644,0.9946268456129376,-0.10352631150721825,9.012902905025655e-05,0.10352634605618793,0.9946261618040678,-0.001166721322672544,3.11415197802381e-05,0.0011697829253336234,0.9999993153189052,-0.0006997585296630859,-0.0010173374321311712,0.0009664239478297532,-0.026075394824147224,-0.044292155653238297,0.015101492404937744,-0.0005883087869733572,-0.003484174609184265,0.009878991171717644,0.9946268456129376,-0.10352631150721825,9.012902905025655e-05,0.10352634605618793,0.9946261618040678,-0.001166721322672544,3.11415197802381e-05,0.0011697829253336234,0.9999993153189052,-0.0006997585296630859,-0.0010173374321311712,0.0009664239478297532,42.22775419920453,0.0031640055127679888,0.0006207685141908105,-0.00032067045408358085,42.22775419920453,0.0031640055127679888,0.0006207685141908105,-0.00032067045408358085,-0.02598533034324646,-0.050540436059236526,0.00632360577583313,0.0,0.0,0.0,0.9946039458240034,-0.1037448357814639,0.0,0.1037448357814639,0.9946039458240034,0.0,0.0,0.0,1.0,0.0,0.0,0.0
26,1774970658375302855,0.260182014,260,10.156912,0.574767000216525,42.22033842622133,0.6809732004229248,-0.6809732004229248,-0.02642694115638733,-0.04413365200161934,0.015356585383415222,-0.0009302840335294604,-0.0032723501790314913,0.009944013319909573,0.9946299088267172,-0.10349673258091574,0.00011554196538326664,0.10349679679765278,0.9946292045454821,-0.0011836618504845985,7.583589973155641e-06,0.0011892635583504486,0.9999992927971666,-0.0013826022623106837,-0.00027658321778289974,0.0004255979147274047,-0.02642694115638733,-0.04413365200161934,0.015356585383415222,-0.0009302840335294604,-0.0032723501790314913,0.009944013319909573,0.9946299088267172,-0.10349673258091574,0.00011554196538326664,0.10349679679765278,0.9946292045454821,-0.0011836618504845985,7.583589973155641e-06,0.0011892635583504486,0.9999992927971666,-0.0013826022623106837,-0.00027658321778289974,0.0004255979147274047,42.22033842622133,0.0034287224721184736,0.0006206579569709658,-0.0002633008322540142,42.22033842622133,0.0034287224721184736,0.0006206579569709658,-0.0002633008322540142,-0.02598533034324646,-0.050540436059236526,0.00632360577583313,0.0,0.0,0.0,0.9946039458240034,-0.1037448357814639,0.0,0.1037448357814639,0.9946039458240034,0.0,0.0,0.0,1.0,0.0,0.0,0.0
27,1774970658385207598,0.270086757,270,9.904743,0.631141001576907,42.216041678321304,0.6809038980374403,-0.6809038980374403,-0.02660052664577961,-0.04405777528882027,0.015487879514694214,-0.0010931884171441197,-0.0031515893060714006,0.009996949695050716,0.9946312987483688,-0.10348291431418533,0.00012476220328828946,0.1034829895108289,0.9946305940954594,-0.0011839517120830478,-1.573610935765024e-06,0.0011905061056804167,0.9999992913461649,0.0003166272072121501,0.0008673242991790175,0.0003252527385484427,-0.02660052664577961,-0.04405777528882027,0.015487879514694214,-0.0010931884171441197,-0.0031515893060714006,0.009996949695050716,0.9946312987483688,-0.10348291431418533,0.00012476220328828946,0.1034829895108289,0.9946305940954594,-0.0011839517120830478,-1.573610935765024e-06,0.0011905061056804167,0.9999992913461649,0.0003166272072121501,0.0008673242991790175,0.0003252527385484427,42.216041678321304,0.0030332826362912155,0.00041682345530393255,-0.0002593437557586819,42.216041678321304,0.0030332826362912155,0.00041682345530393255,-0.0002593437557586819,-0.02598533034324646,-0.050540436059236526,0.00632360577583313,0.0,0.0,0.0,0.9946039458240034,-0.1037448357814639,0.0,0.1037448357814639,0.9946039458240034,0.0,0.0,0.0,1.0,0.0,0.0,0.0
28,1774970658395175529,0.280054688,280,9.967931,0.33408899980713613,42.209243478521294,0.6807942496535693,-0.6807942496535693,-0.026944546028971672,-0.043911974877119064,0.015744388103485107,-0.00150796037632972,-0.0029057348147034645,0.010011106729507446,0.994633289427589,-0.10346413145043765,0.00014983704509815426,0.10346423665455795,0.9946325801398154,-0.0011881260054553422,-2.6104502337510882e-05,0.0011972523125393097,0.999999282952545,-0.001367276650853455,-0.00022728301701135933,-0.0007570663001388311,-0.026944546028971672,-0.043911974877119064,0.015744388103485107,-0.00150796037632972,-0.0029057348147034645,0.010011106729507446,0.994633289427589,-0.10346413145043765,0.00014983704509815426,0.10346423665455795,0.9946325801398154,-0.0011881260054553422,-2.6104502337510882e-05,0.0011972523125393097,0.999999282952545,-0.001367276650853455,-0.00022728301701135933,-0.0007570663001388311,42.209243478521294,0.0035202105905338364,0.0008891827399991987,-0.00011206700541432187,42.209243478521294,0.0035202105905338364,0.0008891827399991987,-0.00011206700541432187,-0.02598533034324646,-0.050540436059236526,0.00632360577583313,0.0,0.0,0.0,0.9946039458240034,-0.1037448357814639,0.0,0.1037448357814639,0.9946039458240034,0.0,0.0,0.0,1.0,0.0,0.0,0.0
29,1774970658405264940,0.290144099,290,10.089411,0.44067599992558826,42.20595408666554,0.6807411949462184,-0.6807411949462184,-0.027115490287542343,-0.04384231939911842,0.01586957275867462,-0.001684691640548408,-0.002822482492774725,0.00999564677476883,0.9946340284989474,-0.10345633063424198,0.00016833320104042704,0.10345645807788073,0.9946333179273836,-0.001189740798535066,-4.4343640247801464e-05,0.001200771783413046,0.9999992780901522,-4.294134851079434e-05,-0.0006359841208904982,5.9707119362428784e-05,-0.027115490287542343,-0.04384231939911842,0.01586957275867462,-0.001684691640548408,-0.002822482492774725,0.00999564677476883,0.9946340284989474,-0.10345633063424198,0.00016833320104042704,0.10345645807788073,0.9946333179273836,-0.001189740798535066,-4.4343640247801464e-05,0.001200771783413046,0.9999992780901522,-4.294134851079434e-05,-0.0006359841208904982,5.9707119362428784e-05,42.20595408666554,0.003213055082275428,0.0010984093952461163,-0.00024083115978993397,42.20595408666554,0.003213055082275428,0.0010984093952461163,-0.00024083115978993397,-0.02598533034324646,-0.050540436059236526,0.00632360577583313,0.0,0.0,0.0,0.9946039458240034,-0.1037448357814639,0.0,0.1037448357814639,0.9946039458240034,0.0,0.0,0.0,1.0,0.0,0.0,0.0
30,1774970658415265917,0.300145076,300,10.000977,0.3044059994863346,42.20297867846266,0.6806932044913332,-0.6806932044913332,-0.02728368528187275,-0.04377322271466255,0.016004517674446106,-0.0018323523690924048,-0.002734122797846794,0.009937990456819534,0.9946358321876019,-0.10343950369325827,0.00017498436926785543,0.10343963916520749,0.9946351212881368,-0.001190279332857782,-5.092379926921117e-05,0.0012019946698652306,0.9999992763075939,-0.0005115631502121687,0.0005802534287795424,0.0009073173860087991,-0.02728368528187275,-0.04377322271466255,0.016004517674446106,-0.0018323523690924048,-0.002734122797846794,0.009937990456819534,0.9946358321876019,-0.10343950369325827,0.00017498436926785543,0.10343963916520749,0.9946351212881368,-0.001190279332857782,-5.092379926921117e-05,0.0012019946698652306,0.9999992763075939,-0.0005115631502121687,0.0005802534287795424,0.0009073173860087991,42.20297867846266,0.003353124961355102,0.0008655770458832942,-0.000381497726216429,42.20297867846266,0.003353124961355102,0.0008655770458832942,-0.000381497726216429,-0.02598533034324646,-0.050540436059236526,0.00632360577583313,0.0,0.0,0.0,0.9946039458240034,-0.1037448357814639,0.0,0.1037448357814639,0.9946039458240034,0.0,0.0,0.0,1.0,0.0,0.0,0.0
