step,timestamp_ns,experiment_time_s,reference_index,tick_dt_ms,solver_ms,px4_collective_command_newton,px4_collective_normalized,px4_thrust_body_z,state_raw_0,state_raw_1,state_raw_2,state_raw_3,state_raw_4,state_raw_5,state_raw_6,state_raw_7,state_raw_8,state_raw_9,state_raw_10,state_raw_11,state_raw_12,state_raw_13,state_raw_14,state_raw_15,state_raw_16,state_raw_17,state_used_0,state_used_1,state_used_2,state_used_3,state_used_4,state_used_5,state_used_6,state_used_7,state_used_8,state_used_9,state_used_10,state_used_11,state_used_12,state_used_13,state_used_14,state_used_15,state_used_16,state_used_17,control_raw_0,control_raw_1,control_raw_2,control_raw_3,control_used_0,control_used_1,control_used_2,control_used_3,reference_0,reference_1,reference_2,reference_3,reference_4,reference_5,reference_6,reference_7,reference_8,reference_9,reference_10,reference_11,reference_12,reference_13,reference_14,reference_15,reference_16,reference_17
0,1774977958357228901,0.0,0,0.0,1.029046001349343,41.891175954900476,0.6756641283048463,-0.6756641283048463,-0.020744435489177704,0.007657918147742748,0.024195760488510132,0.003003999823704362,0.014578670263290405,0.033012326806783676,0.9945406900680623,-0.104348220337104,0.0006582082079553877,0.10434812497940626,0.9945409020087951,0.0001776834916108628,-0.000673155876062188,-0.00010803071199348181,0.9999997675952567,-0.0001204656291520223,0.0008265009964816272,-0.0009484883630648255,-0.020744435489177704,0.007657918147742748,0.024195760488510132,0.003003999823704362,0.014578670263290405,0.033012326806783676,0.9945406900680623,-0.104348220337104,0.0006582082079553877,0.10434812497940626,0.9945409020087951,0.0001776834916108628,-0.000673155876062188,-0.00010803071199348181,0.9999997675952567,-0.0001204656291520223,0.0008265009964816272,-0.0009484883630648255,41.891175954900476,0.003592004927657222,0.0012486815778695202,0.00018896238839299985,41.891175954900476,0.003592004927657222,0.0012486815778695202,0.00018896238839299985,-0.02062593400478363,0.00037123251240700483,0.013560906052589417,0.0,0.0,0.0,0.9945469767094016,-0.10428955421416365,0.0,0.10428955421416365,0.9945469767094016,0.0,0.0,0.0,1.0,0.0,0.0,0.0
1,1774977958367253380,0.010024479,10,10.024479,0.5580659999395721,41.87827049205445,0.6754559756782975,-0.6754559756782975,-0.02066287025809288,0.008189797401428223,0.024705976247787476,0.003101987298578024,0.014966169372200966,0.03302334249019623,0.9945392598113678,-0.10436095902532161,0.0006499324938041076,0.10436088723235604,0.9945394693571152,0.00014350616632384863,-0.0006613599690396994,-7.489497731625466e-05,0.9999997784968395,0.00035605375887826085,-0.0008036582730710506,-0.0007295257528312504,-0.02066287025809288,0.008189797401428223,0.024705976247787476,0.003101987298578024,0.014966169372200966,0.03302334249019623,0.9945392598113678,-0.10436095902532161,0.0006499324938041076,0.10436088723235604,0.9945394693571152,0.00014350616632384863,-0.0006613599690396994,-7.489497731625466e-05,0.9999997784968395,0.00035605375887826085,-0.0008036582730710506,-0.0007295257528312504,41.87827049205445,0.003711259705822556,0.0016203797026336714,0.00016636451618316,41.87827049205445,0.003711259705822556,0.0016203797026336714,0.00016636451618316,-0.02062593400478363,0.00037123251240700483,0.013560906052589417,0.0,0.0,0.0,0.9945469767094016,-0.10428955421416365,0.0,0.10428955421416365,0.9945469767094016,0.0,0.0,0.0,1.0,0.0,0.0,0.0
2,1774977958377228615,0.019999714,19,9.975235,0.7412680024572182,41.87148965771236,0.6753466073824574,-0.6753466073824574,-0.02062041312456131,0.008454554714262486,0.02495872974395752,0.0031395219266414642,0.015209492295980453,0.03303520753979683,0.9945382887239468,-0.10437157985243362,0.000646731944822794,0.10437152161039909,0.9945384974782862,0.00012325342873165113,-0.0006560638826000262,-5.507992462014388e-05,0.9999997832731933,-0.0011219944572076201,-0.0003060458111576736,-0.0008997467230074108,-0.02062041312456131,0.008454554714262486,0.02495872974395752,0.0031395219266414642,0.015209492295980453,0.03303520753979683,0.9945382887239468,-0.10437157985243362,0.000646731944822794,0.10437152161039909,0.9945384974782862,0.00012325342873165113,-0.0006560638826000262,-5.507992462014388e-05,0.9999997832731933,-0.0011219944572076201,-0.0003060458111576736,-0.0008997467230074108,41.87148965771236,0.004217736508355417,0.0014835251361808414,0.00020042627481893125,41.87148965771236,0.004217736508355417,0.0014835251361808414,0.00020042627481893125,-0.02062593400478363,0.00037123251240700483,0.013560906052589417,0.0,0.0,0.0,0.9945469767094016,-0.10428955421416365,0.0,0.10428955421416365,0.9945469767094016,0.0,0.0,0.0,1.0,0.0,0.0,0.0
3,1774977958387223680,0.029994779,29,9.995065,0.509754001541296,41.865212920662394,0.6752453696881031,-0.6752453696881031,-0.020576920360326767,0.00871899351477623,0.02520984411239624,0.003174286335706711,0.015467814169824123,0.033010270446538925,0.9945381120694198,-0.10437334427991596,0.0006453946521648799,0.10437329764119219,0.9945383207664814,0.00010561967470058484,-0.0006528935002693033,-3.768089745455859e-05,0.9999997861551168,-0.0011693293927237391,-0.00044417986646294594,0.0004594907513819635,-0.020576920360326767,0.00871899351477623,0.02520984411239624,0.003174286335706711,0.015467814169824123,0.033010270446538925,0.9945381120694198,-0.10437334427991596,0.0006453946521648799,0.10437329764119219,0.9945383207664814,0.00010561967470058484,-0.0006528935002693033,-3.768089745455859e-05,0.9999997861551168,-0.0011693293927237391,-0.00044417986646294594,0.0004594907513819635,41.865212920662394,0.004362952297953739,0.0015111616206055969,-2.04676590431826e-06,41.865212920662394,0.004362952297953739,0.0015111616206055969,-2.04676590431826e-06,-0.02062593400478363,0.00037123251240700483,0.013560906052589417,0.0,0.0,0.0,0.9945469767094016,-0.10428955421416365,0.0,0.10428955421416365,0.9945469767094016,0.0,0.0,0.0,1.0,0.0,0.0,0.0
4,1774977958397361566,0.040132665,40,10.137886,0.4807349978364073,41.859019660515955,0.6751454783954186,-0.6751454783954186,-0.020528223365545273,0.00898702722042799,0.025421231985092163,0.0031785652972757816,0.015679817646741867,0.03305022791028023,0.994537793796277,-0.10437617285063983,0.0006451035407887169,0.10437613666863044,0.9945380027800671,8.959380813152243e-05,-0.0006509313704421045,-2.1771076409115436e-05,0.9999997879071847,-0.0006899184663780034,-0.0007369918748736382,-0.0004491833969950676,-0.020528223365545273,0.00898702722042799,0.025421231985092163,0.0031785652972757816,0.015679817646741867,0.03305022791028023,0.994537793796277,-0.10437617285063983,0.0006451035407887169,0.10437613666863044,0.9945380027800671,8.959380813152243e-05,-0.0006509313704421045,-2.1771076409115436e-05,0.9999997879071847,-0.0006899184663780034,-0.0007369918748736382,-0.0004491833969950676,41.859019660515955,0.004362856873580823,0.0015846145760130793,0.00013652616118874574,41.859019660515955,0.004362856873580823,0.0015846145760130793,0.00013652616118874574,-0.02062593400478363,0.00037123251240700483,0.013560906052589417,0.0,0.0,0.0,0.9945469767094016,-0.10428955421416365,0.0,0.10428955421416365,0.9945469767094016,0.0,0.0,0.0,1.0,0.0,0.0,0.0
5,1774977958407180731,0.04995183,49,9.819165,0.942462997045368,41.85312333900828,0.6750503764356174,-0.6750503764356174,-0.020478950813412666,0.009254301898181438,0.025632262229919434,0.0031775920651853085,0.01589285396039486,0.03306874260306358,0.9945369288740047,-0.10438467164021215,0.0006420167499046042,0.10438464301711448,0.9945371360425461,7.802276496593659e-05,-0.0006466537902989847,-1.0579910347327179e-05,0.9999997908634747,0.00013253129145596176,-0.0004162047407589853,-0.0004969931906089187,-0.020478950813412666,0.009254301898181438,0.025632262229919434,0.0031775920651853085,0.01589285396039486,0.03306874260306358,0.9945369288740047,-0.10438467164021215,0.0006420167499046042,0.10438464301711448,0.9945371360425461,7.802276496593659e-05,-0.0006466537902989847,-1.0579910347327179e-05,0.9999997908634747,0.00013253129145596176,-0.0004162047407589853,-0.0004969931906089187,41.85312333900828,0.004265835474626041,0.001498783597497359,0.000150526492846804,41.85312333900828,0.004265835474626041,0.001498783597497359,0.000150526492846804,-0.02062593400478363,0.00037123251240700483,0.013560906052589417,0.0,0.0,0.0,0.9945469767094016,-0.10428955421416365,0.0,0.10428955421416365,0.9945469767094016,0.0,0.0,0.0,1.0,0.0,0.0,0.0
6,1774977958417239358,0.060010457,60,10.058627,0.4040460007672664,41.84795532427767,0.6749670213593173,-0.6749670213593173,-0.020428666844964027,0.009521008469164371,0.0258425772190094,0.0032474598847329617,0.01611781120300293,0.03303065523505211,0.9945367623293616,-0.10438626158582398,0.0006377707250020698,0.10438623872446051,0.994536966819921,6.911958277591723e-05,-0.0006415016103573992,-2.167556607384283e-06,0.9999997942354968,-4.678251571021974e-06,0.0001271726214326918,0.00035086472053080797,-0.020428666844964027,0.009521008469164371,0.0258425772190094,0.0032474598847329617,0.01611781120300293,0.03303065523505211,0.9945367623293616,-0.10438626158582398,0.0006377707250020698,0.10438623872446051,0.994536966819921,6.911958277591723e-05,-0.0006415016103573992,-2.167556607384283e-06,0.9999997942354968,-4.678251571021974e-06,0.0001271726214326918,0.00035086472053080797,41.84795532427767,0.004405926266339609,0.0013398774576616676,2.4618852041506255e-05,41.84795532427767,0.004405926266339609,0.0013398774576616676,2.4618852041506255e-05,-0.02062593400478363,0.00037123251240700483,0.013560906052589417,0.0,0.0,0.0,0.9945469767094016,-0.10428955421416365,0.0,0.10428955421416365,0.9945469767094016,0.0,0.0,0.0,1.0,0.0,0.0,0.0
7,1774977958427181031,0.06995213,69,9.941673,0.45749700075248256,41.83977156360512,0.6748350252194374,-0.6748350252194374,-0.020323479548096657,0.010046339593827724,0.0262262225151062,0.003319895127788186,0.016409656032919884,0.03290533646941185,0.9945357287194458,-0.10439457733714486,0.0006364731717068643,0.10439457431641497,0.9945359319702571,3.805739537554413e-05,-0.0006369684404182712,2.8594921865276665e-05,0.9999997967267428,-0.0011992888757959008,-0.000688950065523386,-0.000143823039252311,-0.020323479548096657,0.010046339593827724,0.0262262225151062,0.003319895127788186,0.016409656032919884,0.03290533646941185,0.9945357287194458,-0.10439457733714486,0.0006364731717068643,0.10439457431641497,0.9945359319702571,3.805739537554413e-05,-0.0006369684404182712,2.8594921865276665e-05,0.9999997967267428,-0.0011992888757959008,-0.000688950065523386,-0.000143823039252311,41.83977156360512,0.00491408862092395,0.001525542132015401,0.0001055146553706941,41.83977156360512,0.00491408862092395,0.001525542132015401,0.0001055146553706941,-0.02062593400478363,0.00037123251240700483,0.013560906052589417,0.0,0.0,0.0,0.9945469767094016,-0.10428955421416365,0.0,0.10428955421416365,0.9945469767094016,0.0,0.0,0.0,1.0,0.0,0.0,0.0
8,1774977958437228956,0.080000055,80,10.047925,0.33670700213406235,41.83529315661661,0.6747627928486549,-0.6747627928486549,-0.020268699154257774,0.010304849594831467,0.02640017867088318,0.003341979580000043,0.016565287485718727,0.03287867456674576,0.994535524724914,-0.10439687592242342,0.0006401548979414456,0.1043968839668663,0.9945357296852492,2.0927328582191415e-05,-0.0006388416580646542,4.601719636410963e-05,0.9999997948818583,-0.0008457929943688214,-0.0008246017387136817,0.0003285299171693623,-0.020268699154257774,0.010304849594831467,0.02640017867088318,0.003341979580000043,0.016565287485718727,0.03287867456674576,0.994535524724914,-0.10439687592242342,0.0006401548979414456,0.1043968839668663,0.9945357296852492,2.0927328582191415e-05,-0.0006388416580646542,4.601719636410963e-05,0.9999997948818583,-0.0008457929943688214,-0.0008246017387136817,0.0003285299171693623,41.83529315661661,0.0049356991206529754,0.0015639073420121539,3.649879629620074e-05,41.83529315661661,0.0049356991206529754,0.0015639073420121539,3.649879629620074e-05,-0.02062593400478363,0.00037123251240700483,0.013560906052589417,0.0,0.0,0.0,0.9945469767094016,-0.10428955421416365,0.0,0.10428955421416365,0.9945469767094016,0.0,0.0,0.0,1.0,0.0,0.0,0.0
9,1774977958447354535,0.090125634,90,10.125579,0.46894800107111223,41.82726774496146,0.6746333507251848,-0.6746333507251848,-0.020156674087047577,0.010819877497851849,0.026735246181488037,0.003417273284867406,0.016965072602033615,0.03282737359404564,0.9945353495998771,-0.10439864299695878,0.0006360227712059845,0.10439865747253729,0.9945355513988633,1.048871517382241e-05,-0.000633642252616546,5.596851201851785e-05,0.9999997976824941,6.009460776112974e-06,-0.0008736346499063075,0.0004787864163517952,-0.020156674087047577,0.010819877497851849,0.026735246181488037,0.003417273284867406,0.016965072602033615,0.03282737359404564,0.9945353495998771,-0.10439864299695878,0.0006360227712059845,0.10439865747253729,0.9945355513988633,1.048871517382241e-05,-0.000633642252616546,5.596851201851785e-05,0.9999997976824941,6.009460776112974e-06,-0.0008736346499063075,0.0004787864163517952,41.82726774496146,0.004901845296619184,0.0015514127519031663,1.5362088252294222e-05,41.82726774496146,0.004901845296619184,0.0015514127519031663,1.5362088252294222e-05,-0.02062593400478363,0.00037123251240700483,0.013560906052589417,0.0,0.0,0.0,0.9945469767094016,-0.10428955421416365,0.0,0.10428955421416365,0.9945469767094016,0.0,0.0,0.0,1.0,0.0,0.0,0.0
10,1774977958457218370,0.099989469,99,9.863835,0.4461959979380481,41.82341266584439,0.6745711720297481,-0.6745711720297481,-0.020093951374292374,0.011078349314630032,0.026878923177719116,0.0034350124187767506,0.017199939116835594,0.032807476818561554,0.9945359159458619,-0.10439438877888052,0.0006349145205946337,0.1043944068332634,0.9945361167050762,4.728790550898032e-06,-0.0006319390003493436,6.157848454988249e-05,0.9999997984306003,-1.8501865270081908e-05,-9.238778875442222e-05,0.0012743989937007427,-0.020093951374292374,0.011078349314630032,0.026878923177719116,0.0034350124187767506,0.017199939116835594,0.032807476818561554,0.9945359159458619,-0.10439438877888052,0.0006349145205946337,0.1043944068332634,0.9945361167050762,4.728790550898032e-06,-0.0006319390003493436,6.157848454988249e-05,0.9999997984306003,-1.8501865270081908e-05,-9.238778875442222e-05,0.0012743989937007427,41.82341266584439,0.005005893436125548,0.0013501280548058735,-0.00010742063501142347,41.82341266584439,0.005005893436125548,0.0013501280548058735,-0.00010742063501142347,-0.02062593400478363,0.00037123251240700483,0.013560906052589417,0.0,0.0,0.0,0.9945469767094016,-0.10428955421416365,0.0,0.10428955421416365,0.9945469767094016,0.0,0.0,0.0,1.0,0.0,0.0,0.0
11,1774977958467309391,0.11008049,110,10.091021,0.46394599849008955,41.8202727894451,0.6745205288620177,-0.6745205288620177,-0.020030567422509193,0.011336238123476505,0.027023285627365112,0.0034759598784148693,0.017400873824954033,0.032729621976614,0.994536059365983,-0.1043933228388847,0.0006290674935727266,0.10439334304231229,0.9945362561950203,7.226095460315801e-07,-0.0006257057705667066,6.495169215618886e-05,0.9999998021367936,0.0007509803981520236,-2.8506183298304677e-05,0.0005349966231733561,-0.020030567422509193,0.011336238123476505,0.027023285627365112,0.0034759598784148693,0.017400873824954033,0.032729621976614,0.994536059365983,-0.1043933228388847,0.0006290674935727266,0.10439334304231229,0.9945362561950203,7.226095460315801e-07,-0.0006257057705667066,6.495169215618886e-05,0.9999998021367936,0.0007509803981520236,-2.8506183298304677e-05,0.0005349966231733561,41.8202727894451,0.0049004110862271326,0.0013107059541039277,2.6232450443384533e-06,41.8202727894451,0.0049004110862271326,0.0013107059541039277,2.6232450443384533e-06,-0.02062593400478363,0.00037123251240700483,0.013560906052589417,0.0,0.0,0.0,0.9945469767094016,-0.10428955421416365,0.0,0.10428955421416365,0.9945469767094016,0.0,0.0,0.0,1.0,0.0,0.0,0.0
12,1774977958477217048,0.119988147,119,9.907657,0.4551880010694731,41.816280397653124,0.6744561354460181,-0.6744561354460181,-0.019966673105955124,0.011593321338295937,0.02716812491416931,0.0034949041437357664,0.0175531767308712,0.03271670266985893,0.9945361938752864,-0.10439065894186594,0.0006233741597656776,0.1043906884268353,0.9945363860344731,-1.4861457282225668e-05,-0.0006184168759712557,7.985470236666382e-05,0.9999998055918816,-0.0014702065382152796,0.00030251892167143524,0.0003904423210769892,-0.019966673105955124,0.011593321338295937,0.02716812491416931,0.0034949041437357664,0.0175531767308712,0.03271670266985893,0.9945361938752864,-0.10439065894186594,0.0006233741597656776,0.1043906884268353,0.9945363860344731,-1.4861457282225668e-05,-0.0006184168759712557,7.985470236666382e-05,0.9999998055918816,-0.0014702065382152796,0.00030251892167143524,0.0003904423210769892,41.816280397653124,0.005561044613386069,0.0012083601035672471,2.2172916895221874e-05,41.816280397653124,0.005561044613386069,0.0012083601035672471,2.2172916895221874e-05,-0.02062593400478363,0.00037123251240700483,0.013560906052589417,0.0,0.0,0.0,0.9945469767094016,-0.10428955421416365,0.0,0.10428955421416365,0.9945469767094016,0.0,0.0,0.0,1.0,0.0,0.0,0.0
13,1774977958487202100,0.129973199,129,9.985052,0.44449100096244365,41.811799127937256,0.6743838569022138,-0.6743838569022138,-0.019901879131793976,0.011849669739603996,0.027313977479934692,0.003591595683246851,0.01775374263525009,0.03273850306868553,0.994536072149231,-0.10439136271614613,0.0006181719589133817,0.104391399016176,0.9945362600996216,-2.6661329929731845e-05,-0.0006120112321022515,9.10475100214924e-05,0.9999998085762776,-0.0007677220273762941,-0.00015538567095063627,0.0005433630431070924,-0.019901879131793976,0.011849669739603996,0.027313977479934692,0.003591595683246851,0.01775374263525009,0.03273850306868553,0.994536072149231,-0.10439136271614613,0.0006181719589133817,0.104391399016176,0.9945362600996216,-2.6661329929731845e-05,-0.0006120112321022515,9.10475100214924e-05,0.9999998085762776,-0.0007677220273762941,-0.00015538567095063627,0.0005433630431070924,41.811799127937256,0.005492924715598763,0.0012892835620752644,-2.0307240243832879e-07,41.811799127937256,0.005492924715598763,0.0012892835620752644,-2.0307240243832879e-07,-0.02062593400478363,0.00037123251240700483,0.013560906052589417,0.0,0.0,0.0,0.9945469767094016,-0.10428955421416365,0.0,0.10428955421416365,0.9945469767094016,0.0,0.0,0.0,1.0,0.0,0.0,0.0
14,1774977958497289743,0.140060842,140,10.087643,0.4615090001607314,41.80649111086429,0.6742982437236177,-0.6742982437236177,-0.019753970205783844,0.01236353162676096,0.027558863162994385,0.0036652034614235163,0.018091103062033653,0.03264065459370613,0.9945362439762603,-0.10439153292017478,0.0006094159150552142,0.10439157834954971,0.9945364249865024,-4.313187050627998e-05,-0.0006015836465187718,0.0001065139991603542,0.9999998133759503,-0.0004919818602502346,-0.0004254597006365657,-0.0004761189338751137,-0.019753970205783844,0.01236353162676096,0.027558863162994385,0.0036652034614235163,0.018091103062033653,0.03264065459370613,0.9945362439762603,-0.10439153292017478,0.0006094159150552142,0.10439157834954971,0.9945364249865024,-4.313187050627998e-05,-0.0006015836465187718,0.0001065139991603542,0.9999998133759503,-0.0004919818602502346,-0.0004254597006365657,-0.0004761189338751137,41.80649111086429,0.005605419399279389,0.001314814559768218,0.00015282762523837962,41.80649111086429,0.005605419399279389,0.001314814559768218,0.00015282762523837962,-0.02062593400478363,0.00037123251240700483,0.013560906052589417,0.0,0.0,0.0,0.9945469767094016,-0.10428955421416365,0.0,0.10428955421416365,0.9945469767094016,0.0,0.0,0.0,1.0,0.0,0.0,0.0
15,1774977958507188651,0.14995975,149,9.898908,0.5582139965554234,41.80325430361416,0.6742460371550671,-0.6742460371550671,-0.01967945508658886,0.012619254179298878,0.027682870626449585,0.0037216641940176487,0.01827297918498516,0.032605934888124466,0.9945362308979719,-0.10439188080435713,0.0005963644447510852,0.10439193185564677,0.9945364028184036,-5.50423260747418e-05,-0.0005873600969742987,0.00011699711579919725,0.9999998206599068,-0.0010741427540779114,0.0016792543465271592,7.82803981564939e-05,-0.01967945508658886,0.012619254179298878,0.027682870626449585,0.0037216641940176487,0.01827297918498516,0.032605934888124466,0.9945362308979719,-0.10439188080435713,0.0005963644447510852,0.10439193185564677,0.9945364028184036,-5.50423260747418e-05,-0.0005873600969742987,0.00011699711579919725,0.9999998206599068,-0.0010741427540779114,0.0016792543465271592,7.82803981564939e-05,41.80325430361416,0.00585394193562786,0.0007421263748324754,6.994037473776881e-05,41.80325430361416,0.00585394193562786,0.0007421263748324754,6.994037473776881e-05,-0.02062593400478363,0.00037123251240700483,0.013560906052589417,0.0,0.0,0.0,0.9945469767094016,-0.10428955421416365,0.0,0.10428955421416365,0.9945469767094016,0.0,0.0,0.0,1.0,0.0,0.0,0.0
16,1774977958517208747,0.159979846,159,10.020096,0.36859399915556423,41.79985431394101,0.6741911986119518,-0.6741911986119518,-0.019604500383138657,0.012874391861259937,0.027820289134979248,0.0037704366259276867,0.018450366333127022,0.0325578972697258,0.9945360743255461,-0.10439329322991897,0.0005906943032582285,0.10439335161488783,0.9945362412354571,-6.880328068246087e-05,-0.0005802842188408746,0.00013009180104306926,0.9999998231731837,-0.001006067730486393,-8.270159742096439e-05,0.00016345246694982052,-0.019604500383138657,0.012874391861259937,0.027820289134979248,0.0037704366259276867,0.018450366333127022,0.0325578972697258,0.9945360743255461,-0.10439329322991897,0.0005906943032582285,0.10439335161488783,0.9945362412354571,-6.880328068246087e-05,-0.0005802842188408746,0.00013009180104306926,0.9999998231731837,-0.001006067730486393,-8.270159742096439e-05,0.00016345246694982052,41.79985431394101,0.0059433993594266415,0.0011559707968212846,5.830058718119271e-05,41.79985431394101,0.0059433993594266415,0.0011559707968212846,5.830058718119271e-05,-0.02062593400478363,0.00037123251240700483,0.013560906052589417,0.0,0.0,0.0,0.9945469767094016,-0.10428955421416365,0.0,0.10428955421416365,0.9945469767094016,0.0,0.0,0.0,1.0,0.0,0.0,0.0
17,1774977958527220791,0.16999189,169,10.012044,0.5513289979717229,41.794338375615084,0.6741022318647594,-0.6741022318647594,-0.01944591850042343,0.013382578268647194,0.02807024121284485,0.0038288277573883533,0.01875947043299675,0.0324651338160038,0.994534831077679,-0.10440409620713065,0.0005827390797163018,0.10440415935057135,0.9945349920427379,-7.892545327231604e-05,-0.00057131424641782,0.00013933446825133144,0.9999998270929606,-0.0008229101076722145,-0.000430639716796577,-0.0011121920542791486,-0.01944591850042343,0.013382578268647194,0.02807024121284485,0.0038288277573883533,0.01875947043299675,0.0324651338160038,0.994534831077679,-0.10440409620713065,0.0005827390797163018,0.10440415935057135,0.9945349920427379,-7.892545327231604e-05,-0.00057131424641782,0.00013933446825133144,0.9999998270929606,-0.0008229101076722145,-0.000430639716796577,-0.0011121920542791486,41.794338375615084,0.006056540043260148,0.0012040389974657458,0.0002583330374166189,41.794338375615084,0.006056540043260148,0.0012040389974657458,0.0002583330374166189,-0.02062593400478363,0.00037123251240700483,0.013560906052589417,0.0,0.0,0.0,0.9945469767094016,-0.10428955421416365,0.0,0.10428955421416365,0.9945469767094016,0.0,0.0,0.0,1.0,0.0,0.0,0.0
18,1774977958537301496,0.180072595,180,10.080705,0.5686629992851522,41.79132618173798,0.6740536480925481,-0.6740536480925481,-0.019362377002835274,0.013635409995913506,0.028183341026306152,0.00392781151458621,0.018913382664322853,0.032430097460746765,0.9945345390000866,-0.1044063976389169,0.0005866666892847053,0.10440646753673466,0.994534700649409,-8.972483165581996e-05,-0.0005740925361010299,0.00015048624430501895,0.9999998238858088,-0.0005744424997828901,-0.0009482799796387553,0.0006678883219137788,-0.019362377002835274,0.013635409995913506,0.028183341026306152,0.00392781151458621,0.018913382664322853,0.032430097460746765,0.9945345390000866,-0.1044063976389169,0.0005866666892847053,0.10440646753673466,0.994534700649409,-8.972483165581996e-05,-0.0005740925361010299,0.00015048624430501895,0.9999998238858088,-0.0005744424997828901,-0.0009482799796387553,0.0006678883219137788,41.79132618173798,0.006089482881675448,0.0013188478011704914,-6.841877439838982e-06,41.79132618173798,0.006089482881675448,0.0013188478011704914,-6.841877439838982e-06,-0.02062593400478363,0.00037123251240700483,0.013560906052589417,0.0,0.0,0.0,0.9945469767094016,-0.10428955421416365,0.0,0.10428955421416365,0.9945469767094016,0.0,0.0,0.0,1.0,0.0,0.0,0.0
19,1774977958547267659,0.190038758,190,9.966163,0.4823380004381761,41.7889840389235,0.6740158715955403,-0.6740158715955403,-0.01927846670150757,0.01388773787766695,0.028297603130340576,0.0039511192589998245,0.019131304696202278,0.032341767102479935,0.9945347171837301,-0.10440462495662439,0.0005813306677173169,0.10440469364548166,0.9945348758910296,-8.900902296405527e-05,-0.0005688606769044743,0.00014921622455169037,0.9999998270660068,0.0009210185962729156,0.00013175288040656596,0.00027900442364625633,-0.01927846670150757,0.01388773787766695,0.028297603130340576,0.0039511192589998245,0.019131304696202278,0.032341767102479935,0.9945347171837301,-0.10440462495662439,0.0005813306677173169,0.10440469364548166,0.9945348758910296,-8.900902296405527e-05,-0.0005688606769044743,0.00014921622455169037,0.9999998270660068,0.0009210185962729156,0.00013175288040656596,0.00027900442364625633,41.7889840389235,0.005793418825927189,0.0010279303478732643,5.0056674740621486e-05,41.7889840389235,0.005793418825927189,0.0010279303478732643,5.0056674740621486e-05,-0.02062593400478363,0.00037123251240700483,0.013560906052589417,0.0,0.0,0.0,0.9945469767094016,-0.10428955421416365,0.0,0.10428955421416365,0.9945469767094016,0.0,0.0,0.0,1.0,0.0,0.0,0.0
20,1774977958557176502,0.199947601,199,9.908843,0.6924799999978859,41.785766435211656,0.6739639747614783,-0.6739639747614783,-0.019194360822439194,0.014139682054519653,0.02841317653656006,0.004004466813057661,0.019305018708109856,0.03231814131140709,0.9945347086675442,-0.10440480177157929,0.0005804738332448219,0.10440487073535643,0.9945348667817908,-8.971805341039321e-05,-0.0005679344737950127,0.00014983201815656558,0.999999827500384,0.00030355656053870916,-0.00017902407853398472,0.00025566399563103914,-0.019194360822439194,0.014139682054519653,0.02841317653656006,0.004004466813057661,0.019305018708109856,0.03231814131140709,0.9945347086675442,-0.10440480177157929,0.0005804738332448219,0.10440487073535643,0.9945348667817908,-8.971805341039321e-05,-0.0005679344737950127,0.00014983201815656558,0.999999827500384,0.00030355656053870916,-0.00017902407853398472,0.00025566399563103914,41.785766435211656,0.006020713403455715,0.0010887602884440146,5.368542380449707e-05,41.785766435211656,0.006020713403455715,0.0010887602884440146,5.368542380449707e-05,-0.02062593400478363,0.00037123251240700483,0.013560906052589417,0.0,0.0,0.0,0.9945469767094016,-0.10428955421416365,0.0,0.10428955421416365,0.9945469767094016,0.0,0.0,0.0,1.0,0.0,0.0,0.0
21,1774977958567202441,0.20997354,209,10.025939,0.4406590014696121,41.78175958751462,0.6738993481857197,-0.6738993481857197,-0.019022464752197266,0.014655043371021748,0.02860274910926819,0.004102620761841536,0.01966485008597374,0.03221796825528145,0.9945344896027588,-0.10440745680715247,0.0005762683700915195,0.10440752899608996,0.9945346442919718,-9.655863608293985e-05,-0.0005630373956927448,0.00015619761720866814,0.9999998292955908,-2.9411174182314426e-05,0.0005963372532278299,4.255080784787424e-05,-0.019022464752197266,0.014655043371021748,0.02860274910926819,0.004102620761841536,0.01966485008597374,0.03221796825528145,0.9945344896027588,-0.10440745680715247,0.0005762683700915195,0.10440752899608996,0.9945346442919718,-9.655863608293985e-05,-0.0005630373956927448,0.00015619761720866814,0.9999998292955908,-2.9411174182314426e-05,0.0005963372532278299,4.255080784787424e-05,41.78175958751462,0.0062669762244618845,0.0008566840295549916,8.775976061011417e-05,41.78175958751462,0.0062669762244618845,0.0008566840295549916,8.775976061011417e-05,-0.02062593400478363,0.00037123251240700483,0.013560906052589417,0.0,0.0,0.0,0.9945469767094016,-0.10428955421416365,0.0,0.10428955421416365,0.9945469767094016,0.0,0.0,0.0,1.0,0.0,0.0,0.0
22,1774977958577189510,0.219960609,219,9.987069,0.4233129984640982,41.778542200842544,0.6738474548522991,-0.6738474548522991,-0.018936116248369217,0.014911768026649952,0.028696507215499878,0.004157709423452616,0.01983346976339817,0.03223269060254097,0.9945340680237399,-0.10441241485062136,0.0005694407460956445,0.10441248912568213,0.9945342179947824,-0.0001022235581955265,-0.0005556548392003473,0.00016112144127134256,0.9999998326437983,-0.0007045798120088875,0.0005387294222600758,-0.0007165719289332628,-0.018936116248369217,0.014911768026649952,0.028696507215499878,0.004157709423452616,0.01983346976339817,0.03223269060254097,0.9945340680237399,-0.10441241485062136,0.0005694407460956445,0.10441248912568213,0.9945342179947824,-0.0001022235581955265,-0.0005556548392003473,0.00016112144127134256,0.9999998326437983,-0.0007045798120088875,0.0005387294222600758,-0.0007165719289332628,41.778542200842544,0.006520734969239026,0.0008385690348488908,0.00020559973878474133,41.778542200842544,0.006520734969239026,0.0008385690348488908,0.00020559973878474133,-0.02062593400478363,0.00037123251240700483,0.013560906052589417,0.0,0.0,0.0,0.9945469767094016,-0.10428955421416365,0.0,0.10428955421416365,0.9945469767094016,0.0,0.0,0.0,1.0,0.0,0.0,0.0
23,1774977958587157445,0.229928544,229,9.967935,0.3547589985828381,41.7759632349569,0.6738058586283371,-0.6738058586283371,-0.01884973607957363,0.015167754143476486,0.028792381286621094,0.004184517078101635,0.019985804334282875,0.03219427913427353,0.9945336377954017,-0.10441577888349962,0.0005586257217297594,0.10441585147642996,0.9945337817991462,-0.000102322277416491,-0.0005448880665740244,0.0001600922869441669,0.9999998387337233,0.0007494151359423995,0.000793208135291934,-6.276541535044089e-05,-0.01884973607957363,0.015167754143476486,0.028792381286621094,0.004184517078101635,0.019985804334282875,0.03219427913427353,0.9945336377954017,-0.10441577888349962,0.0005586257217297594,0.10441585147642996,0.9945337817991462,-0.000102322277416491,-0.0005448880665740244,0.0001600922869441669,0.9999998387337233,0.0007494151359423995,0.000793208135291934,-6.276541535044089e-05,41.7759632349569,0.006224168732532907,0.0007380009786425811,0.00011024178538332748,41.7759632349569,0.006224168732532907,0.0007380009786425811,0.00011024178538332748,-0.02062593400478363,0.00037123251240700483,0.013560906052589417,0.0,0.0,0.0,0.9945469767094016,-0.10428955421416365,0.0,0.10428955421416365,0.9945469767094016,0.0,0.0,0.0,1.0,0.0,0.0,0.0
24,1774977958597346726,0.240117825,240,10.189281,0.6935300007171463,41.77376049787528,0.6737703306108916,-0.6737703306108916,-0.018766915425658226,0.015431403182446957,0.02886715531349182,0.00417481129989028,0.02019505389034748,0.03216395154595375,0.9945328988657979,-0.10442357126706403,0.0005481610335063038,0.10442364485516542,0.9945330364161732,-0.00010730843580897959,-0.000533958674920839,0.0001639626558922816,0.9999998440021973,-0.0005600433214567602,0.0007186970906332135,-0.0005088616162538528,-0.018766915425658226,0.015431403182446957,0.02886715531349182,0.00417481129989028,0.02019505389034748,0.03216395154595375,0.9945328988657979,-0.10442357126706403,0.0005481610335063038,0.10442364485516542,0.9945330364161732,-0.00010730843580897959,-0.000533958674920839,0.0001639626558922816,0.9999998440021973,-0.0005600433214567602,0.0007186970906332135,-0.0005088616162538528,41.77376049787528,0.006642516927954759,0.0007298657569329004,0.00018341641217524258,41.77376049787528,0.006642516927954759,0.0007298657569329004,0.00018341641217524258,-0.02062593400478363,0.00037123251240700483,0.013560906052589417,0.0,0.0,0.0,0.9945469767094016,-0.10428955421416365,0.0,0.10428955421416365,0.9945469767094016,0.0,0.0,0.0,1.0,0.0,0.0,0.0
25,1774977958607128814,0.249899913,249,9.782088,0.8795569992798846,41.76968709645791,0.6737046305880308,-0.6737046305880308,-0.01860123500227928,0.01595701090991497,0.02902427315711975,0.004258652217686176,0.020540473982691765,0.03212812542915344,0.994532121053645,-0.1044303016134065,0.0005524143404239019,0.10443038348968092,0.9945322584629607,-0.00012142859404085625,-0.0005367130319093531,0.00017845343464159905,0.9999998400467434,-0.00029456947231665254,0.00028130109421908855,0.0003406574542168528,-0.01860123500227928,0.01595701090991497,0.02902427315711975,0.004258652217686176,0.020540473982691765,0.03212812542915344,0.994532121053645,-0.1044303016134065,0.0005524143404239019,0.10443038348968092,0.9945322584629607,-0.00012142859404085625,-0.0005367130319093531,0.00017845343464159905,0.9999998400467434,-0.00029456947231665254,0.00028130109421908855,0.0003406574542168528,41.76968709645791,0.0067554314752221335,0.0008257291947058544,6.137986257213966e-05,41.76968709645791,0.0067554314752221335,0.0008257291947058544,6.137986257213966e-05,-0.02062593400478363,0.00037123251240700483,0.013560906052589417,0.0,0.0,0.0,0.9945469767094016,-0.10428955421416365,0.0,0.10428955421416365,0.9945469767094016,0.0,0.0,0.0,1.0,0.0,0.0,0.0
26,1774977958617343965,0.260115064,260,10.215151,0.5819299985887483,41.76756498707619,0.6736704030173579,-0.6736704030173579,-0.018518052995204926,0.016219044104218483,0.029106587171554565,0.004321086220443249,0.020721344277262688,0.032076578587293625,0.9945316440457883,-0.10443455185340267,0.0005553006010069229,0.10443464059611896,0.9945317808327634,-0.00013321101693979445,-0.0005383522490069008,0.00019047516505307435,0.999999836948026,-0.0010256158420816064,-0.0008193679386749864,-0.00044586797594092786,-0.018518052995204926,0.016219044104218483,0.029106587171554565,0.004321086220443249,0.020721344277262688,0.032076578587293625,0.9945316440457883,-0.10443455185340267,0.0005553006010069229,0.10443464059611896,0.9945317808327634,-0.00013321101693979445,-0.0005383522490069008,0.00019047516505307435,0.999999836948026,-0.0010256158420816064,-0.0008193679386749864,-0.00044586797594092786,41.76756498707619,0.00704170364753321,0.0010918928902566285,0.0001827654088736425,41.76756498707619,0.00704170364753321,0.0010918928902566285,0.0001827654088736425,-0.02062593400478363,0.00037123251240700483,0.013560906052589417,0.0,0.0,0.0,0.9945469767094016,-0.10428955421416365,0.0,0.10428955421416365,0.9945469767094016,0.0,0.0,0.0,1.0,0.0,0.0,0.0
27,1774977958627400563,0.270171662,270,10.056598,0.44668500049738213,41.766585806614785,0.6736546097841094,-0.6736546097841094,-0.018432214856147766,0.01648889295756817,0.029150962829589844,0.00429996382445097,0.020906416699290276,0.03200767934322357,0.9945315383735038,-0.10443490545002088,0.0005542671724354797,0.10443499548809809,0.9945316740720256,-0.00013598864439628294,-0.0005370343090117594,0.00019312990651015882,0.9999998371474772,0.00011462945258244872,-6.310234311968088e-06,-8.31767320050858e-05,-0.018432214856147766,0.01648889295756817,0.029150962829589844,0.00429996382445097,0.020906416699290276,0.03200767934322357,0.9945315383735038,-0.10443490545002088,0.0005542671724354797,0.10443499548809809,0.9945316740720256,-0.00013598864439628294,-0.0005370343090117594,0.00019312990651015882,0.9999998371474772,0.00011462945258244872,-6.310234311968088e-06,-8.31767320050858e-05,41.766585806614785,0.006837533904274028,0.000887008921553062,0.00012864265380419792,41.766585806614785,0.006837533904274028,0.000887008921553062,0.00012864265380419792,-0.02062593400478363,0.00037123251240700483,0.013560906052589417,0.0,0.0,0.0,0.9945469767094016,-0.10428955421416365,0.0,0.10428955421416365,0.9945469767094016,0.0,0.0,0.0,1.0,0.0,0.0,0.0
28,1774977958637242488,0.280013587,280,9.841925,0.6468069987022318,41.765027702899204,0.6736294790790194,-0.6736294790790194,-0.018347041681408882,0.016758209094405174,0.029199451208114624,0.0042679086327552795,0.021083014085888863,0.03197683021426201,0.9945312914275479,-0.10443809368924684,0.0005548452872349788,0.10443818643573444,0.9945314264913645,-0.00014082030667484334,-0.0005371040503599645,0.00019799719853014035,0.9999998361581692,0.00033271650318056345,-0.0007068028207868338,0.00023819996567908674,-0.018347041681408882,0.016758209094405174,0.029199451208114624,0.0042679086327552795,0.021083014085888863,0.03197683021426201,0.9945312914275479,-0.10443809368924684,0.0005548452872349788,0.10443818643573444,0.9945314264913645,-0.00014082030667484334,-0.0005371040503599645,0.00019799719853014035,0.9999998361581692,0.00033271650318056345,-0.0007068028207868338,0.00023819996567908674,41.765027702899204,0.006867080257920571,0.0010666665687326347,8.298561460128301e-05,41.765027702899204,0.006867080257920571,0.0010666665687326347,8.298561460128301e-05,-0.02062593400478363,0.00037123251240700483,0.013560906052589417,0.0,0.0,0.0,0.9945469767094016,-0.10428955421416365,0.0,0.10428955421416365,0.9945469767094016,0.0,0.0,0.0,1.0,0.0,0.0,0.0
29,1774977958647293032,0.290064131,290,10.050544,0.40547399839852005,41.76268146264794,0.6735916364943216,-0.6735916364943216,-0.01817689836025238,0.01729503460228443,0.029305636882781982,0.004333677235990763,0.021433236077427864,0.03189896419644356,0.9945311227335454,-0.10443968760853761,0.0005609592917317583,0.1044397862938784,0.9945312593322084,-0.00014952836957850615,-0.0005422748338103529,0.000207297045094609,0.9999998314829646,-0.0009850843343883753,0.000183954369276762,0.00011421077942941338,-0.01817689836025238,0.01729503460228443,0.029305636882781982,0.004333677235990763,0.021433236077427864,0.03189896419644356,0.9945311227335454,-0.10443968760853761,0.0005609592917317583,0.1044397862938784,0.9945312593322084,-0.00014952836957850615,-0.0005422748338103529,0.000207297045094609,0.9999998314829646,-0.0009850843343883753,0.000183954369276762,0.00011421077942941338,41.76268146264794,0.007364161479225087,0.0008385472423414397,0.00010283433975037823,41.76268146264794,0.007364161479225087,0.0008385472423414397,0.00010283433975037823,-0.02062593400478363,0.00037123251240700483,0.013560906052589417,0.0,0.0,0.0,0.9945469767094016,-0.10428955421416365,0.0,0.10428955421416365,0.9945469767094016,0.0,0.0,0.0,1.0,0.0,0.0,0.0
30,1774977958657185919,0.299957018,299,9.892887,0.7603310004924424,41.76367003438998,0.6736075811998384,-0.6736075811998384,-0.018083933740854263,0.017565686255693436,0.029318392276763916,0.004395341034978628,0.02158050611615181,0.031737230718135834,0.9945312391744041,-0.10443915424395356,0.0005586661889911831,0.10443925648541974,0.9945313729575984,-0.0001569991962669659,-0.0005392141480687201,0.00021448720445035874,0.9999998316216745,-0.00021730124717578292,0.00022378397989086807,0.0005442911642603576,-0.018083933740854263,0.017565686255693436,0.029318392276763916,0.004395341034978628,0.02158050611615181,0.031737230718135834,0.9945312391744041,-0.10443915424395356,0.0005586661889911831,0.10443925648541974,0.9945313729575984,-0.0001569991962669659,-0.0005392141480687201,0.00021448720445035874,0.9999998316216745,-0.00021730124717578292,0.00022378397989086807,0.0005442911642603576,41.76367003438998,0.007258740191298404,0.0008049742557718772,3.787534873427257e-05,41.76367003438998,0.007258740191298404,0.0008049742557718772,3.787534873427257e-05,-0.02062593400478363,0.00037123251240700483,0.013560906052589417,0.0,0.0,0.0,0.9945469767094016,-0.10428955421416365,0.0,0.10428955421416365,0.9945469767094016,0.0,0.0,0.0,1.0,0.0,0.0,0.0
