step,timestamp_ns,experiment_time_s,reference_index,tick_dt_ms,solver_ms,px4_collective_command_newton,px4_collective_normalized,px4_thrust_body_z,state_raw_0,state_raw_1,state_raw_2,state_raw_3,state_raw_4,state_raw_5,state_raw_6,state_raw_7,state_raw_8,state_raw_9,state_raw_10,state_raw_11,state_raw_12,state_raw_13,state_raw_14,state_raw_15,state_raw_16,state_raw_17,state_used_0,state_used_1,state_used_2,state_used_3,state_used_4,state_used_5,state_used_6,state_used_7,state_used_8,state_used_9,state_used_10,state_used_11,state_used_12,state_used_13,state_used_14,state_used_15,state_used_16,state_used_17,control_raw_0,control_raw_1,control_raw_2,control_raw_3,control_used_0,control_used_1,control_used_2,control_used_3,reference_0,reference_1,reference_2,reference_3,reference_4,reference_5,reference_6,reference_7,reference_8,reference_9,reference_10,reference_11,reference_12,reference_13,reference_14,reference_15,reference_16,reference_17
0,1774889943571230702,0.0,0,0.0,0.5049330002293573,42.43395534726535,0.6844186346333122,-0.6844186346333122,-0.02087622880935669,0.00741011556237936,0.014883473515510559,-0.002429146319627762,-0.004566037096083164,0.007656071800738573,0.9945528491588402,-0.10423416414176834,-3.377920334885799e-05,0.10423415247771639,0.9945528192493884,-0.0002511288088272428,5.97713848362897e-05,0.0002462399130048285,0.9999999678966448,-0.00011421164526836947,0.0007063465309329331,-0.0005558102857321501,-0.02087622880935669,0.00741011556237936,0.014883473515510559,-0.002429146319627762,-0.004566037096083164,0.007656071800738573,0.9945528491588402,-0.10423416414176834,-3.377920334885799e-05,0.10423415247771639,0.9945528192493884,-0.0002511288088272428,5.97713848362897e-05,0.0002462399130048285,0.9999999678966448,-0.00011421164526836947,0.0007063465309329331,-0.0005558102857321501,42.43395534726535,-0.0002175446465050697,-6.573302979616395e-05,0.00019565878287623642,42.43395534726535,-0.0002175446465050697,-6.573302979616395e-05,0.00019565878287623642,-0.02253114990890026,0.006743633188307285,0.013137593865394592,0.0,0.0,0.0,0.994567485158576,-0.10409455592490957,0.00010746576579964782,0.10409458146086004,0.9945674520855836,-0.0002683639913672979,-7.894673700900925e-05,0.00027809267411624174,0.999999958215941,0.0,0.0,0.0
1,1774889943581377354,0.010146652,10,10.146652,0.5310979995556409,42.43133224287964,0.6843763264980587,-0.6843763264980587,-0.02079540118575096,0.007442987523972988,0.014976069331169128,-0.0023007101844996214,-0.004573790822178125,0.007680314127355814,0.9945527513875783,-0.10423611388758136,-4.6318705249615705e-05,0.10423609948562462,0.9945527234570568,-0.0002463829921935338,7.174835040766811e-05,0.0002402127713341199,0.9999999685750037,0.00014599300629924983,0.00044874969171360135,-5.314061127137393e-06,-0.02079540118575096,0.007442987523972988,0.014976069331169128,-0.0023007101844996214,-0.004573790822178125,0.007680314127355814,0.9945527513875783,-0.10423611388758136,-4.6318705249615705e-05,0.10423609948562462,0.9945527234570568,-0.0002463829921935338,7.174835040766811e-05,0.0002402127713341199,0.9999999685750037,0.00014599300629924983,0.00044874969171360135,-5.314061127137393e-06,42.43133224287964,-0.00028808046888674195,-6.880353745303459e-05,0.00011464180234357517,42.43133224287964,-0.00028808046888674195,-6.880353745303459e-05,0.00011464180234357517,-0.02253114990890026,0.006743633188307285,0.013137593865394592,0.0,0.0,0.0,0.994567485158576,-0.10409455592490957,0.00010746576579964782,0.10409458146086004,0.9945674520855836,-0.0002683639913672979,-7.894673700900925e-05,0.00027809267411624174,0.999999958215941,0.0,0.0,0.0
2,1774889943591283129,0.020052427,20,9.905775,0.6478760005848017,42.42661332976937,0.6843002149962801,-0.6843002149962801,-0.02063532918691635,0.00750131718814373,0.015162155032157898,-0.0021004604641348124,-0.004619145765900612,0.007693561725318432,0.9945528818912528,-0.10423345549452279,-5.1133940411120585e-05,0.10423344077557029,0.9945528569028845,-0.00023534570378693203,7.538629532334324e-05,0.00022873387731238252,0.9999999709988602,-3.988921162090264e-05,-0.00023798049369361252,-0.00017744206706993282,-0.02063532918691635,0.00750131718814373,0.015162155032157898,-0.0021004604641348124,-0.004619145765900612,0.007693561725318432,0.9945528818912528,-0.10423345549452279,-5.1133940411120585e-05,0.10423344077557029,0.9945528569028845,-0.00023534570378693203,7.538629532334324e-05,0.00022873387731238252,0.9999999709988602,-3.988921162090264e-05,-0.00023798049369361252,-0.00017744206706993282,42.42661332976937,-0.0002647088895453734,2.95697425156435e-05,0.0001383348128305341,42.42661332976937,-0.0002647088895453734,2.95697425156435e-05,0.0001383348128305341,-0.02253114990890026,0.006743633188307285,0.013137593865394592,0.0,0.0,0.0,0.994567485158576,-0.10409455592490957,0.00010746576579964782,0.10409458146086004,0.9945674520855836,-0.0002683639913672979,-7.894673700900925e-05,0.00027809267411624174,0.999999958215941,0.0,0.0,0.0
3,1774889943601347224,0.030116522,30,10.064095,0.5183390003367094,42.42306397475428,0.6842429673347464,-0.6842429673347464,-0.020556220784783363,0.007526821456849575,0.01525600254535675,-0.002016256796196103,-0.004637925419956446,0.007785584777593613,0.9945528816406385,-0.10423345587662025,-5.488349136295069e-05,0.1042334403741596,0.9945528571534988,-0.00023441727026271997,7.901864814439507e-05,0.00022741967255944344,0.9999999710181732,0.00019602238899096847,-0.00010327118070563301,0.001145219779573381,-0.020556220784783363,0.007526821456849575,0.01525600254535675,-0.002016256796196103,-0.004637925419956446,0.007785584777593613,0.9945528816406385,-0.10423345587662025,-5.488349136295069e-05,0.1042334403741596,0.9945528571534988,-0.00023441727026271997,7.901864814439507e-05,0.00022741967255944344,0.9999999710181732,0.00019602238899096847,-0.00010327118070563301,0.001145219779573381,42.42306397475428,-0.00032381874159351004,-4.074179669105231e-05,-6.006456619084715e-05,42.42306397475428,-0.00032381874159351004,-4.074179669105231e-05,-6.006456619084715e-05,-0.02253114990890026,0.006743633188307285,0.013137593865394592,0.0,0.0,0.0,0.994567485158576,-0.10409455592490957,0.00010746576579964782,0.10409458146086004,0.9945674520855836,-0.0002683639913672979,-7.894673700900925e-05,0.00027809267411624174,0.999999958215941,0.0,0.0,0.0
4,1774889943611284647,0.040053945,40,9.937423,0.41550700007064734,42.41964248971324,0.684187782092149,-0.684187782092149,-0.020447421818971634,0.007616344839334488,0.015378639101982117,-0.0018862526630982757,-0.004511364735662937,0.007814615033566952,0.9945521580164632,-0.10424089782455326,-6.0250904481176995e-05,0.10424088077352334,0.9945521330770907,-0.00023831074458211497,8.476436764093785e-05,0.00023073184533677592,0.9999999697889106,0.00013737294648308307,0.0005376145709306002,-0.00045613633119501173,-0.020447421818971634,0.007616344839334488,0.015378639101982117,-0.0018862526630982757,-0.004511364735662937,0.007814615033566952,0.9945521580164632,-0.10424089782455326,-6.0250904481176995e-05,0.10424088077352334,0.9945521330770907,-0.00023831074458211497,8.476436764093785e-05,0.00023073184533677592,0.9999999697889106,0.00013737294648308307,0.0005376145709306002,-0.00045613633119501173,42.41964248971324,-0.0002581372146991485,-0.00025077139976800673,0.0001861203683509413,42.41964248971324,-0.0002581372146991485,-0.00025077139976800673,0.0001861203683509413,-0.02253114990890026,0.006743633188307285,0.013137593865394592,0.0,0.0,0.0,0.994567485158576,-0.10409455592490957,0.00010746576579964782,0.10409458146086004,0.9945674520855836,-0.0002683639913672979,-7.894673700900925e-05,0.00027809267411624174,0.999999958215941,0.0,0.0,0.0
5,1774889943621287371,0.050056669,50,10.002724,0.37665000036213314,42.417536509080385,0.6841538146625868,-0.6841538146625868,-0.02039375528693199,0.007657751906663179,0.015440627932548523,-0.0018171909032389522,-0.004521557595580816,0.007853500545024872,0.9945514693516486,-0.10424763000882797,-6.125669699914502e-05,0.10424761268240501,0.9945514443818695,-0.0002388143984910088,8.581874253089147e-05,0.00023112733132255037,0.9999999696076524,-0.0007863615173846483,-0.00022276552044786513,-0.0002127750194631517,-0.02039375528693199,0.007657751906663179,0.015440627932548523,-0.0018171909032389522,-0.004521557595580816,0.007853500545024872,0.9945514693516486,-0.10424763000882797,-6.125669699914502e-05,0.10424761268240501,0.9945514443818695,-0.0002388143984910088,8.581874253089147e-05,0.00023112733132255037,0.9999999696076524,-0.0007863615173846483,-0.00022276552044786513,-0.0002127750194631517,42.417536509080385,-2.059072369250442e-05,-8.37541897813826e-05,0.0001550303723167833,42.417536509080385,-2.059072369250442e-05,-8.37541897813826e-05,0.0001550303723167833,-0.02253114990890026,0.006743633188307285,0.013137593865394592,0.0,0.0,0.0,0.994567485158576,-0.10409455592490957,0.00010746576579964782,0.10409458146086004,0.9945674520855836,-0.0002683639913672979,-7.894673700900925e-05,0.00027809267411624174,0.999999958215941,0.0,0.0,0.0
6,1774889943631377679,0.060146977,60,10.090308,0.8390130005864194,42.41543538529891,0.6841199255693373,-0.6841199255693373,-0.020340722054243088,0.007696547079831362,0.015502974390983582,-0.0017720311880111694,-0.004534829407930374,0.007891025394201279,0.9945506037386791,-0.10425613242202125,-5.792595328236918e-05,0.10425611620373076,0.9945505794308873,-0.00023470786474894152,8.207998907017698e-05,0.00022738969464977579,0.999999970778404,0.001132608507759869,-0.00047214989899657667,-0.0011288116220384836,-0.020340722054243088,0.007696547079831362,0.015502974390983582,-0.0017720311880111694,-0.004534829407930374,0.007891025394201279,0.9945506037386791,-0.10425613242202125,-5.792595328236918e-05,0.10425611620373076,0.9945505794308873,-0.00023470786474894152,8.207998907017698e-05,0.00022738969464977579,0.999999970778404,0.001132608507759869,-0.00047214989899657667,-0.0011288116220384836,42.41543538529891,-0.0005067109710123983,-2.8708673561218567e-05,0.0002992722486626272,42.41543538529891,-0.0005067109710123983,-2.8708673561218567e-05,0.0002992722486626272,-0.02253114990890026,0.006743633188307285,0.013137593865394592,0.0,0.0,0.0,0.994567485158576,-0.10409455592490957,0.00010746576579964782,0.10409458146086004,0.9945674520855836,-0.0002683639913672979,-7.894673700900925e-05,0.00027809267411624174,0.999999958215941,0.0,0.0,0.0
7,1774889943641280554,0.070049852,70,9.902875,0.4045129999212804,42.41531966999578,0.6841180591934803,-0.6841180591934803,-0.020293930545449257,0.007749268319457769,0.015537872910499573,-0.0016850127140060067,-0.0045644305646419525,0.007826419547200203,0.9945499406560998,-0.10426233210251845,-5.8966540535258186e-05,0.10426231617218229,0.9945499178548118,-0.00022837021738887023,8.245554827287279e-05,0.00022097758178592697,0.9999999721849978,3.762597043532878e-05,9.382480493513867e-05,-0.0009163441718555987,-0.020293930545449257,0.007749268319457769,0.015537872910499573,-0.0016850127140060067,-0.0045644305646419525,0.007826419547200203,0.9945499406560998,-0.10426233210251845,-5.8966540535258186e-05,0.10426231617218229,0.9945499178548118,-0.00022837021738887023,8.245554827287279e-05,0.00022097758178592697,0.9999999721849978,3.762597043532878e-05,9.382480493513867e-05,-0.0009163441718555987,42.41531966999578,-0.00024568484783850267,-0.00019646771141994653,0.000272391801593685,42.41531966999578,-0.00024568484783850267,-0.00019646771141994653,0.000272391801593685,-0.02253114990890026,0.006743633188307285,0.013137593865394592,0.0,0.0,0.0,0.994567485158576,-0.10409455592490957,0.00010746576579964782,0.10409458146086004,0.9945674520855836,-0.0002683639913672979,-7.894673700900925e-05,0.00027809267411624174,0.999999958215941,0.0,0.0,0.0
8,1774889943651269741,0.080039039,80,9.989187,0.5015380002078018,42.41314467370052,0.684082978608073,-0.684082978608073,-0.020201165229082108,0.00784618966281414,0.015606090426445007,-0.001550185726955533,-0.004625039175152779,0.007858533412218094,0.9945484297163966,-0.10427668225389852,-6.624397096572504e-05,0.1042766651368634,0.9945484085623867,-0.00022368605088996657,8.920804541655974e-05,0.00021555889609341933,0.9999999727881457,1.4271310647018254e-05,1.1280113540124148e-05,-0.00033412277116440237,-0.020201165229082108,0.00784618966281414,0.015606090426445007,-0.001550185726955533,-0.004625039175152779,0.007858533412218094,0.9945484297163966,-0.10427668225389852,-6.624397096572504e-05,0.1042766651368634,0.9945484085623867,-0.00022368605088996657,8.920804541655974e-05,0.00021555889609341933,0.9999999727881457,1.4271310647018254e-05,1.1280113540124148e-05,-0.00033412277116440237,42.41314467370052,-0.0002474918445101032,-0.00023328120021294155,0.0001966013486924762,42.41314467370052,-0.0002474918445101032,-0.00023328120021294155,0.0001966013486924762,-0.02253114990890026,0.006743633188307285,0.013137593865394592,0.0,0.0,0.0,0.994567485158576,-0.10409455592490957,0.00010746576579964782,0.10409458146086004,0.9945674520855836,-0.0002683639913672979,-7.894673700900925e-05,0.00027809267411624174,0.999999958215941,0.0,0.0,0.0
9,1774889943661263829,0.090033127,90,9.994088,0.41524199968989706,42.412318636587194,0.6840696554288257,-0.6840696554288257,-0.02015579864382744,0.007890426553785801,0.01563940942287445,-0.0015254593454301357,-0.004644231870770454,0.007850886322557926,0.9945483939095805,-0.104277391234042,-7.209697978577401e-05,0.10427737315020047,0.9945483739540766,-0.00022059662155338167,9.470713320031132e-05,0.00021187591381743864,0.9999999730695812,0.00030236245947889984,0.000287726114038378,-0.0006235844921320677,-0.02015579864382744,0.007890426553785801,0.01563940942287445,-0.0015254593454301357,-0.004644231870770454,0.007850886322557926,0.9945483939095805,-0.104277391234042,-7.209697978577401e-05,0.10427737315020047,0.9945483739540766,-0.00022059662155338167,9.470713320031132e-05,0.00021187591381743864,0.9999999730695812,0.00030236245947889984,0.000287726114038378,-0.0006235844921320677,42.412318636587194,-0.0003244117361829574,-0.0003276399204501311,0.00024058693836254057,42.412318636587194,-0.0003244117361829574,-0.0003276399204501311,0.00024058693836254057,-0.02253114990890026,0.006743633188307285,0.013137593865394592,0.0,0.0,0.0,0.994567485158576,-0.10409455592490957,0.00010746576579964782,0.10409458146086004,0.9945674520855836,-0.0002683639913672979,-7.894673700900925e-05,0.00027809267411624174,0.999999958215941,0.0,0.0,0.0
10,1774889943671247000,0.100016298,100,9.983171,0.4119220002394286,42.41173797875662,0.6840602899799455,-0.6840602899799455,-0.020122956484556198,0.007977453991770744,0.015644773840904236,-0.0014805418904870749,-0.004565340466797352,0.007875626906752586,0.994547501345317,-0.10428465495008732,-7.42408617818613e-05,0.10428463649548037,0.9945474817772243,-0.00021973521430846332,9.675106923664025e-05,0.00021079492538215094,0.999999973102365,-0.00033512653317302465,0.00045516694081015885,-0.0003717980580404401,-0.020122956484556198,0.007977453991770744,0.015644773840904236,-0.0014805418904870749,-0.004565340466797352,0.007875626906752586,0.994547501345317,-0.10428465495008732,-7.42408617818613e-05,0.10428463649548037,0.9945474817772243,-0.00021973521430846332,9.675106923664025e-05,0.00021079492538215094,0.999999973102365,-0.00033512653317302465,0.00045516694081015885,-0.0003717980580404401,42.41173797875662,-0.0001386794072049325,-0.0003853618759576515,0.0002086720492637235,42.41173797875662,-0.0001386794072049325,-0.0003853618759576515,0.0002086720492637235,-0.02253114990890026,0.006743633188307285,0.013137593865394592,0.0,0.0,0.0,0.994567485158576,-0.10409455592490957,0.00010746576579964782,0.10409458146086004,0.9945674520855836,-0.0002683639913672979,-7.894673700900925e-05,0.00027809267411624174,0.999999958215941,0.0,0.0,0.0
11,1774889943681373622,0.11014292,110,10.126622,0.49765699986892287,42.41111678416086,0.684050270712272,-0.684050270712272,-0.02009073831140995,0.008062110282480717,0.015651747584342957,-0.0014814320020377636,-0.004455480724573135,0.00790036004036665,0.9945481468953302,-0.10427881025429864,-7.627202175277195e-05,0.10427879058224043,0.994548125817697,-0.00022769632945902982,9.960008490217994e-05,0.0002185014023727283,0.9999999711684809,-0.0005701235495507717,0.00030636036535725,0.0008000630768947303,-0.02009073831140995,0.008062110282480717,0.015651747584342957,-0.0014814320020377636,-0.004455480724573135,0.00790036004036665,0.9945481468953302,-0.10427881025429864,-7.627202175277195e-05,0.10427879058224043,0.994548125817697,-0.00022769632945902982,9.960008490217994e-05,0.0002185014023727283,0.9999999711684809,-0.0005701235495507717,0.00030636036535725,0.0008000630768947303,42.41111678416086,-2.6474683179841343e-05,-0.00035365178105927663,2.8188153853086716e-05,42.41111678416086,-2.6474683179841343e-05,-0.00035365178105927663,2.8188153853086716e-05,-0.02253114990890026,0.006743633188307285,0.013137593865394592,0.0,0.0,0.0,0.994567485158576,-0.10409455592490957,0.00010746576579964782,0.10409458146086004,0.9945674520855836,-0.0002683639913672979,-7.894673700900925e-05,0.00027809267411624174,0.999999958215941,0.0,0.0,0.0
12,1774889943691304601,0.120073899,120,9.930979,0.478614000712696,42.41141222392345,0.684055035869733,-0.684055035869733,-0.020027443766593933,0.008223744109272957,0.015669003129005432,-0.0012988017406314611,-0.004334357101470232,0.007835960015654564,0.9945493297008698,-0.10426747006044201,-7.075372763789244e-05,0.10426745230878431,0.9945493097261573,-0.00022008998832315088,9.331628596542926e-05,0.00021151303436989406,0.9999999732771542,0.0005888440646231174,-0.00014853576431050897,0.0013458037283271551,-0.020027443766593933,0.008223744109272957,0.015669003129005432,-0.0012988017406314611,-0.004334357101470232,0.007835960015654564,0.9945493297008698,-0.10426747006044201,-7.075372763789244e-05,0.10426745230878431,0.9945493097261573,-0.00022008998832315088,9.331628596542926e-05,0.00021151303436989406,0.9999999732771542,0.0005888440646231174,-0.00014853576431050897,0.0013458037283271551,42.41141222392345,-0.00028529451362406213,-0.0002666815533365578,-6.279197024854907e-05,42.41141222392345,-0.00028529451362406213,-0.0002666815533365578,-6.279197024854907e-05,-0.02253114990890026,0.006743633188307285,0.013137593865394592,0.0,0.0,0.0,0.994567485158576,-0.10409455592490957,0.00010746576579964782,0.10409458146086004,0.9945674520855836,-0.0002683639913672979,-7.894673700900925e-05,0.00027809267411624174,0.999999958215941,0.0,0.0,0.0
13,1774889943701316662,0.13008596,130,10.012061,0.4840660003537778,42.41207718571454,0.6840657610599119,-0.6840657610599119,-0.019997606053948402,0.008360686711966991,0.015655353665351868,-0.0012025008909404278,-0.0042176032438874245,0.0077998158521950245,0.9945502478142942,-0.10425967282978799,-6.390579955160586e-05,0.10425965727624553,0.9945502290287833,-0.00021140820760290292,8.559884063272282e-05,0.00020359327086260943,0.999999975611312,0.0014919328968971968,-0.00043662876123562455,0.0005560993449762464,-0.019997606053948402,0.008360686711966991,0.015655353665351868,-0.0012025008909404278,-0.0042176032438874245,0.0077998158521950245,0.9945502478142942,-0.10425967282978799,-6.390579955160586e-05,0.10425965727624553,0.9945502290287833,-0.00021140820760290292,8.559884063272282e-05,0.00020359327086260943,0.999999975611312,0.0014919328968971968,-0.00043662876123562455,0.0005560993449762464,42.41207718571454,-0.0004891243378583515,-0.00019661516014346067,4.9383900308338045e-05,42.41207718571454,-0.0004891243378583515,-0.00019661516014346067,4.9383900308338045e-05,-0.02253114990890026,0.006743633188307285,0.013137593865394592,0.0,0.0,0.0,0.994567485158576,-0.10409455592490957,0.00010746576579964782,0.10409458146086004,0.9945674520855836,-0.0002683639913672979,-7.894673700900925e-05,0.00027809267411624174,0.999999958215941,0.0,0.0,0.0
14,1774889943711237866,0.140007164,140,9.921204,0.38756499998271465,42.413246147916595,0.6840846152889773,-0.6840846152889773,-0.01996782422065735,0.008494805544614792,0.015642091631889343,-0.001115271239541471,-0.0040476880967617035,0.007724393624812365,0.9945503539228017,-0.1042575471738747,-6.138763282490488e-05,0.10425753181095421,0.9945503341283083,-0.00021527907875327134,8.349755316896601e-05,0.000207705757810173,0.9999999749432386,-0.0007363666081801057,-0.00045052269706502557,8.649545634398237e-05,-0.01996782422065735,0.008494805544614792,0.015642091631889343,-0.001115271239541471,-0.0040476880967617035,0.007724393624812365,0.9945503539228017,-0.1042575471738747,-6.138763282490488e-05,0.10425753181095421,0.9945503341283083,-0.00021527907875327134,8.349755316896601e-05,0.000207705757810173,0.9999999749432386,-0.0007363666081801057,-0.00045052269706502557,8.649545634398237e-05,42.413246147916595,0.00013155944895582025,-0.00020292564321654135,0.00011812720236006557,42.413246147916595,0.00013155944895582025,-0.00020292564321654135,0.00011812720236006557,-0.02253114990890026,0.006743633188307285,0.013137593865394592,0.0,0.0,0.0,0.994567485158576,-0.10409455592490957,0.00010746576579964782,0.10409458146086004,0.9945674520855836,-0.0002683639913672979,-7.894673700900925e-05,0.00027809267411624174,0.999999958215941,0.0,0.0,0.0
15,1774889943721243277,0.150012575,150,10.005411,0.3536650001478847,42.41367052611764,0.6840914600986716,-0.6840914600986716,-0.019937831908464432,0.008625916205346584,0.01563037931919098,-0.0009648940758779645,-0.0039600529707968235,0.0077032833360135555,0.9945504953435399,-0.10425648377751329,-5.875022921267986e-05,0.10425646901552943,0.9945504754677675,-0.00021462658513331234,8.080626735577218e-05,0.00020733187799891473,0.9999999752419206,0.0007266587344929576,0.0002937292156275362,4.610049654729664e-05,-0.019937831908464432,0.008625916205346584,0.01563037931919098,-0.0009648940758779645,-0.0039600529707968235,0.0077032833360135555,0.9945504953435399,-0.10425648377751329,-5.875022921267986e-05,0.10425646901552943,0.9945504754677675,-0.00021462658513331234,8.080626735577218e-05,0.00020733187799891473,0.9999999752419206,0.0007266587344929576,0.0002937292156275362,4.610049654729664e-05,42.41367052611764,-0.00019769752463340634,-0.0004132055288168027,0.00012332877787719828,42.41367052611764,-0.00019769752463340634,-0.0004132055288168027,0.00012332877787719828,-0.02253114990890026,0.006743633188307285,0.013137593865394592,0.0,0.0,0.0,0.994567485158576,-0.10409455592490957,0.00010746576579964782,0.10409458146086004,0.9945674520855836,-0.0002683639913672979,-7.894673700900925e-05,0.00027809267411624174,0.999999958215941,0.0,0.0,0.0
16,1774889943731292988,0.160062286,160,10.049711,0.5232399998931214,42.41352428101662,0.6840891013067197,-0.6840891013067197,-0.01990792714059353,0.008753921836614609,0.015620306134223938,-0.0009506085771135986,-0.0038600533735007048,0.007722992449998856,0.9945515814532938,-0.10424709394044696,-5.85927595362001e-05,0.10424707947292955,0.9945515622334825,-0.00021137570201109138,8.030878249147555e-05,0.00020411589434800401,0.9999999759436037,0.0009119731257669628,0.0009444019524380565,0.001055970904417336,-0.01990792714059353,0.008753921836614609,0.015620306134223938,-0.0009506085771135986,-0.0038600533735007048,0.007722992449998856,0.9945515814532938,-0.10424709394044696,-5.85927595362001e-05,0.10424707947292955,0.9945515622334825,-0.00021137570201109138,8.030878249147555e-05,0.00020411589434800401,0.9999999759436037,0.0009119731257669628,0.0009444019524380565,0.001055970904417336,42.41352428101662,-0.0002147625772912286,-0.000578401111850864,-3.571159174650212e-05,42.41352428101662,-0.0002147625772912286,-0.000578401111850864,-3.571159174650212e-05,-0.02253114990890026,0.006743633188307285,0.013137593865394592,0.0,0.0,0.0,0.994567485158576,-0.10409455592490957,0.00010746576579964782,0.10409458146086004,0.9945674520855836,-0.0002683639913672979,-7.894673700900925e-05,0.00027809267411624174,0.999999958215941,0.0,0.0,0.0
17,1774889943741280771,0.170050069,170,9.987783,0.4972549995727604,42.415240625237374,0.6841167842780221,-0.6841167842780221,-0.019877081736922264,0.008934331126511097,0.015597447752952576,-0.0009183635702356696,-0.0036489474587142467,0.007623227313160896,0.9945524556120434,-0.10423841429499081,-6.306228339407471e-05,0.10423839866704676,0.9945524361586505,-0.0002143122748748949,8.50582870201011e-05,0.00020657127234476047,0.999999975046701,0.00030604717903770506,0.00044949562288820744,0.0006016510888002813,-0.019877081736922264,0.008934331126511097,0.015597447752952576,-0.0009183635702356696,-0.0036489474587142467,0.007623227313160896,0.9945524556120434,-0.10423841429499081,-6.306228339407471e-05,0.10423839866704676,0.9945524361586505,-0.0002143122748748949,8.50582870201011e-05,0.00020657127234476047,0.999999975046701,0.00030604717903770506,0.00044949562288820744,0.0006016510888002813,42.415240625237374,1.1055453481293425e-05,-0.0004693758298656214,2.5454691198858404e-05,42.415240625237374,1.1055453481293425e-05,-0.0004693758298656214,2.5454691198858404e-05,-0.02253114990890026,0.006743633188307285,0.013137593865394592,0.0,0.0,0.0,0.994567485158576,-0.10409455592490957,0.00010746576579964782,0.10409458146086004,0.9945674520855836,-0.0002683639913672979,-7.894673700900925e-05,0.00027809267411624174,0.999999958215941,0.0,0.0,0.0
18,1774889943751782538,0.180551836,180,10.501767,0.4783180002050358,42.41734841863816,0.6841507809457769,-0.6841507809457769,-0.019816750660538673,0.009285622276365757,0.015556082129478455,-0.0008436226635240018,-0.0033568921498954296,0.007526982109993696,0.9945526966848052,-0.10423540519106611,-5.5105652015883296e-05,0.10423538935235954,0.9945526713909641,-0.0002380139794336284,7.961494417737039e-05,0.00023097347889652073,0.9999999701563571,-0.00014313883730210364,0.00013366945495363325,-0.0005985923926346004,-0.019816750660538673,0.009285622276365757,0.015556082129478455,-0.0008436226635240018,-0.0033568921498954296,0.007526982109993696,0.9945526966848052,-0.10423540519106611,-5.5105652015883296e-05,0.10423538935235954,0.9945526713909641,-0.0002380139794336284,7.961494417737039e-05,0.00023097347889652073,0.9999999701563571,-0.00014313883730210364,0.00013366945495363325,-0.0005985923926346004,42.41734841863816,0.00028913146171856516,-0.00038249511244539414,0.00020307591065686666,42.41734841863816,0.00028913146171856516,-0.00038249511244539414,0.00020307591065686666,-0.02253114990890026,0.006743633188307285,0.013137593865394592,0.0,0.0,0.0,0.994567485158576,-0.10409455592490957,0.00010746576579964782,0.10409458146086004,0.9945674520855836,-0.0002683639913672979,-7.894673700900925e-05,0.00027809267411624174,0.999999958215941,0.0,0.0,0.0
19,1774889943761300367,0.190069665,190,9.517829,0.6257629993342562,42.417508705840085,0.6841533662232272,-0.6841533662232272,-0.019787179306149483,0.009456135332584381,0.015537694096565247,-0.0007825841312296689,-0.0032192436046898365,0.00753922900184989,0.9945531481728569,-0.1042316849366891,-4.8309457045658116e-05,0.1042316702135,0.9945531208955156,-0.0002442551469024126,7.350541642754324e-05,0.00023788933179984956,0.9999999690028123,-0.00019744288874790072,-0.0005639533628709614,0.0007250755443237722,-0.019787179306149483,0.009456135332584381,0.015537694096565247,-0.0007825841312296689,-0.0032192436046898365,0.00753922900184989,0.9945531481728569,-0.1042316849366891,-4.8309457045658116e-05,0.1042316702135,0.9945531208955156,-0.0002442551469024126,7.350541642754324e-05,0.00023788933179984956,0.9999999690028123,-0.00019744288874790072,-0.0005639533628709614,0.0007250755443237722,42.417508705840085,0.0003696935275223237,-0.0002020630898155742,1.5285711626660936e-06,42.417508705840085,0.0003696935275223237,-0.0002020630898155742,1.5285711626660936e-06,-0.02253114990890026,0.006743633188307285,0.013137593865394592,0.0,0.0,0.0,0.994567485158576,-0.10409455592490957,0.00010746576579964782,0.10409458146086004,0.9945674520855836,-0.0002683639913672979,-7.894673700900925e-05,0.00027809267411624174,0.999999958215941,0.0,0.0,0.0
20,1774889943771455607,0.200224905,200,10.15524,0.5761570000686334,42.42094165616099,0.6842087363896934,-0.6842087363896934,-0.019748490303754807,0.00991042796522379,0.015449777245521545,-0.0006917664431966841,-0.002749583451077342,0.007427288684993982,0.9945521438948316,-0.10424125418795804,-4.711184282388953e-05,0.1042412384072382,0.9945521120033237,-0.0002625739144079559,7.422618518162886e-05,0.00025623243294938675,0.9999999644177096,0.0010594725608825684,0.00023941410472616553,-0.0011498461244627833,-0.019748490303754807,0.00991042796522379,0.015449777245521545,-0.0006917664431966841,-0.002749583451077342,0.007427288684993982,0.9945521438948316,-0.10424125418795804,-4.711184282388953e-05,0.1042412384072382,0.9945521120033237,-0.0002625739144079559,7.422618518162886e-05,0.00025623243294938675,0.9999999644177096,0.0010594725608825684,0.00023941410472616553,-0.0011498461244627833,42.42094165616099,0.0002571022686339083,-0.00040718084214978674,0.00029046251013001187,42.42094165616099,0.0002571022686339083,-0.00040718084214978674,0.00029046251013001187,-0.02253114990890026,0.006743633188307285,0.013137593865394592,0.0,0.0,0.0,0.994567485158576,-0.10409455592490957,0.00010746576579964782,0.10409458146086004,0.9945674520855836,-0.0002683639913672979,-7.894673700900925e-05,0.00027809267411624174,0.999999958215941,0.0,0.0,0.0
21,1774889943781457219,0.210226517,210,10.001612,0.7233879996420001,42.421843419320794,0.684223280956787,-0.684223280956787,-0.019729213789105415,0.01013243105262518,0.015394970774650574,-0.000632141251116991,-0.002547952812165022,0.00744944903999567,0.9945525685238058,-0.10423629406381374,-4.111986439204324e-05,0.10423627934758817,0.9945525344117764,-0.0002694646256165556,6.898385650478539e-05,0.00026371055202251137,0.9999999628489857,0.00011609662033151835,-7.604244456160814e-05,0.00038528343429788947,-0.019729213789105415,0.01013243105262518,0.015394970774650574,-0.000632141251116991,-0.002547952812165022,0.00744944903999567,0.9945525685238058,-0.10423629406381374,-4.111986439204324e-05,0.10423627934758817,0.9945525344117764,-0.0002694646256165556,6.898385650478539e-05,0.00026371055202251137,0.9999999628489857,0.00011609662033151835,-7.604244456160814e-05,0.00038528343429788947,42.421843419320794,0.0005809847229419975,-0.00032073213860477626,5.621005914882538e-05,42.421843419320794,0.0005809847229419975,-0.00032073213860477626,5.621005914882538e-05,-0.02253114990890026,0.006743633188307285,0.013137593865394592,0.0,0.0,0.0,0.994567485158576,-0.10409455592490957,0.00010746576579964782,0.10409458146086004,0.9945674520855836,-0.0002683639913672979,-7.894673700900925e-05,0.00027809267411624174,0.999999958215941,0.0,0.0,0.0
22,1774889943791219627,0.219988925,219,9.762408,0.4439799995452631,42.42258461671349,0.6842352357534435,-0.6842352357534435,-0.019710194319486618,0.010351200588047504,0.015343084931373596,-0.0006168711115606129,-0.002318531507626176,0.007478995248675346,0.9945533471466096,-0.10422956457125299,-4.4216165737607366e-05,0.10422954822242003,0.9945533102285647,-0.00028070813862510115,7.323339471166593e-05,0.0002745705707134505,0.999999959623938,0.0001590630563441664,0.0016577672213315964,-0.00010240103438263759,-0.019710194319486618,0.010351200588047504,0.015343084931373596,-0.0006168711115606129,-0.002318531507626176,0.007478995248675346,0.9945533471466096,-0.10422956457125299,-4.4216165737607366e-05,0.10422954822242003,0.9945533102285647,-0.00028070813862510115,7.323339471166593e-05,0.0002745705707134505,0.999999959623938,0.0001590630563441664,0.0016577672213315964,-0.00010240103438263759,42.42258461671349,0.0006734334698436851,-0.0007596399469836144,0.0001239427217653255,42.42258461671349,0.0006734334698436851,-0.0007596399469836144,0.0001239427217653255,-0.02253114990890026,0.006743633188307285,0.013137593865394592,0.0,0.0,0.0,0.994567485158576,-0.10409455592490957,0.00010746576579964782,0.10409458146086004,0.9945674520855836,-0.0002683639913672979,-7.894673700900925e-05,0.00027809267411624174,0.999999958215941,0.0,0.0,0.0
23,1774889943801298342,0.23006764,230,10.078715,0.7511359999625711,42.42380854777224,0.6842549765769717,-0.6842549765769717,-0.019704636186361313,0.010598170571029186,0.015279516577720642,-0.0006191710708662868,-0.002098673954606056,0.007492866832762957,0.9945539134308083,-0.10422354108559806,-3.425393761026865e-05,0.10422352697955839,0.9945538736487387,-0.00028852126253075053,6.413808850259592e-05,0.0002833798806855907,0.9999999577910742,0.0007173338090069592,-0.0013835493009537458,0.0005354371969588101,-0.019704636186361313,0.010598170571029186,0.015279516577720642,-0.0006191710708662868,-0.002098673954606056,0.007492866832762957,0.9945539134308083,-0.10422354108559806,-3.425393761026865e-05,0.10422352697955839,0.9945538736487387,-0.00028852126253075053,6.413808850259592e-05,0.0002833798806855907,0.9999999577910742,0.0007173338090069592,-0.0013835493009537458,0.0005354371969588101,42.42380854777224,0.0006295426111124516,3.331607973881067e-05,2.3424460429498244e-05,42.42380854777224,0.0006295426111124516,3.331607973881067e-05,2.3424460429498244e-05,-0.02253114990890026,0.006743633188307285,0.013137593865394592,0.0,0.0,0.0,0.994567485158576,-0.10409455592490957,0.00010746576579964782,0.10409458146086004,0.9945674520855836,-0.0002683639913672979,-7.894673700900925e-05,0.00027809267411624174,0.999999958215941,0.0,0.0,0.0
24,1774889943811293234,0.240062532,240,9.994892,0.4052869999213726,42.42369705342251,0.6842531782810082,-0.6842531782810082,-0.019704636186361313,0.010598170571029186,0.015279516577720642,-0.0006191710708662868,-0.002098673954606056,0.007492866832762957,0.9945539134308083,-0.10422354108559806,-3.425393761026865e-05,0.10422352697955839,0.9945538736487387,-0.00028852126253075053,6.413808850259592e-05,0.0002833798806855907,0.9999999577910742,0.0007173338090069592,-0.0013835493009537458,0.0005354371969588101,-0.019704636186361313,0.010598170571029186,0.015279516577720642,-0.0006191710708662868,-0.002098673954606056,0.007492866832762957,0.9945539134308083,-0.10422354108559806,-3.425393761026865e-05,0.10422352697955839,0.9945538736487387,-0.00028852126253075053,6.413808850259592e-05,0.0002833798806855907,0.9999999577910742,0.0007173338090069592,-0.0013835493009537458,0.0005354371969588101,42.42369705342251,0.0006295428413822956,3.331548350302792e-05,2.342446039653748e-05,42.42369705342251,0.0006295428413822956,3.331548350302792e-05,2.342446039653748e-05,-0.02253114990890026,0.006743633188307285,0.013137593865394592,0.0,0.0,0.0,0.994567485158576,-0.10409455592490957,0.00010746576579964782,0.10409458146086004,0.9945674520855836,-0.0002683639913672979,-7.894673700900925e-05,0.00027809267411624174,0.999999958215941,0.0,0.0,0.0
25,1774889943821329237,0.250098535,250,10.036003,0.6791229998270865,42.42860410290418,0.68433232424039,-0.68433232424039,-0.019689204171299934,0.011319924145936966,0.01510496437549591,-0.0005855748895555735,-0.0012699213111773133,0.007427956443279982,0.9945554731423204,-0.10420830782744894,-7.844422717685415e-06,0.1042082998499192,0.9945554213647153,-0.0003235978729602138,4.152330640669246e-05,0.0003210185872768185,0.9999999476114385,0.0004686602624133229,-0.0005748330731876194,-0.000701743527315557,-0.019689204171299934,0.011319924145936966,0.01510496437549591,-0.0005855748895555735,-0.0012699213111773133,0.007427956443279982,0.9945554731423204,-0.10420830782744894,-7.844422717685415e-06,0.1042082998499192,0.9945554213647153,-0.0003235978729602138,4.152330640669246e-05,0.0003210185872768185,0.9999999476114385,0.0004686602624133229,-0.0005748330731876194,-0.000701743527315557,42.42860410290418,0.0010407836279790466,-8.430214727968749e-05,0.00019675228980156387,42.42860410290418,0.0010407836279790466,-8.430214727968749e-05,0.00019675228980156387,-0.02253114990890026,0.006743633188307285,0.013137593865394592,0.0,0.0,0.0,0.994567485158576,-0.10409455592490957,0.00010746576579964782,0.10409458146086004,0.9945674520855836,-0.0002683639913672979,-7.894673700900925e-05,0.00027809267411624174,0.999999958215941,0.0,0.0,0.0
26,1774889943831448572,0.26021787,260,10.119335,0.6960450000406126,42.428500419539205,0.6843306519280516,-0.6843306519280516,-0.019689204171299934,0.011319924145936966,0.01510496437549591,-0.0005855748895555735,-0.0012699213111773133,0.007427956443279982,0.9945554731423204,-0.10420830782744894,-7.844422717685415e-06,0.1042082998499192,0.9945554213647153,-0.0003235978729602138,4.152330640669246e-05,0.0003210185872768185,0.9999999476114385,0.0004686602624133229,-0.0005748330731876194,-0.000701743527315557,-0.019689204171299934,0.011319924145936966,0.01510496437549591,-0.0005855748895555735,-0.0012699213111773133,0.007427956443279982,0.9945554731423204,-0.10420830782744894,-7.844422717685415e-06,0.1042082998499192,0.9945554213647153,-0.0003235978729602138,4.152330640669246e-05,0.0003210185872768185,0.9999999476114385,0.0004686602624133229,-0.0005748330731876194,-0.000701743527315557,42.428500419539205,0.0010407844806750643,-8.430265648094794e-05,0.0001967522897535263,42.428500419539205,0.0010407844806750643,-8.430265648094794e-05,0.0001967522897535263,-0.02253114990890026,0.006743633188307285,0.013137593865394592,0.0,0.0,0.0,0.994567485158576,-0.10409455592490957,0.00010746576579964782,0.10409458146086004,0.9945674520855836,-0.0002683639913672979,-7.894673700900925e-05,0.00027809267411624174,0.999999958215941,0.0,0.0,0.0
27,1774889943841263811,0.270033109,270,9.815239,0.43993200051772874,42.43387350180997,0.6844173145453221,-0.6844173145453221,-0.01971086487174034,0.011834114789962769,0.014915898442268372,-0.0005827812710776925,-0.0007459042244590819,0.007354797795414925,0.9945563792683874,-0.10420086894993585,1.4921884751582098e-05,0.1042008677167805,0.994556317004297,-0.0003526045187410322,2.1901006410609408e-05,0.0003522399114230766,0.9999999377236994,-7.932554581202567e-06,-0.0002836054773069918,-0.0003804298467002809,-0.01971086487174034,0.011834114789962769,0.014915898442268372,-0.0005827812710776925,-0.0007459042244590819,0.007354797795414925,0.9945563792683874,-0.10420086894993585,1.4921884751582098e-05,0.1042008677167805,0.994556317004297,-0.0003526045187410322,2.1901006410609408e-05,0.0003522399114230766,0.9999999377236994,-7.932554581202567e-06,-0.0002836054773069918,-0.0003804298467002809,42.43387350180997,0.0014041490753772328,-7.999222302355907e-05,0.0001425616704294218,42.43387350180997,0.0014041490753772328,-7.999222302355907e-05,0.0001425616704294218,-0.02253114990890026,0.006743633188307285,0.013137593865394592,0.0,0.0,0.0,0.994567485158576,-0.10409455592490957,0.00010746576579964782,0.10409458146086004,0.9945674520855836,-0.0002683639913672979,-7.894673700900925e-05,0.00027809267411624174,0.999999958215941,0.0,0.0,0.0
28,1774889943851377986,0.280147284,280,10.114175,0.5160120008440572,42.433779830291925,0.6844158037143859,-0.6844158037143859,-0.01971086487174034,0.011834114789962769,0.014915898442268372,-0.0005827812710776925,-0.0007459042244590819,0.007354797795414925,0.9945563792683874,-0.10420086894993585,1.4921884751582098e-05,0.1042008677167805,0.994556317004297,-0.0003526045187410322,2.1901006410609408e-05,0.0003522399114230766,0.9999999377236994,-7.932554581202567e-06,-0.0002836054773069918,-0.0003804298467002809,-0.01971086487174034,0.011834114789962769,0.014915898442268372,-0.0005827812710776925,-0.0007459042244590819,0.007354797795414925,0.9945563792683874,-0.10420086894993585,1.4921884751582098e-05,0.1042008677167805,0.994556317004297,-0.0003526045187410322,2.1901006410609408e-05,0.0003522399114230766,0.9999999377236994,-7.932554581202567e-06,-0.0002836054773069918,-0.0003804298467002809,42.433779830291925,0.0014041502246923158,-7.999263836229529e-05,0.00014256167037554927,42.433779830291925,0.0014041502246923158,-7.999263836229529e-05,0.00014256167037554927,-0.02253114990890026,0.006743633188307285,0.013137593865394592,0.0,0.0,0.0,0.994567485158576,-0.10409455592490957,0.00010746576579964782,0.10409458146086004,0.9945674520855836,-0.0002683639913672979,-7.894673700900925e-05,0.00027809267411624174,0.999999958215941,0.0,0.0,0.0
