step,timestamp_ns,experiment_time_s,reference_index,tick_dt_ms,solver_ms,px4_collective_command_newton,px4_collective_normalized,px4_thrust_body_z,state_raw_0,state_raw_1,state_raw_2,state_raw_3,state_raw_4,state_raw_5,state_raw_6,state_raw_7,state_raw_8,state_raw_9,state_raw_10,state_raw_11,state_raw_12,state_raw_13,state_raw_14,state_raw_15,state_raw_16,state_raw_17,state_used_0,state_used_1,state_used_2,state_used_3,state_used_4,state_used_5,state_used_6,state_used_7,state_used_8,state_used_9,state_used_10,state_used_11,state_used_12,state_used_13,state_used_14,state_used_15,state_used_16,state_used_17,control_raw_0,control_raw_1,control_raw_2,control_raw_3,control_used_0,control_used_1,control_used_2,control_used_3,reference_0,reference_1,reference_2,reference_3,reference_4,reference_5,reference_6,reference_7,reference_8,reference_9,reference_10,reference_11,reference_12,reference_13,reference_14,reference_15,reference_16,reference_17
0,1775074456947357666,0.0,0,0.0,29.544340002757963,61.99974950309847,0.9999959597273947,-0.9999959597273947,0.03359962999820709,0.020051781088113785,0.00574338436126709,0.019610963761806488,0.001202850486151874,-0.011710746213793755,0.9945769017767341,-0.10400410879715682,-6.29616792976323e-06,0.10400409679746025,0.9945767540698731,0.0005443779189898135,-5.035549967166014e-05,-0.0005420805143768748,0.9999998518065134,0.00025341680156998336,-0.0005296218441799283,-0.00016679767577443272,0.03359962999820709,0.020051781088113785,0.00574338436126709,0.019610963761806488,0.001202850486151874,-0.011710746213793755,0.9945769017767341,-0.10400410879715682,-6.29616792976323e-06,0.10400409679746025,0.9945767540698731,0.0005443779189898135,-5.035549967166014e-05,-0.0005420805143768748,0.9999998518065134,0.00025341680156998336,-0.0005296218441799283,-0.00016679767577443272,61.99974950309847,-0.013321125736897406,0.000359158038811333,-0.0036380724713736875,61.99974950309847,-0.013321125736897406,0.000359158038811333,-0.0036380724713736875,0.031794995069503784,0.0159764401614666,0.011903628706932068,0.0,0.0,0.0,0.9945836005135624,-0.10393949406445957,0.00013953630630941447,0.10393932547461282,0.9945832105356964,0.0009111792747158627,-0.0002334879926149079,-0.0008917406622751152,0.9999995751408794,0.0,0.0,0.0
1,1775074456978097794,0.030740128,30,30.740128,9.850003996689338,61.99974950309847,0.9999959597273947,-0.9999959597273947,0.03359962999820709,0.020051781088113785,0.00574338436126709,0.019610963761806488,0.001202850486151874,-0.011710746213793755,0.9945769017767341,-0.10400410879715682,-6.29616792976323e-06,0.10400409679746025,0.9945767540698731,0.0005443779189898135,-5.035549967166014e-05,-0.0005420805143768748,0.9999998518065134,0.00025341680156998336,-0.0005296218441799283,-0.00016679767577443272,0.03359962999820709,0.020051781088113785,0.00574338436126709,0.019610963761806488,0.001202850486151874,-0.011710746213793755,0.9945769017767341,-0.10400410879715682,-6.29616792976323e-06,0.10400409679746025,0.9945767540698731,0.0005443779189898135,-5.035549967166014e-05,-0.0005420805143768748,0.9999998518065134,0.00025341680156998336,-0.0005296218441799283,-0.00016679767577443272,61.99974950309847,-0.013321125736897406,0.000359158038811333,-0.0036380724713736875,61.99974950309847,-0.013321125736897406,0.000359158038811333,-0.0036380724713736875,0.031794995069503784,0.0159764401614666,0.011903628706932068,0.0,0.0,0.0,0.9945836005135624,-0.10393949406445957,0.00013953630630941447,0.10393932547461282,0.9945832105356964,0.0009111792747158627,-0.0002334879926149079,-0.0008917406622751152,0.9999995751408794,0.0,0.0,0.0
2,1775074456989185541,0.041827875,41,11.087747,7.053181994706392,61.99986312224393,0.9999977922942569,-0.9999977922942569,0.03373273089528084,0.0202337559312582,0.005696475505828857,0.019698090851306915,0.0013468654360622168,-0.011652164161205292,0.9945771365586753,-0.10400286248636381,-1.3962555311691771e-05,0.10400285527020592,0.9945769964651416,0.0005294937059957018,-4.118195339012157e-05,-0.0005280744117592412,0.9999998597207389,-0.00010831420513568446,0.00036965723847970366,0.0003705146664287895,0.03373273089528084,0.0202337559312582,0.005696475505828857,0.019698090851306915,0.0013468654360622168,-0.011652164161205292,0.9945771365586753,-0.10400286248636381,-1.3962555311691771e-05,0.10400285527020592,0.9945769964651416,0.0005294937059957018,-4.118195339012157e-05,-0.0005280744117592412,0.9999998597207389,-0.00010831420513568446,0.00036965723847970366,0.0003705146664287895,61.99986312224393,-0.012674926933664616,-0.0003221344360971665,-0.0046163769312827846,61.99986312224393,-0.012674926933664616,-0.0003221344360971665,-0.0046163769312827846,0.031794995069503784,0.0159764401614666,0.011903628706932068,0.0,0.0,0.0,0.9945836005135624,-0.10393949406445957,0.00013953630630941447,0.10393932547461282,0.9945832105356964,0.0009111792747158627,-0.0002334879926149079,-0.0008917406622751152,0.9999995751408794,0.0,0.0,0.0
3,1775074457008231361,0.060873695,60,19.04582,23.566907999338582,61.99833381196846,0.9999731259994913,-0.9999731259994913,0.034592315554618835,0.021650664508342743,0.005419060587882996,0.020390864461660385,0.00236388947814703,-0.011526793241500854,0.994576175649066,-0.10401097273195847,-6.822237327398784e-05,0.10401099232001254,0.9945760868775929,0.00042090322431647537,2.407379737440901e-05,-0.0004257161833136208,0.99999990909309,-0.0011018228251487017,-0.00030601161415688694,0.0006713640759699047,0.034592315554618835,0.021650664508342743,0.005419060587882996,0.020390864461660385,0.00236388947814703,-0.011526793241500854,0.994576175649066,-0.10401097273195847,-6.822237327398784e-05,0.10401099232001254,0.9945760868775929,0.00042090322431647537,2.407379737440901e-05,-0.0004257161833136208,0.99999990909309,-0.0011018228251487017,-0.00030601161415688694,0.0006713640759699047,61.99833381196846,-0.0115142201262674,0.0007047887095884133,-0.005303181165440914,61.99833381196846,-0.0115142201262674,0.0007047887095884133,-0.005303181165440914,0.031794995069503784,0.0159764401614666,0.011903628706932068,0.0,0.0,0.0,0.9945836005135624,-0.10393949406445957,0.00013953630630941447,0.10393932547461282,0.9945832105356964,0.0009111792747158627,-0.0002334879926149079,-0.0008917406622751152,0.9999995751408794,0.0,0.0,0.0
4,1775074457039955294,0.092597628,92,31.723933,27.771358996687923,61.99833381196846,0.9999731259994913,-0.9999731259994913,0.034592315554618835,0.021650664508342743,0.005419060587882996,0.020390864461660385,0.00236388947814703,-0.011526793241500854,0.994576175649066,-0.10401097273195847,-6.822237327398784e-05,0.10401099232001254,0.9945760868775929,0.00042090322431647537,2.407379737440901e-05,-0.0004257161833136208,0.99999990909309,-0.0011018228251487017,-0.00030601161415688694,0.0006713640759699047,0.034592315554618835,0.021650664508342743,0.005419060587882996,0.020390864461660385,0.00236388947814703,-0.011526793241500854,0.994576175649066,-0.10401097273195847,-6.822237327398784e-05,0.10401099232001254,0.9945760868775929,0.00042090322431647537,2.407379737440901e-05,-0.0004257161833136208,0.99999990909309,-0.0011018228251487017,-0.00030601161415688694,0.0006713640759699047,61.99833381196846,-0.0115142201262674,0.0007047887095884133,-0.005303181165440914,61.99833381196846,-0.0115142201262674,0.0007047887095884133,-0.005303181165440914,0.031794995069503784,0.0159764401614666,0.011903628706932068,0.0,0.0,0.0,0.9945836005135624,-0.10393949406445957,0.00013953630630941447,0.10393932547461282,0.9945832105356964,0.0009111792747158627,-0.0002334879926149079,-0.0008917406622751152,0.9999995751408794,0.0,0.0,0.0
5,1775074457077006343,0.129648677,129,37.051049,20.535481002298184,61.998408953042876,0.9999743379523045,-0.9999743379523045,0.03471504524350166,0.021854255348443985,0.005391806364059448,0.020481500774621964,0.0025818105787038803,-0.011557146906852722,0.9945772473043998,-0.10399998537705324,-7.513717428654643e-05,0.10400000730638626,0.9945771666336815,0.00040193383468365915,3.292858884711494e-05,-0.0004075685346782987,0.9999999164017916,-0.00031420125742442906,0.000615453056525439,0.0007707427139393985,0.03471504524350166,0.021854255348443985,0.005391806364059448,0.020481500774621964,0.0025818105787038803,-0.011557146906852722,0.9945772473043998,-0.10399998537705324,-7.513717428654643e-05,0.10400000730638626,0.9945771666336815,0.00040193383468365915,3.292858884711494e-05,-0.0004075685346782987,0.9999999164017916,-0.00031420125742442906,0.000615453056525439,0.0007707427139393985,61.998408953042876,-0.012346134882552073,-0.00045230975146807935,-0.005515939145769811,61.998408953042876,-0.012346134882552073,-0.00045230975146807935,-0.005515939145769811,0.031794995069503784,0.0159764401614666,0.011903628706932068,0.0,0.0,0.0,0.9945836005135624,-0.10393949406445957,0.00013953630630941447,0.10393932547461282,0.9945832105356964,0.0009111792747158627,-0.0002334879926149079,-0.0008917406622751152,0.9999995751408794,0.0,0.0,0.0
6,1775074457105967819,0.158610153,158,28.961476,18.387251999229193,61.99865569596587,0.999978317676869,-0.999978317676869,0.034808199852705,0.02206960693001747,0.00536009669303894,0.02056581899523735,0.0027208607643842697,-0.011187397874891758,0.9945772616520557,-0.10400139831585964,-7.919787965021251e-05,0.1040014211525957,0.9945771889670553,0.0003822353927126522,3.901542439770783e-05,-0.0003883992742556965,0.9999999238119052,-0.0012587328674271703,-0.0005735767772421241,0.0004543578252196312,0.034808199852705,0.02206960693001747,0.00536009669303894,0.02056581899523735,0.0027208607643842697,-0.011187397874891758,0.9945772616520557,-0.10400139831585964,-7.919787965021251e-05,0.1040014211525957,0.9945771889670553,0.0003822353927126522,3.901542439770783e-05,-0.0003883992742556965,0.9999999238119052,-0.0012587328674271703,-0.0005735767772421241,0.0004543578252196312,61.99865569596587,-0.011301468234963637,0.00105127606830859,-0.004835892094439877,61.99865569596587,-0.011301468234963637,0.00105127606830859,-0.004835892094439877,0.031794995069503784,0.0159764401614666,0.011903628706932068,0.0,0.0,0.0,0.9945836005135624,-0.10393949406445957,0.00013953630630941447,0.10393932547461282,0.9945832105356964,0.0009111792747158627,-0.0002334879926149079,-0.0008917406622751152,0.9999995751408794,0.0,0.0,0.0
7,1775074457132850621,0.185492955,185,26.882802,23.34731799783185,45.805963968745345,0.7388058704636346,-0.7388058704636346,0.03500640019774437,0.02249470353126526,0.005466863512992859,0.020744113251566887,0.003026909427717328,0.016200575977563858,0.9945752311825413,-0.10402032932805105,-7.654516835356971e-05,0.10402034211486266,0.9945752149959719,0.00018813959984816022,5.655959160037836e-05,-0.0001950812252045301,0.999999979372165,-0.015890633687376976,-0.00018131911929231137,-0.0014636828564107418,0.03500640019774437,0.02249470353126526,0.005466863512992859,0.020744113251566887,0.003026909427717328,0.016200575977563858,0.9945752311825413,-0.10402032932805105,-7.654516835356971e-05,0.10402034211486266,0.9945752149959719,0.00018813959984816022,5.655959160037836e-05,-0.0001950812252045301,0.999999979372165,-0.015890633687376976,-0.00018131911929231137,-0.0014636828564107418,45.805963968745345,0.023727698176139823,0.008365305248125095,0.005472660152497126,45.805963968745345,0.023727698176139823,0.008365305248125095,0.005472660152497126,0.031794995069503784,0.0159764401614666,0.011903628706932068,0.0,0.0,0.0,0.9945836005135624,-0.10393949406445957,0.00013953630630941447,0.10393932547461282,0.9945832105356964,0.0009111792747158627,-0.0002334879926149079,-0.0008917406622751152,0.9999995751408794,0.0,0.0,0.0
8,1775074457159145943,0.211788277,211,26.295322,27.533751002920326,41.97730902863131,0.6770533714295373,-0.6770533714295373,0.0352512001991272,0.023152688518166542,0.006916448473930359,0.020900137722492218,0.0036196717992424965,0.09743109345436096,0.9945694062561066,-0.10407694503452958,-4.9660215719407597e-05,0.10407689777182139,0.9945692367124488,-0.0005912274343775475,0.00011092356729265618,0.0005828481606773989,0.9999998239920017,-0.04161490872502327,-0.0027058005798608065,-0.0036340677179396152,0.0352512001991272,0.023152688518166542,0.006916448473930359,0.020900137722492218,0.0036196717992424965,0.09743109345436096,0.9945694062561066,-0.10407694503452958,-4.9660215719407597e-05,0.10407689777182139,0.9945692367124488,-0.0005912274343775475,0.00011092356729265618,0.0005828481606773989,0.9999998239920017,-0.04161490872502327,-0.0027058005798608065,-0.0036340677179396152,41.97730902863131,0.06957528445983253,0.0253592494508687,0.0627897046238863,41.97730902863131,0.06957528445983253,0.0253592494508687,0.0627897046238863,0.031794995069503784,0.0159764401614666,0.011903628706932068,0.0,0.0,0.0,0.9945836005135624,-0.10393949406445957,0.00013953630630941447,0.10393932547461282,0.9945832105356964,0.0009111792747158627,-0.0002334879926149079,-0.0008917406622751152,0.9999995751408794,0.0,0.0,0.0
9,1775074457190689137,0.243331471,243,31.543194,21.478038994246162,42.00213346846368,0.677453765620382,-0.677453765620382,0.03551545366644859,0.02403203956782818,0.012170389294624329,0.020848434418439865,0.005089336074888706,0.21969357132911682,0.9945544830939422,-0.10421890793794897,3.9276635812116045e-06,0.10421858231487224,0.9945512800595327,-0.0025375306161334182,0.00026055215263338927,0.0025241215561287375,0.9999967804565826,-0.07259290665388107,-0.00015877910482231528,-0.005058805458247662,0.03551545366644859,0.02403203956782818,0.012170389294624329,0.020848434418439865,0.005089336074888706,0.21969357132911682,0.9945544830939422,-0.10421890793794897,3.9276635812116045e-06,0.10421858231487224,0.9945512800595327,-0.0025375306161334182,0.00026055215263338927,0.0025241215561287375,0.9999967804565826,-0.07259290665388107,-0.00015877910482231528,-0.005058805458247662,42.00213346846368,0.12619545389459666,0.041876179497220105,0.15252246085340576,42.00213346846368,0.12619545389459666,0.041876179497220105,0.15252246085340576,0.031794995069503784,0.0159764401614666,0.011903628706932068,0.0,0.0,0.0,0.9945836005135624,-0.10393949406445957,0.00013953630630941447,0.10393932547461282,0.9945832105356964,0.0009111792747158627,-0.0002334879926149079,-0.0008917406622751152,0.9999995751408794,0.0,0.0,0.0
10,1775074457219081072,0.271723406,271,28.391935,23.132499001803808,42.0021429569529,0.6774539186605307,-0.6774539186605307,0.03563222661614418,0.024897830560803413,0.021718397736549377,0.020779075101017952,0.007338664960116148,0.3440089821815491,0.9945307253220825,-0.10444537552686395,-5.8477743247048464e-05,0.10444346691864359,0.9945156390006069,-0.005514480858484175,0.0006341184878413259,0.005478212530417331,0.9999847934263885,-0.10558191686868668,0.00374245666898787,-0.009107808582484722,0.03563222661614418,0.024897830560803413,0.021718397736549377,0.020779075101017952,0.007338664960116148,0.3440089821815491,0.9945307253220825,-0.10444537552686395,-5.8477743247048464e-05,0.10444346691864359,0.9945156390006069,-0.005514480858484175,0.0006341184878413259,0.005478212530417331,0.9999847934263885,-0.10558191686868668,0.00374245666898787,-0.009107808582484722,42.0021429569529,0.18646274471111493,0.058375512378939655,0.25207388673906367,42.0021429569529,0.18646274471111493,0.058375512378939655,0.25207388673906367,0.031794995069503784,0.0159764401614666,0.011903628706932068,0.0,0.0,0.0,0.9945836005135624,-0.10393949406445957,0.00013953630630941447,0.10393932547461282,0.9945832105356964,0.0009111792747158627,-0.0002334879926149079,-0.0008917406622751152,0.9999995751408794,0.0,0.0,0.0
11,1775074457243607749,0.296250083,296,24.526677,11.31435799470637,42.00214839855839,0.6774540064283612,-0.6774540064283612,0.03565583378076553,0.02534797228872776,0.028203651309013367,0.020716579630970955,0.008990433067083359,0.4061511754989624,0.9945153306149743,-0.10459151535433198,-0.00010024649084311443,0.10458792651588511,0.994488285141272,-0.007386088621032516,0.0008722156464607833,0.0073350933424695675,0.9999727174522968,-0.12285205721855164,0.0038469862192869186,-0.010300444439053535,0.03565583378076553,0.02534797228872776,0.028203651309013367,0.020716579630970955,0.008990433067083359,0.4061511754989624,0.9945153306149743,-0.10459151535433198,-0.00010024649084311443,0.10458792651588511,0.994488285141272,-0.007386088621032516,0.0008722156464607833,0.0073350933424695675,0.9999727174522968,-0.12285205721855164,0.0038469862192869186,-0.010300444439053535,42.00214839855839,0.21751295690825292,0.06860832278302345,0.3019627786092177,42.00214839855839,0.21751295690825292,0.06860832278302345,0.3019627786092177,0.031794995069503784,0.0159764401614666,0.011903628706932068,0.0,0.0,0.0,0.9945836005135624,-0.10393949406445957,0.00013953630630941447,0.10393932547461282,0.9945832105356964,0.0009111792747158627,-0.0002334879926149079,-0.0008917406622751152,0.9999995751408794,0.0,0.0,0.0
12,1775074457256460083,0.309102417,309,12.852334,19.373422997887246,41.973411605776654,0.6769905097705912,-0.6769905097705912,0.03562413528561592,0.026041686534881592,0.040255337953567505,0.020765623077750206,0.012235906906425953,0.5001751184463501,0.9944844029685032,-0.1048857636096514,-0.000180933181082088,0.10487784514657528,0.9944277687130876,-0.010692721828531648,0.0013014377326944215,0.010614767861158947,0.999942814853817,-0.14706823229789734,0.005777813959866762,-0.014239770360291004,0.03562413528561592,0.026041686534881592,0.040255337953567505,0.020765623077750206,0.012235906906425953,0.5001751184463501,0.9944844029685032,-0.1048857636096514,-0.000180933181082088,0.10487784514657528,0.9944277687130876,-0.010692721828531648,0.0013014377326944215,0.010614767861158947,0.999942814853817,-0.14706823229789734,0.005777813959866762,-0.014239770360291004,41.973411605776654,0.2626507787470105,0.08199264651238332,0.38323735508120776,41.973411605776654,0.2626507787470105,0.08199264651238332,0.38323735508120776,0.031794995069503784,0.0159764401614666,0.011903628706932068,0.0,0.0,0.0,0.9945836005135624,-0.10393949406445957,0.00013953630630941447,0.10393932547461282,0.9945832105356964,0.0009111792747158627,-0.0002334879926149079,-0.0008917406622751152,0.9999995751408794,0.0,0.0,0.0
13,1775074457277187191,0.329829525,329,20.727108,8.222921002015937,41.97977419040833,0.6770931321033601,-0.6770931321033601,0.035593170672655106,0.02653469890356064,0.049685969948768616,0.02080538123846054,0.01504009310156107,0.5631697773933411,0.994461635900106,-0.10510111662560839,-0.0002636510200824671,0.10508848678597738,0.9943752696737846,-0.013209561241041168,0.0016505059460074079,0.0131086936863824,0.9999127151909087,-0.16154804825782776,0.007029002066701651,-0.014546483755111694,0.035593170672655106,0.02653469890356064,0.049685969948768616,0.02080538123846054,0.01504009310156107,0.5631697773933411,0.994461635900106,-0.10510111662560839,-0.0002636510200824671,0.10508848678597738,0.9943752696737846,-0.013209561241041168,0.0016505059460074079,0.0131086936863824,0.9999127151909087,-0.16154804825782776,0.007029002066701651,-0.014546483755111694,41.97977419040833,0.29086095237907744,0.09014794730765507,0.4349907882429498,41.97977419040833,0.29086095237907744,0.09014794730765507,0.4349907882429498,0.031794995069503784,0.0159764401614666,0.011903628706932068,0.0,0.0,0.0,0.9945836005135624,-0.10393949406445957,0.00013953630630941447,0.10393932547461282,0.9945832105356964,0.0009111792747158627,-0.0002334879926149079,-0.0008917406622751152,0.9999995751408794,0.0,0.0,0.0
14,1775074457287185397,0.339827731,339,9.998206,9.578423996572383,42.00212820299359,0.677453680693445,-0.677453680693445,0.03540073335170746,0.027658266946673393,0.07264436781406403,0.021011313423514366,0.0219880361109972,0.6723905205726624,0.9944204219433114,-0.10548762356004504,-0.00068676009170765,0.10545812828084511,0.9942599043675163,-0.01805302428924538,0.0025871878511538604,0.01787987092891019,0.9998367950257062,-0.12857341766357422,0.0267134141176939,-0.008141594007611275,0.03540073335170746,0.027658266946673393,0.07264436781406403,0.021011313423514366,0.0219880361109972,0.6723905205726624,0.9944204219433114,-0.10548762356004504,-0.00068676009170765,0.10545812828084511,0.9942599043675163,-0.01805302428924538,0.0025871878511538604,0.01787987092891019,0.9998367950257062,-0.12857341766357422,0.0267134141176939,-0.008141594007611275,42.00212820299359,0.27041678167347116,0.06407547158982246,0.5193051567723612,42.00212820299359,0.27041678167347116,0.06407547158982246,0.5193051567723612,0.031794995069503784,0.0159764401614666,0.011903628706932068,0.0,0.0,0.0,0.9945836005135624,-0.10393949406445957,0.00013953630630941447,0.10393932547461282,0.9945832105356964,0.0009111792747158627,-0.0002334879926149079,-0.0008917406622751152,0.9999995751408794,0.0,0.0,0.0
15,1775074457308227852,0.360870186,360,21.042455,19.79725999990478,42.00217661950596,0.6774544616049348,-0.6774544616049348,0.03469957783818245,0.03136300668120384,0.14223434031009674,0.02355499193072319,0.03748851269483566,0.5745111703872681,0.9949425083171763,-0.09978948844429136,-0.011476185321118437,0.0996472341927126,0.9949461246731244,-0.012364359047028928,0.012652016449466452,0.011158256312297665,0.9998576997887473,0.2848612666130066,0.21237680315971375,0.17580050230026245,0.03469957783818245,0.03136300668120384,0.14223434031009674,0.02355499193072319,0.03748851269483566,0.5745111703872681,0.9949425083171763,-0.09978948844429136,-0.011476185321118437,0.0996472341927126,0.9949461246731244,-0.012364359047028928,0.012652016449466452,0.011158256312297665,0.9998576997887473,0.2848612666130066,0.21237680315971375,0.17580050230026245,42.00217661950596,-0.21049007162440891,-0.2824299336679563,0.20292625236872028,42.00217661950596,-0.21049007162440891,-0.2824299336679563,0.20292625236872028,0.031794995069503784,0.0159764401614666,0.011903628706932068,0.0,0.0,0.0,0.9945836005135624,-0.10393949406445957,0.00013953630630941447,0.10393932547461282,0.9945832105356964,0.0009111792747158627,-0.0002334879926149079,-0.0008917406622751152,0.9999995751408794,0.0,0.0,0.0
16,1775074457332704181,0.385346515,385,24.476329,16.18626599520212,42.00217661950596,0.6774544616049348,-0.6774544616049348,0.03469957783818245,0.03136300668120384,0.14223434031009674,0.02355499193072319,0.03748851269483566,0.5745111703872681,0.9949425083171763,-0.09978948844429136,-0.011476185321118437,0.0996472341927126,0.9949461246731244,-0.012364359047028928,0.012652016449466452,0.011158256312297665,0.9998576997887473,0.2848612666130066,0.21237680315971375,0.17580050230026245,0.03469957783818245,0.03136300668120384,0.14223434031009674,0.02355499193072319,0.03748851269483566,0.5745111703872681,0.9949425083171763,-0.09978948844429136,-0.011476185321118437,0.0996472341927126,0.9949461246731244,-0.012364359047028928,0.012652016449466452,0.011158256312297665,0.9998576997887473,0.2848612666130066,0.21237680315971375,0.17580050230026245,42.00217661950596,-0.21049007162440891,-0.2824299336679563,0.20292625236872028,42.00217661950596,-0.21049007162440891,-0.2824299336679563,0.20292625236872028,0.031794995069503784,0.0159764401614666,0.011903628706932068,0.0,0.0,0.0,0.9945836005135624,-0.10393949406445957,0.00013953630630941447,0.10393932547461282,0.9945832105356964,0.0009111792747158627,-0.0002334879926149079,-0.0008917406622751152,0.9999995751408794,0.0,0.0,0.0
17,1775074457353441323,0.406083657,406,20.737142,16.633599996566772,42.00214156953068,0.6774538962827529,-0.6774538962827529,0.03465547412633896,0.03173873946070671,0.1480245143175125,0.024154577404260635,0.03830268234014511,0.5570297241210938,0.9950722386872796,-0.09826134702151879,-0.013264207910353765,0.09813622277700818,0.9951249562162504,-0.00977727117837035,0.014160272242274896,0.008427391839065157,0.9998642236602897,0.3329918086528778,0.22771315276622772,0.1988300085067749,0.03465547412633896,0.03173873946070671,0.1480245143175125,0.024154577404260635,0.03830268234014511,0.5570297241210938,0.9950722386872796,-0.09826134702151879,-0.013264207910353765,0.09813622277700818,0.9951249562162504,-0.00977727117837035,0.014160272242274896,0.008427391839065157,0.9998642236602897,0.3329918086528778,0.22771315276622772,0.1988300085067749,42.00214156953068,-0.26861057081258133,-0.3161651957677454,0.15699562174033815,42.00214156953068,-0.26861057081258133,-0.3161651957677454,0.15699562174033815,0.031794995069503784,0.0159764401614666,0.011903628706932068,0.0,0.0,0.0,0.9945836005135624,-0.10393949406445957,0.00013953630630941447,0.10393932547461282,0.9945832105356964,0.0009111792747158627,-0.0002334879926149079,-0.0008917406622751152,0.9999995751408794,0.0,0.0,0.0
18,1775074457372424990,0.425067324,425,18.983667,19.259696004155558,42.00259315063502,0.6774611798489519,-0.6774611798489519,0.03453093394637108,0.03252943232655525,0.15922100841999054,0.025488857179880142,0.03932478278875351,0.5200359225273132,0.9953656972982245,-0.09462370596919456,-0.01713481598321287,0.09458028249000172,0.9955117314340938,-0.0033289254402951163,0.0173729044639514,0.0016928832954544726,0.9998476465708155,0.44187209010124207,0.24795730412006378,0.24772348999977112,0.03453093394637108,0.03252943232655525,0.15922100841999054,0.025488857179880142,0.03932478278875351,0.5200359225273132,0.9953656972982245,-0.09462370596919456,-0.01713481598321287,0.09458028249000172,0.9955117314340938,-0.0033289254402951163,0.0173729044639514,0.0016928832954544726,0.9998476465708155,0.44187209010124207,0.24795730412006378,0.24772348999977112,42.00259315063502,-0.4035029659702615,-0.37842067202098,0.0580416207417327,42.00259315063502,-0.4035029659702615,-0.37842067202098,0.0580416207417327,0.031794995069503784,0.0159764401614666,0.011903628706932068,0.0,0.0,0.0,0.9945836005135624,-0.10393949406445957,0.00013953630630941447,0.10393932547461282,0.9945832105356964,0.0009111792747158627,-0.0002334879926149079,-0.0008917406622751152,0.9999995751408794,0.0,0.0,0.0
19,1775074457397224440,0.449866774,449,24.79945,23.259585002961103,42.00234466194578,0.6774571719668674,-0.6774571719668674,0.03448638692498207,0.032926950603723526,0.1645524948835373,0.02633216232061386,0.039557717740535736,0.5005478262901306,0.9955289800992361,-0.09250078492668545,-0.019126377428454966,0.09252906864604671,0.9957098867102175,0.0005972522697804683,0.018989075420435042,-0.0023643262225207518,0.9998168957382316,0.5011117458343506,0.25138166546821594,0.27066537737846375,0.03448638692498207,0.032926950603723526,0.1645524948835373,0.02633216232061386,0.039557717740535736,0.5005478262901306,0.9955289800992361,-0.09250078492668545,-0.019126377428454966,0.09252906864604671,0.9957098867102175,0.0005972522697804683,0.018989075420435042,-0.0023643262225207518,0.9998168957382316,0.5011117458343506,0.25138166546821594,0.27066537737846375,42.00234466194578,-0.478988819932181,-0.4047857415957206,0.009952703388666256,42.00234466194578,-0.478988819932181,-0.4047857415957206,0.009952703388666256,0.031794995069503784,0.0159764401614666,0.011903628706932068,0.0,0.0,0.0,0.9945836005135624,-0.10393949406445957,0.00013953630630941447,0.10393932547461282,0.9945832105356964,0.0009111792747158627,-0.0002334879926149079,-0.0008917406622751152,0.9999995751408794,0.0,0.0,0.0
20,1775074457431059640,0.483701974,483,33.8352,21.20859899878269,42.002304943361054,0.6774565313445331,-0.6774565313445331,0.03445414453744888,0.0333242267370224,0.16970129311084747,0.027262866497039795,0.03952467441558838,0.48066630959510803,0.9957001027928251,-0.0901951513567909,-0.021124648447204963,0.0903196250271554,0.9959002723651614,0.005012350001460941,0.020585952683743525,-0.006898766314191063,0.9997642850189247,0.5617779493331909,0.2531534433364868,0.29158544540405273,0.03445414453744888,0.0333242267370224,0.16970129311084747,0.027262866497039795,0.03952467441558838,0.48066630959510803,0.9957001027928251,-0.0901951513567909,-0.021124648447204963,0.0903196250271554,0.9959002723651614,0.005012350001460941,0.020585952683743525,-0.006898766314191063,0.9997642850189247,0.5617779493331909,0.2531534433364868,0.29158544540405273,42.002304943361054,-0.5571733205415766,-0.42967945501800503,-0.03521670582849871,42.002304943361054,-0.5571733205415766,-0.42967945501800503,-0.03521670582849871,0.031794995069503784,0.0159764401614666,0.011903628706932068,0.0,0.0,0.0,0.9945836005135624,-0.10393949406445957,0.00013953630630941447,0.10393932547461282,0.9945832105356964,0.0009111792747158627,-0.0002334879926149079,-0.0008917406622751152,0.9999995751408794,0.0,0.0,0.0
21,1775074457453396489,0.506038823,506,22.336849,22.57221999752801,42.000436065189206,0.677426388148213,-0.677426388148213,0.03441065549850464,0.03412158787250519,0.17933981120586395,0.02947678044438362,0.03858110308647156,0.4430390000343323,0.99607662148846,-0.08508260863292727,-0.024337524093595492,0.08545877029263416,0.9962309484812935,0.014855878136974282,0.022981817841354363,-0.016877447761251635,0.9995934112459126,0.6190222501754761,0.15460436046123505,0.3320825695991516,0.03441065549850464,0.03412158787250519,0.17933981120586395,0.02947678044438362,0.03858110308647156,0.4430390000343323,0.99607662148846,-0.08508260863292727,-0.024337524093595492,0.08545877029263416,0.9962309484812935,0.014855878136974282,0.022981817841354363,-0.016877447761251635,0.9995934112459126,0.6190222501754761,0.15460436046123505,0.3320825695991516,42.000436065189206,-0.6554917437707486,-0.3564507916507634,-0.1221529791891686,42.000436065189206,-0.6554917437707486,-0.3564507916507634,-0.1221529791891686,0.031794995069503784,0.0159764401614666,0.011903628706932068,0.0,0.0,0.0,0.9945836005135624,-0.10393949406445957,0.00013953630630941447,0.10393932547461282,0.9945832105356964,0.0009111792747158627,-0.0002334879926149079,-0.0008917406622751152,0.9999995751408794,0.0,0.0,0.0
22,1775074457480482380,0.533124714,533,27.085891,17.108325999288354,42.01802315685258,0.6777100509169771,-0.6777100509169771,0.034431833773851395,0.03527207672595978,0.19242049753665924,0.03342720493674278,0.034630101174116135,0.39385679364204407,0.9968174107926823,-0.07637392632575035,-0.022845981457898873,0.07702650762679553,0.9966014276846001,0.029195501865487028,0.020538562090221202,-0.030862334085717563,0.9993126056026918,0.5552293062210083,-0.22014890611171722,0.38734978437423706,0.034431833773851395,0.03527207672595978,0.19242049753665924,0.03342720493674278,0.034630101174116135,0.39385679364204407,0.9968174107926823,-0.07637392632575035,-0.022845981457898873,0.07702650762679553,0.9966014276846001,0.029195501865487028,0.020538562090221202,-0.030862334085717563,0.9993126056026918,0.5552293062210083,-0.22014890611171722,0.38734978437423706,42.01802315685258,-0.662711699928121,0.024187021767415075,-0.23937373672829884,42.01802315685258,-0.662711699928121,0.024187021767415075,-0.23937373672829884,0.031794995069503784,0.0159764401614666,0.011903628706932068,0.0,0.0,0.0,0.9945836005135624,-0.10393949406445957,0.00013953630630941447,0.10393932547461282,0.9945832105356964,0.0009111792747158627,-0.0002334879926149079,-0.0008917406622751152,0.9999995751408794,0.0,0.0,0.0
23,1775074457499022989,0.551665323,551,18.540609,20.273403999453876,41.98841405209811,0.6772324847112599,-0.6772324847112599,0.034486569464206696,0.035962581634521484,0.20004339516162872,0.035658080130815506,0.030420027673244476,0.365848183631897,0.9974157776401839,-0.07010312876056601,-0.01573010789974616,0.0706472327701837,0.996807020591946,0.03721358223655913,0.0130710947780448,-0.038228699673389044,0.999183523229319,0.4487655460834503,-0.5666486620903015,0.4181043207645416,0.034486569464206696,0.035962581634521484,0.20004339516162872,0.035658080130815506,0.030420027673244476,0.365848183631897,0.9974157776401839,-0.07010312876056601,-0.01573010789974616,0.0706472327701837,0.996807020591946,0.03721358223655913,0.0130710947780448,-0.038228699673389044,0.999183523229319,0.4487655460834503,-0.5666486620903015,0.4181043207645416,41.98841405209811,-0.603224842407679,0.39624390625552325,-0.3070576415732662,41.98841405209811,-0.603224842407679,0.39624390625552325,-0.3070576415732662,0.031794995069503784,0.0159764401614666,0.011903628706932068,0.0,0.0,0.0,0.9945836005135624,-0.10393949406445957,0.00013953630630941447,0.10393932547461282,0.9945832105356964,0.0009111792747158627,-0.0002334879926149079,-0.0008917406622751152,0.9999995751408794,0.0,0.0,0.0
24,1775074457521122761,0.573765095,573,22.099772,19.810785001027398,42.00339287847406,0.6774740786850655,-0.6774740786850655,0.03459043428301811,0.036572378128767014,0.2071954756975174,0.036749131977558136,0.025232968851923943,0.3402290344238281,0.9979667966736085,-0.06369493300958728,-0.002280162045175449,0.06373404529886884,0.9970412276040295,0.04297362935165039,-0.0004637874723855129,-0.043031579796537156,0.9990736049040856,0.2908271551132202,-0.9843915700912476,0.44160446524620056,0.03459043428301811,0.036572378128767014,0.2071954756975174,0.036749131977558136,0.025232968851923943,0.3402290344238281,0.9979667966736085,-0.06369493300958728,-0.002280162045175449,0.06373404529886884,0.9970412276040295,0.04297362935165039,-0.0004637874723855129,-0.043031579796537156,0.9990736049040856,0.2908271551132202,-0.9843915700912476,0.44160446524620056,42.00339287847406,-0.48275565824446465,0.8722508564641183,-0.359214065798237,42.00339287847406,-0.48275565824446465,0.8722508564641183,-0.359214065798237,0.031794995069503784,0.0159764401614666,0.011903628706932068,0.0,0.0,0.0,0.9945836005135624,-0.10393949406445957,0.00013953630630941447,0.10393932547461282,0.9945832105356964,0.0009111792747158627,-0.0002334879926149079,-0.0008917406622751152,0.9999995751408794,0.0,0.0,0.0
25,1775074457542168556,0.59481089,594,21.045795,22.236899996642023,42.00220394704175,0.6774549023716411,-0.6774549023716411,0.034758880734443665,0.03727405145764351,0.2162320762872696,0.034662410616874695,0.01726503297686577,0.284709632396698,0.998011610240394,-0.054314831879573644,0.03198012263661548,0.05286558524513918,0.9976077975852633,0.04454116601196917,-0.034322865527245006,-0.042761952896908484,0.9984955464553986,-0.10055027157068253,-1.7201600074768066,0.4562482237815857,0.034758880734443665,0.03727405145764351,0.2162320762872696,0.034662410616874695,0.01726503297686577,0.284709632396698,0.998011610240394,-0.054314831879573644,0.03198012263661548,0.05286558524513918,0.9976077975852633,0.04454116601196917,-0.034322865527245006,-0.042761952896908484,0.9984955464553986,-0.10055027157068253,-1.7201600074768066,0.4562482237815857,42.00220394704175,-0.3674190161720016,0.9999964155598151,-0.5377861966648039,42.00220394704175,-0.3674190161720016,0.9999964155598151,-0.5377861966648039,0.031794995069503784,0.0159764401614666,0.011903628706932068,0.0,0.0,0.0,0.9945836005135624,-0.10393949406445957,0.00013953630630941447,0.10393932547461282,0.9945832105356964,0.0009111792747158627,-0.0002334879926149079,-0.0008917406622751152,0.9999995751408794,0.0,0.0,0.0
26,1775074457567663014,0.620305348,620,25.494458,18.188744004874025,42.00208285422273,0.6774529492616569,-0.6774529492616569,0.034847211092710495,0.037696175277233124,0.22324271500110626,0.02617318369448185,0.010518145747482777,0.21309207379817963,0.9953839961683782,-0.045304094423908925,0.08460737636918836,0.0424801499945755,0.998488173115483,0.03488514704473333,-0.0860598948854654,-0.031129987354844957,0.9958035042405717,-0.5948329567909241,-2.5169973373413086,0.45403099060058594,0.034847211092710495,0.037696175277233124,0.22324271500110626,0.02617318369448185,0.010518145747482777,0.21309207379817963,0.9953839961683782,-0.045304094423908925,0.08460737636918836,0.0424801499945755,0.998488173115483,0.03488514704473333,-0.0860598948854654,-0.031129987354844957,0.9958035042405717,-0.5948329567909241,-2.5169973373413086,0.45403099060058594,42.00208285422273,-0.13691998404038827,0.9999771080578074,-0.6000254745922033,42.00208285422273,-0.13691998404038827,0.9999771080578074,-0.6000254745922033,0.031794995069503784,0.0159764401614666,0.011903628706932068,0.0,0.0,0.0,0.9945836005135624,-0.10393949406445957,0.00013953630630941447,0.10393932547461282,0.9945832105356964,0.0009111792747158627,-0.0002334879926149079,-0.0008917406622751152,0.9999995751408794,0.0,0.0,0.0
27,1775074457590455140,0.643097474,643,22.792126,17.223171002115123,42.002171674701614,0.677454381850026,-0.677454381850026,0.03451170027256012,0.0379013754427433,0.22869689762592316,0.0027034522499889135,0.006253495346754789,0.0912041887640953,0.9822549162011249,-0.03251960121674813,0.18471058890843395,0.03297711987756635,0.9994560529216336,0.0005953751758482895,-0.18462945537484643,0.005506390331976974,0.9827927797770055,-1.367232322692871,-3.6422646045684814,0.4297034740447998,0.03451170027256012,0.0379013754427433,0.22869689762592316,0.0027034522499889135,0.006253495346754789,0.0912041887640953,0.9822549162011249,-0.03251960121674813,0.18471058890843395,0.03297711987756635,0.9994560529216336,0.0005953751758482895,-0.18462945537484643,0.005506390331976974,0.9827927797770055,-1.367232322692871,-3.6422646045684814,0.4297034740447998,42.002171674701614,0.9999977866023718,1.000000232371923,-0.6000086451740754,42.002171674701614,0.9999977866023718,1.000000232371923,-0.6000086451740754,0.031794995069503784,0.0159764401614666,0.011903628706932068,0.0,0.0,0.0,0.9945836005135624,-0.10393949406445957,0.00013953630630941447,0.10393932547461282,0.9945832105356964,0.0009111792747158627,-0.0002334879926149079,-0.0008917406622751152,0.9999995751408794,0.0,0.0,0.0
28,1775074457611168057,0.663810391,663,20.712917,20.180578001600225,42.002161184146864,0.67745421264753,-0.67745421264753,0.03364790603518486,0.037914831191301346,0.22922269999980927,-0.024599196389317513,0.008403392508625984,-0.023440735414624214,0.9598547005220632,-0.020058182004938363,0.27977984751341456,0.0332604063932056,0.9985419074818884,-0.042519948651704276,-0.2785190135639075,0.05011854139299121,0.959122148892701,-2.046360969543457,-4.351115703582764,0.39384275674819946,0.03364790603518486,0.037914831191301346,0.22922269999980927,-0.024599196389317513,0.008403392508625984,-0.023440735414624214,0.9598547005220632,-0.020058182004938363,0.27977984751341456,0.0332604063932056,0.9985419074818884,-0.042519948651704276,-0.2785190135639075,0.05011854139299121,0.959122148892701,-2.046360969543457,-4.351115703582764,0.39384275674819946,42.002161184146864,0.9999966743726771,-0.9999969967947114,0.5999985936036409,42.002161184146864,0.9999966743726771,-0.9999969967947114,0.5999985936036409,0.031794995069503784,0.0159764401614666,0.011903628706932068,0.0,0.0,0.0,0.9945836005135624,-0.10393949406445957,0.00013953630630941447,0.10393932547461282,0.9945832105356964,0.0009111792747158627,-0.0002334879926149079,-0.0008917406622751152,0.9999995751408794,0.0,0.0,0.0
29,1775074457635977459,0.688619793,688,24.809402,16.9606429990381,42.00218413218704,0.6774545827772103,-0.6774545827772103,0.032590851187705994,0.03792639449238777,0.2277689129114151,-0.05330333858728409,0.013832014054059982,-0.09080369025468826,0.9375008938993057,-0.00902761280873765,0.34786607365536515,0.03938746526570469,0.9959921909180514,-0.08030204952238851,-0.34574692690642816,0.08898475651850202,0.9340989190669536,-2.564973831176758,-4.591710567474365,0.3715185523033142,0.032590851187705994,0.03792639449238777,0.2277689129114151,-0.05330333858728409,0.013832014054059982,-0.09080369025468826,0.9375008938993057,-0.00902761280873765,0.34786607365536515,0.03938746526570469,0.9959921909180514,-0.08030204952238851,-0.34574692690642816,0.08898475651850202,0.9340989190669536,-2.564973831176758,-4.591710567474365,0.3715185523033142,42.00218413218704,1.0001060437801264,-1.000031853586446,0.5999701131437258,42.00218413218704,1.0001060437801264,-1.000031853586446,0.5999701131437258,0.031794995069503784,0.0159764401614666,0.011903628706932068,0.0,0.0,0.0,0.9945836005135624,-0.10393949406445957,0.00013953630630941447,0.10393932547461282,0.9945832105356964,0.0009111792747158627,-0.0002334879926149079,-0.0008917406622751152,0.9999995751408794,0.0,0.0,0.0
