step,timestamp_ns,experiment_time_s,reference_index,tick_dt_ms,solver_ms,px4_collective_command_newton,px4_collective_normalized,px4_thrust_body_z,state_raw_0,state_raw_1,state_raw_2,state_raw_3,state_raw_4,state_raw_5,state_raw_6,state_raw_7,state_raw_8,state_raw_9,state_raw_10,state_raw_11,state_raw_12,state_raw_13,state_raw_14,state_raw_15,state_raw_16,state_raw_17,state_used_0,state_used_1,state_used_2,state_used_3,state_used_4,state_used_5,state_used_6,state_used_7,state_used_8,state_used_9,state_used_10,state_used_11,state_used_12,state_used_13,state_used_14,state_used_15,state_used_16,state_used_17,control_raw_0,control_raw_1,control_raw_2,control_raw_3,control_internal_0,control_internal_1,control_internal_2,control_internal_3,control_used_0,control_used_1,control_used_2,control_used_3,reference_0,reference_1,reference_2,reference_3,reference_4,reference_5,reference_6,reference_7,reference_8,reference_9,reference_10,reference_11,reference_12,reference_13,reference_14,reference_15,reference_16,reference_17
0,1775234135020681640,0.0,0,0.0,61.54174898983911,48.57340364470492,0.7834419942694342,-0.7834419942694342,-0.029436100274324417,0.033406734466552734,-0.028559386730194092,-0.016228986904025078,-0.01354602724313736,0.00815137941390276,0.9943992762166155,-0.10568815002424081,0.0005502380330095497,0.10568752217247424,0.9943989229364084,0.0010668071069780093,-0.0006599048142604431,-0.0010026788780985157,0.9999992795801601,0.00029712272225879133,0.00019437508308328688,-0.0002789843128994107,-0.029436100274324417,0.033406734466552734,-0.028559386730194092,-0.016228986904025078,-0.01354602724313736,0.00815137941390276,0.9943992762166155,-0.10568815002424081,0.0005502380330095497,0.10568752217247424,0.9943989229364084,0.0010668071069780093,-0.0006599048142604431,-0.0010026788780985157,0.9999992795801601,0.00029712272225879133,0.00019437508308328688,-0.0002789843128994107,48.57340364470492,6.275804854884531e-05,0.0009409755089984319,-0.002820504193177031,-0.4035976572537365,-0.0020272239793029958,0.011258364568238022,0.0017329074531308496,48.57340364470492,6.275804854884531e-05,0.0009409755089984319,-0.002820504193177031,-0.031154323369264603,0.040552690625190735,-0.025878578424453735,0.0,0.0,0.0,0.9943794890907705,-0.10587198696352607,0.0008741882329532831,0.1058708073205834,0.9943791484236946,0.0013005730755914942,-0.0010069685870947413,-0.0012007121454336682,0.9999987721516671,0.0,0.0,0.0
1,1775234135090325824,0.069644184,69,69.644184,6.300384004134685,47.52714679152045,0.7665668837342008,-0.7665668837342008,-0.029436100274324417,0.033406734466552734,-0.028559386730194092,-0.016228986904025078,-0.01354602724313736,0.00815137941390276,0.9943992762166155,-0.10568815002424081,0.0005502380330095497,0.10568752217247424,0.9943989229364084,0.0010668071069780093,-0.0006599048142604431,-0.0010026788780985157,0.9999992795801601,0.00029712272225879133,0.00019437508308328688,-0.0002789843128994107,-0.029436100274324417,0.033406734466552734,-0.028559386730194092,-0.016228986904025078,-0.01354602724313736,0.00815137941390276,0.9943992762166155,-0.10568815002424081,0.0005502380330095497,0.10568752217247424,0.9943989229364084,0.0010668071069780093,-0.0006599048142604431,-0.0010026788780985157,0.9999992795801601,0.00029712272225879133,0.00019437508308328688,-0.0002789843128994107,47.52714679152045,0.00014016935889383606,0.0011035363620871424,-0.0028290977865929982,-0.6737494832701406,1.2668427532317765e-05,0.0143970111428465,0.0015917601026372527,47.52714679152045,0.00014016935889383606,0.0011035363620871424,-0.0028290977865929982,-0.031154323369264603,0.040552690625190735,-0.025878578424453735,0.0,0.0,0.0,0.9943794890907705,-0.10587198696352607,0.0008741882329532831,0.1058708073205834,0.9943791484236946,0.0013005730755914942,-0.0010069685870947413,-0.0012007121454336682,0.9999987721516671,0.0,0.0,0.0
2,1775234135100545405,0.079863765,79,10.219581,15.347377993748523,46.83322104022281,0.7553745329068196,-0.7553745329068196,-0.02940158173441887,0.03338932991027832,-0.028817474842071533,-0.016236580908298492,-0.013379577547311783,0.008011621423065662,0.994399362869916,-0.10568796492900479,0.000558442516418664,0.10568733984041279,0.9943990313981715,0.0010503411876863766,-0.0006663228478090422,-0.0009854382361072084,0.9999992924625345,0.0006695585907436907,-0.0007737772539258003,0.00023737915034871548,-0.02940158173441887,0.03338932991027832,-0.028817474842071533,-0.016236580908298492,-0.013379577547311783,0.008011621423065662,0.994399362869916,-0.10568796492900479,0.000558442516418664,0.10568733984041279,0.9943990313981715,0.0010503411876863766,-0.0006663228478090422,-0.0009854382361072084,0.9999992924625345,0.0006695585907436907,-0.0007737772539258003,0.00023737915034871548,46.83322104022281,0.00015789983393704296,0.0013176054598819597,-0.0028558668336150774,-0.8529266215247479,0.0004798903521972476,0.018530154072138195,0.0011520860478484128,46.83322104022281,0.00015789983393704296,0.0013176054598819597,-0.0028558668336150774,-0.031154323369264603,0.040552690625190735,-0.025878578424453735,0.0,0.0,0.0,0.9943794890907705,-0.10587198696352607,0.0008741882329532831,0.1058708073205834,0.9943791484236946,0.0013005730755914942,-0.0010069685870947413,-0.0012007121454336682,0.9999987721516671,0.0,0.0,0.0
3,1775234135127791794,0.107110154,107,27.246389,15.756369000882842,46.39186156857869,0.7482558317512692,-0.7482558317512692,-0.029388533905148506,0.033380672335624695,-0.028940916061401367,-0.016254259273409843,-0.013239334337413311,0.007895239628851414,0.9943983188319502,-0.10569629464235875,0.0005623813654630026,0.1056956696908864,0.9943979958915937,0.001044339546258443,-0.0006696136925399311,-0.00097904820660801,0.9999992965408211,0.000288093404378742,-0.00017483091505710036,-0.00070819107349962,-0.029388533905148506,0.033380672335624695,-0.028940916061401367,-0.016254259273409843,-0.013239334337413311,0.007895239628851414,0.9943983188319502,-0.10569629464235875,0.0005623813654630026,0.1056956696908864,0.9943979958915937,0.001044339546258443,-0.0006696136925399311,-0.00097904820660801,0.9999992965408211,0.000288093404378742,-0.00017483091505710036,-0.00070819107349962,46.39186156857869,0.00022829635732738677,0.0013137339339904916,-0.0028512827822164536,-0.9668891411788685,0.002334933664235167,0.018455404516837,0.0012273778004510028,46.39186156857869,0.00022829635732738677,0.0013137339339904916,-0.0028512827822164536,-0.031154323369264603,0.040552690625190735,-0.025878578424453735,0.0,0.0,0.0,0.9943794890907705,-0.10587198696352607,0.0008741882329532831,0.1058708073205834,0.9943791484236946,0.0013005730755914942,-0.0010069685870947413,-0.0012007121454336682,0.9999987721516671,0.0,0.0,0.0
4,1775234135145587557,0.124905917,124,17.795763,12.955914993654005,46.13086882226011,0.744046271326776,-0.744046271326776,-0.029374204576015472,0.033443015068769455,-0.029242366552352905,-0.016246559098362923,-0.012958468869328499,0.007602065335959196,0.9943982629881355,-0.10569717627896003,0.0005734323961946938,0.10569655102851971,0.9943979625149729,0.001028872467239152,-0.0006789688226170858,-0.0009624991453307044,0.9999993062981659,0.00011608534987317398,-0.0006804082076996565,0.0015113515546545386,-0.029374204576015472,0.033443015068769455,-0.029242366552352905,-0.016246559098362923,-0.012958468869328499,0.007602065335959196,0.9943982629881355,-0.10569717627896003,0.0005734323961946938,0.10569655102851971,0.9943979625149729,0.001028872467239152,-0.0006789688226170858,-0.0009624991453307044,0.9999993062981659,0.00011608534987317398,-0.0006804082076996565,0.0015113515546545386,46.13086882226011,0.0002551952608037617,0.0014258950679211368,-0.0028999588285185,-1.0342795403723344,0.003043756040566431,0.020620957613581115,0.00042788745508838956,46.13086882226011,0.0002551952608037617,0.0014258950679211368,-0.0028999588285185,-0.031154323369264603,0.040552690625190735,-0.025878578424453735,0.0,0.0,0.0,0.9943794890907705,-0.10587198696352607,0.0008741882329532831,0.1058708073205834,0.9943791484236946,0.0013005730755914942,-0.0010069685870947413,-0.0012007121454336682,0.9999987721516671,0.0,0.0,0.0
5,1775234135162982275,0.142300635,142,17.394718,18.358141998760402,45.95602686287925,0.7412262397238588,-0.7412262397238588,-0.029370969161391258,0.03347335010766983,-0.029381096363067627,-0.016248561441898346,-0.012856943532824516,0.007445731200277805,0.9943980542963468,-0.1056994770391868,0.0005759392666088714,0.10569885394074063,0.9943977619569259,0.0010221699045677574,-0.0006807553868971028,-0.0009555676092441595,0.9999993117311495,0.000177379057276994,0.0001876107562566176,-8.71904194355011e-05,-0.029370969161391258,0.03347335010766983,-0.029381096363067627,-0.016248561441898346,-0.012856943532824516,0.007445731200277805,0.9943980542963468,-0.1056994770391868,0.0005759392666088714,0.10569885394074063,0.9943977619569259,0.0010221699045677574,-0.0006807553868971028,-0.0009555676092441595,0.9999993117311495,0.000177379057276994,0.0001876107562566176,-8.71904194355011e-05,45.95602686287925,0.00028353018050825406,0.0013353142013424395,-0.0028797969089066518,-1.0794251224034208,0.0037904193807926883,0.018872065914193003,0.0007590413038136162,45.95602686287925,0.00028353018050825406,0.0013353142013424395,-0.0028797969089066518,-0.031154323369264603,0.040552690625190735,-0.025878578424453735,0.0,0.0,0.0,0.9943794890907705,-0.10587198696352607,0.0008741882329532831,0.1058708073205834,0.9943791484236946,0.0013005730755914942,-0.0010069685870947413,-0.0012007121454336682,0.9999987721516671,0.0,0.0,0.0
6,1775234135184416817,0.163735177,163,21.434542,21.529260993702337,45.90292260829146,0.740369719488572,-0.740369719488572,-0.029370229691267014,0.03350314497947693,-0.029516369104385376,-0.01622927375137806,-0.012719388119876385,0.007281440310180187,0.9943978138612206,-0.10570230332161934,0.0005803739155624795,0.10570168685903591,0.994397539602139,0.0010062810429103206,-0.0006834883686276712,-0.0009392971144087962,0.9999993252821623,-0.0008159490535035729,-0.0003131493867840618,0.0006563085480593145,-0.029370229691267014,0.03350314497947693,-0.029516369104385376,-0.01622927375137806,-0.012719388119876385,0.007281440310180187,0.9943978138612206,-0.10570230332161934,0.0005803739155624795,0.10570168685903591,0.994397539602139,0.0010062810429103206,-0.0006834883686276712,-0.0009392971144087962,0.9999993252821623,-0.0008159490535035729,-0.0003131493867840618,0.0006563085480593145,45.90292260829146,0.00033529520240953943,0.0014147227645715944,-0.0028964310985846392,-1.093137062547435,0.005154497506398642,0.020405248167104522,0.0004858294252654119,45.90292260829146,0.00033529520240953943,0.0014147227645715944,-0.0028964310985846392,-0.031154323369264603,0.040552690625190735,-0.025878578424453735,0.0,0.0,0.0,0.9943794890907705,-0.10587198696352607,0.0008741882329532831,0.1058708073205834,0.9943791484236946,0.0013005730755914942,-0.0010069685870947413,-0.0012007121454336682,0.9999987721516671,0.0,0.0,0.0
7,1775234135209196365,0.188514725,188,24.779548,4.8584489995846525,45.82343325704382,0.7390876331781261,-0.7390876331781261,-0.029360052198171616,0.03356053680181503,-0.02968314290046692,-0.016161222010850906,-0.012567178346216679,0.007139294408261776,0.9943974320246978,-0.10570442628829624,0.0005888517057773962,0.10570381067470347,0.9943971754751575,0.000993537338863315,-0.000690573748131515,-0.0009257271053091931,0.9999993330683977,0.0004245176096446812,-0.0008316406747326255,7.188221934484318e-05,-0.029360052198171616,0.03356053680181503,-0.02968314290046692,-0.016161222010850906,-0.012567178346216679,0.007139294408261776,0.9943974320246978,-0.10570442628829624,0.0005888517057773962,0.10570381067470347,0.9943971754751575,0.000993537338863315,-0.000690573748131515,-0.0009257271053091931,0.9999993330683977,0.0004245176096446812,-0.0008316406747326255,7.188221934484318e-05,45.82343325704382,0.00026049487181438783,0.0014759603261960117,-0.0028895940993947586,-1.1136618441276476,0.0031834079365436257,0.02158759348196927,0.0005981252105402297,45.82343325704382,0.00026049487181438783,0.0014759603261960117,-0.0028895940993947586,-0.031154323369264603,0.040552690625190735,-0.025878578424453735,0.0,0.0,0.0,0.9943794890907705,-0.10587198696352607,0.0008741882329532831,0.1058708073205834,0.9943791484236946,0.0013005730755914942,-0.0010069685870947413,-0.0012007121454336682,0.9999987721516671,0.0,0.0,0.0
8,1775234135226501884,0.205820244,205,17.305519,31.406797003000975,45.832938708165614,0.739240946905897,-0.739240946905897,-0.02935885451734066,0.03392874076962471,-0.03066733479499817,-0.01602601259946823,-0.011618525721132755,0.006330903619527817,0.9943923343004912,-0.10575190681688795,0.000630167629893273,0.10575130575483094,0.9943921712854205,0.000921107842241615,-0.0007240426852601336,-0.0008493015299206779,0.9999993772243503,0.00040058925515040755,-0.00020554674847517163,-0.0004703664453700185,-0.02935885451734066,0.03392874076962471,-0.03066733479499817,-0.01602601259946823,-0.011618525721132755,0.006330903619527817,0.9943923343004912,-0.10575190681688795,0.000630167629893273,0.10575130575483094,0.9943921712854205,0.000921107842241615,-0.0007240426852601336,-0.0008493015299206779,0.9999993772243503,0.00040058925515040755,-0.00020554674847517163,-0.0004703664453700185,45.832938708165614,0.0002565610851768837,0.00140318971720687,-0.002888133178973192,-1.1112074611815779,0.003079747354437562,0.02018257364911134,0.0006221204168299492,45.832938708165614,0.0002565610851768837,0.00140318971720687,-0.002888133178973192,-0.031154323369264603,0.040552690625190735,-0.025878578424453735,0.0,0.0,0.0,0.9943794890907705,-0.10587198696352607,0.0008741882329532831,0.1058708073205834,0.9943791484236946,0.0013005730755914942,-0.0010069685870947413,-0.0012007121454336682,0.9999987721516671,0.0,0.0,0.0
9,1775234135259711901,0.239030261,239,33.210017,14.060401997994632,45.839473285016936,0.7393463433067248,-0.7393463433067248,-0.02935885451734066,0.03392874076962471,-0.03066733479499817,-0.01602601259946823,-0.011618525721132755,0.006330903619527817,0.9943923343004912,-0.10575190681688795,0.000630167629893273,0.10575130575483094,0.9943921712854205,0.000921107842241615,-0.0007240426852601336,-0.0008493015299206779,0.9999993772243503,0.00040058925515040755,-0.00020554674847517163,-0.0004703664453700185,-0.02935885451734066,0.03392874076962471,-0.03066733479499817,-0.01602601259946823,-0.011618525721132755,0.006330903619527817,0.9943923343004912,-0.10575190681688795,0.000630167629893273,0.10575130575483094,0.9943921712854205,0.000921107842241615,-0.0007240426852601336,-0.0008493015299206779,0.9999993772243503,0.00040058925515040755,-0.00020554674847517163,-0.0004703664453700185,45.839473285016936,0.00025541020959738813,0.0013953252587902908,-0.0028878750107589886,-1.1095201815587443,0.003049420231109426,0.020030730477761365,0.0006263607570057791,45.839473285016936,0.00025541020959738813,0.0013953252587902908,-0.0028878750107589886,-0.031154323369264603,0.040552690625190735,-0.025878578424453735,0.0,0.0,0.0,0.9943794890907705,-0.10587198696352607,0.0008741882329532831,0.1058708073205834,0.9943791484236946,0.0013005730755914942,-0.0010069685870947413,-0.0012007121454336682,0.9999987721516671,0.0,0.0,0.0
10,1775234135275266411,0.254584771,254,15.55451,25.44237399706617,45.88461576301881,0.7400744477906259,-0.7400744477906259,-0.0293686892837286,0.03399471566081047,-0.030817478895187378,-0.01601449027657509,-0.01148056611418724,0.006167377810925245,0.9943920778851986,-0.10575509428844088,0.0006372765554653699,0.10575449499873413,0.9943919290563873,0.0009104203455748607,-0.0007299841410740669,-0.0008379199052193547,0.9999993825065445,-0.00020390177087392658,-0.00028252974152565,0.0005993780796416104,-0.0293686892837286,0.03399471566081047,-0.030817478895187378,-0.01601449027657509,-0.01148056611418724,0.006167377810925245,0.9943920778851986,-0.10575509428844088,0.0006372765554653699,0.10575449499873413,0.9943919290563873,0.0009104203455748607,-0.0007299841410740669,-0.0008379199052193547,0.9999993825065445,-0.00020390177087392658,-0.00028252974152565,0.0005993780796416104,45.88461576301881,0.0002848590237367186,0.0014138186874320694,-0.002909051943203955,-1.0978640353399713,0.0038254361916377553,0.020387792681584874,0.0002785356084904777,45.88461576301881,0.0002848590237367186,0.0014138186874320694,-0.002909051943203955,-0.031154323369264603,0.040552690625190735,-0.025878578424453735,0.0,0.0,0.0,0.9943794890907705,-0.10587198696352607,0.0008741882329532831,0.1058708073205834,0.9943791484236946,0.0013005730755914942,-0.0010069685870947413,-0.0012007121454336682,0.9999987721516671,0.0,0.0,0.0
11,1775234135310900220,0.29021858,290,35.633809,6.2726159958401695,45.91369709591996,0.7405435015470961,-0.7405435015470961,-0.02937999740242958,0.03407779335975647,-0.03099110722541809,-0.016023896634578705,-0.01130907703191042,0.0059999339282512665,0.9943914126528858,-0.10576111763601492,0.0006441115638706578,0.10576052083900134,0.9943912781242142,0.0008992571503810554,-0.0007356052808750735,-0.0008260920045443272,0.9999993882282788,0.00010393024422228336,-0.00039753358578309417,0.0002446066355332732,-0.02937999740242958,0.03407779335975647,-0.03099110722541809,-0.016023896634578705,-0.01130907703191042,0.0059999339282512665,0.9943914126528858,-0.10576111763601492,0.0006441115638706578,0.10576052083900134,0.9943912781242142,0.0008992571503810554,-0.0007356052808750735,-0.0008260920045443272,0.9999993882282788,0.00010393024422228336,-0.00039753358578309417,0.0002446066355332732,45.91369709591996,0.00026236965515663926,0.0014222713143607164,-0.0029059518361790205,-1.0903550043001038,0.003232811005517352,0.02055099192698723,0.00032945399287704404,45.91369709591996,0.00026236965515663926,0.0014222713143607164,-0.0029059518361790205,-0.031154323369264603,0.040552690625190735,-0.025878578424453735,0.0,0.0,0.0,0.9943794890907705,-0.10587198696352607,0.0008741882329532831,0.1058708073205834,0.9943791484236946,0.0013005730755914942,-0.0010069685870947413,-0.0012007121454336682,0.9999987721516671,0.0,0.0,0.0
12,1775234135320576280,0.29989464,299,9.67606,14.462268998613581,45.9544445530567,0.7412007185976888,-0.7412007185976888,-0.029427535831928253,0.034320585429668427,-0.03148767352104187,-0.01599849760532379,-0.010917081497609615,0.005650535691529512,0.9943889423172884,-0.10578503552566332,0.0006668147038058087,0.10578444922540942,0.9943888558542092,0.0008606048989277053,-0.0007541120206559977,-0.0007852373536530993,0.9999994073585806,0.00023765346850268543,-8.116025128401816e-05,-0.0008188185747712851,-0.029427535831928253,0.034320585429668427,-0.03148767352104187,-0.01599849760532379,-0.010917081497609615,0.005650535691529512,0.9943889423172884,-0.10578503552566332,0.0006668147038058087,0.10578444922540942,0.9943888558542092,0.0008606048989277053,-0.0007541120206559977,-0.0007852373536530993,0.9999994073585806,0.00023765346850268543,-8.116025128401816e-05,-0.0008188185747712851,45.9544445530567,0.0002497263296132885,0.0013641281296115596,-0.002889771418602432,-1.0798336873620007,0.0028996423295436723,0.019428391348912125,0.0005952127925163298,45.9544445530567,0.0002497263296132885,0.0013641281296115596,-0.002889771418602432,-0.031154323369264603,0.040552690625190735,-0.025878578424453735,0.0,0.0,0.0,0.9943794890907705,-0.10587198696352607,0.0008741882329532831,0.1058708073205834,0.9943791484236946,0.0013005730755914942,-0.0010069685870947413,-0.0012007121454336682,0.9999987721516671,0.0,0.0,0.0
13,1775234135341495013,0.320813373,320,20.918733,23.265113006345928,46.03894499784354,0.7425636289974764,-0.7425636289974764,-0.02941916137933731,0.03453042730689049,-0.03184288740158081,-0.01596432738006115,-0.010598655790090561,0.0054567670449614525,0.9943874516488515,-0.10579849226349713,0.0006754148397042446,0.10579792086362372,0.99438739362294,0.0008321608910613729,-0.0007596652392796613,-0.0007560328554599618,0.999999425661405,-0.0004757484421133995,-0.00025176291819661856,-0.0006728842854499817,-0.02941916137933731,0.03453042730689049,-0.03184288740158081,-0.01596432738006115,-0.010598655790090561,0.0054567670449614525,0.9943874516488515,-0.10579849226349713,0.0006754148397042446,0.10579792086362372,0.99438739362294,0.0008321608910613729,-0.0007596652392796613,-0.0007560328554599618,0.999999425661405,-0.0004757484421133995,-0.00025176291819661856,-0.0006728842854499817,46.03894499784354,0.00027629678161132654,0.0013819968625922454,-0.002893967486900077,-1.058015001645505,0.0035998095665459758,0.019773392230101015,0.000526293553027716,46.03894499784354,0.00027629678161132654,0.0013819968625922454,-0.002893967486900077,-0.031154323369264603,0.040552690625190735,-0.025878578424453735,0.0,0.0,0.0,0.9943794890907705,-0.10587198696352607,0.0008741882329532831,0.1058708073205834,0.9943791484236946,0.0013005730755914942,-0.0010069685870947413,-0.0012007121454336682,0.9999987721516671,0.0,0.0,0.0
14,1775234135368117831,0.347436191,347,26.622818,37.406945004477166,46.09531967540973,0.7434728979904796,-0.7434728979904796,-0.02941916137933731,0.03453042730689049,-0.03184288740158081,-0.01596432738006115,-0.010598655790090561,0.0054567670449614525,0.9943874516488515,-0.10579849226349713,0.0006754148397042446,0.10579792086362372,0.99438739362294,0.0008321608910613729,-0.0007596652392796613,-0.0007560328554599618,0.999999425661405,-0.0004757484421133995,-0.00025176291819661856,-0.0006728842854499817,-0.02941916137933731,0.03453042730689049,-0.03184288740158081,-0.01596432738006115,-0.010598655790090561,0.0054567670449614525,0.9943874516488515,-0.10579849226349713,0.0006754148397042446,0.10579792086362372,0.99438739362294,0.0008321608910613729,-0.0007596652392796613,-0.0007560328554599618,0.999999425661405,-0.0004757484421133995,-0.00025176291819661856,-0.0006728842854499817,46.09531967540973,0.0002747454514721222,0.0013782139467302982,-0.0028933300160268096,-1.0434586123236669,0.0035589299256077885,0.01970035351452751,0.000536763832504909,46.09531967540973,0.0002747454514721222,0.0013782139467302982,-0.0028933300160268096,-0.031154323369264603,0.040552690625190735,-0.025878578424453735,0.0,0.0,0.0,0.9943794890907705,-0.10587198696352607,0.0008741882329532831,0.1058708073205834,0.9943791484236946,0.0013005730755914942,-0.0010069685870947413,-0.0012007121454336682,0.9999987721516671,0.0,0.0,0.0
15,1775234135407149393,0.386467753,386,39.031562,33.66740499041043,46.14006390647364,0.7441945791366716,-0.7441945791366716,-0.029418999329209328,0.03463345393538475,-0.03201371431350708,-0.015995608642697334,-0.010403911583125591,0.005390703212469816,0.9943870593978368,-0.10580256044547931,0.0006826457934367507,0.10580199753984876,0.9943870204929943,0.0008139357963037135,-0.0007649304139080355,-0.0007371419277723474,0.9999994357515303,-0.00037981808418408036,-0.0005378899513743818,0.0004495559260249138,-0.029418999329209328,0.03463345393538475,-0.03201371431350708,-0.015995608642697334,-0.010403911583125591,0.005390703212469816,0.9943870593978368,-0.10580256044547931,0.0006826457934367507,0.10580199753984876,0.9943870204929943,0.0008139357963037135,-0.0007649304139080355,-0.0007371419277723474,0.9999994357515303,-0.00037981808418408036,-0.0005378899513743818,0.0004495559260249138,46.14006390647364,0.0002605840362082524,0.0014173479950738035,-0.0029143093551281495,-1.0319052966260684,0.0031857575385487308,0.020455934851916765,0.0001921840989840236,46.14006390647364,0.0002605840362082524,0.0014173479950738035,-0.0029143093551281495,-0.031154323369264603,0.040552690625190735,-0.025878578424453735,0.0,0.0,0.0,0.9943794890907705,-0.10587198696352607,0.0008741882329532831,0.1058708073205834,0.9943791484236946,0.0013005730755914942,-0.0010069685870947413,-0.0012007121454336682,0.9999987721516671,0.0,0.0,0.0
16,1775234135442455416,0.421773776,421,35.306023,45.5007900018245,46.163205357033625,0.7445678283392521,-0.7445678283392521,-0.02940916270017624,0.03484782949090004,-0.03236988186836243,-0.015917513519525528,-0.010043500922620296,0.005151637364178896,0.9943851441083699,-0.1058190426403316,0.0007087970025187683,0.1058184841272356,0.9943851470985773,0.0007839953393141063,-0.0007877788570908673,-0.0007045894940789555,0.9999994414788993,0.0002711446722969413,-0.000742931617423892,-0.00046151888091117144,-0.02940916270017624,0.03484782949090004,-0.03236988186836243,-0.015917513519525528,-0.010043500922620296,0.005151637364178896,0.9943851441083699,-0.1058190426403316,0.0007087970025187683,0.1058184841272356,0.9943851470985773,0.0007839953393141063,-0.0007877788570908673,-0.0007045894940789555,0.9999994414788993,0.0002711446722969413,-0.000742931617423892,-0.00046151888091117144,46.163205357033625,0.00021058941093565674,0.0014284792346346185,-0.0029024368073089146,-1.0259299903650685,0.0018683317512620283,0.02067085145855903,0.00038718735166059034,46.163205357033625,0.00021058941093565674,0.0014284792346346185,-0.0029024368073089146,-0.031154323369264603,0.040552690625190735,-0.025878578424453735,0.0,0.0,0.0,0.9943794890907705,-0.10587198696352607,0.0008741882329532831,0.1058708073205834,0.9943791484236946,0.0013005730755914942,-0.0010069685870947413,-0.0012007121454336682,0.9999987721516671,0.0,0.0,0.0
17,1775234135501964862,0.481283222,481,59.509446,15.02588800212834,46.20312568096493,0.7452117045316924,-0.7452117045316924,-0.02939963899552822,0.03495887294411659,-0.03255489468574524,-0.015957791358232498,-0.00989552866667509,0.004994319751858711,0.9943845068087578,-0.10582630447818375,0.0007117752802280597,0.10582575281661222,0.994384520066574,0.0007726690700091412,-0.0007895468485237115,-0.0006930059994536841,0.9999994481791421,-0.0002742023207247257,0.0006895695114508271,0.0001691916404524818,-0.02939963899552822,0.03495887294411659,-0.03255489468574524,-0.015957791358232498,-0.00989552866667509,0.004994319751858711,0.9943845068087578,-0.10582630447818375,0.0007117752802280597,0.10582575281661222,0.994384520066574,0.0007726690700091412,-0.0007895468485237115,-0.0006930059994536841,0.9999994481791421,-0.0002742023207247257,0.0006895695114508271,0.0001691916404524818,46.20312568096493,0.00026671879859146985,0.0012544885285322954,-0.0029119473841243116,-1.0156222457874493,0.0033474167992884516,0.01731152279273468,0.0002309788072041013,46.20312568096493,0.00026671879859146985,0.0012544885285322954,-0.0029119473841243116,-0.031154323369264603,0.040552690625190735,-0.025878578424453735,0.0,0.0,0.0,0.9943794890907705,-0.10587198696352607,0.0008741882329532831,0.1058708073205834,0.9943791484236946,0.0013005730755914942,-0.0010069685870947413,-0.0012007121454336682,0.9999987721516671,0.0,0.0,0.0
18,1775234135523415464,0.502733824,502,21.450602,16.434375997050665,46.25427513961653,0.7460366958002667,-0.7460366958002667,-0.02939286269247532,0.035068195313215256,-0.03273570537567139,-0.015921322628855705,-0.009810076095163822,0.004870133008807898,0.9943839363997651,-0.10583037702196108,0.0007233976471522786,0.10582983079146824,0.9943839704141968,0.0007558257755365901,-0.0007993243478535464,-0.0006750239594262141,0.9999994527114721,-0.0001686631585471332,-0.00127660040743649,0.0003718555090017617,-0.02939286269247532,0.035068195313215256,-0.03273570537567139,-0.015921322628855705,-0.009810076095163822,0.004870133008807898,0.9943839363997651,-0.10583037702196108,0.0007233976471522786,0.10582983079146824,0.9943839704141968,0.0007558257755365901,-0.0007993243478535464,-0.0006750239594262141,0.9999994527114721,-0.0001686631585471332,-0.00127660040743649,0.0003718555090017617,46.25427513961653,0.00021356718161019868,0.001476757284084476,-0.0029206899981784836,-1.0024150494738266,0.0019468000236788636,0.02160298076063574,8.73838347166135e-05,46.25427513961653,0.00021356718161019868,0.001476757284084476,-0.0029206899981784836,-0.031154323369264603,0.040552690625190735,-0.025878578424453735,0.0,0.0,0.0,0.9943794890907705,-0.10587198696352607,0.0008741882329532831,0.1058708073205834,0.9943791484236946,0.0013005730755914942,-0.0010069685870947413,-0.0012007121454336682,0.9999987721516671,0.0,0.0,0.0
19,1775234135550750418,0.530068778,530,27.334954,21.668149987817742,46.24864276831634,0.7459458511018764,-0.7459458511018764,-0.02938872016966343,0.035175975412130356,-0.032912492752075195,-0.015914812684059143,-0.009621154516935349,0.004669410176575184,0.9943833095440637,-0.10583746229972602,0.0007247511335698523,0.10583692241316411,0.9943833507248159,0.0007467565385183041,-0.0007997150958401998,-0.0006658568156262465,0.9999994585451504,0.0005338588962331414,0.0006909906514920294,-0.000309660128550604,-0.02938872016966343,0.035175975412130356,-0.032912492752075195,-0.015914812684059143,-0.009621154516935349,0.004669410176575184,0.9943833095440637,-0.10583746229972602,0.0007247511335698523,0.10583692241316411,0.9943833507248159,0.0007467565385183041,-0.0007997150958401998,-0.0006658568156262465,0.9999994585451504,0.0005338588962331414,0.0006909906514920294,-0.000309660128550604,46.24864276831634,0.00021154032620840835,0.0012353742810796017,-0.002906599752947583,-1.0038693724605,0.0018933896508865789,0.016942474118630604,0.00031881214251291024,46.24864276831634,0.00021154032620840835,0.0012353742810796017,-0.002906599752947583,-0.031154323369264603,0.040552690625190735,-0.025878578424453735,0.0,0.0,0.0,0.9943794890907705,-0.10587198696352607,0.0008741882329532831,0.1058708073205834,0.9943791484236946,0.0013005730755914942,-0.0010069685870947413,-0.0012007121454336682,0.9999987721516671,0.0,0.0,0.0
20,1775234135577809626,0.557127986,557,27.059208,28.141189002781175,46.29663759536955,0.746719961215638,-0.746719961215638,-0.0293755903840065,0.03553696721792221,-0.03350424766540527,-0.015808986499905586,-0.009079409763216972,0.004195434041321278,0.994381388899019,-0.10585428394231511,0.0007239145660625531,0.10585376530250601,0.9943814463610994,0.0007208148662283535,-0.0007961485547147286,-0.0006401358052468106,0.9999994781866787,0.00023010809672996402,0.0009938315488398075,0.00032859508064575493,-0.0293755903840065,0.03553696721792221,-0.03350424766540527,-0.015808986499905586,-0.009079409763216972,0.004195434041321278,0.994381388899019,-0.10585428394231511,0.0007239145660625531,0.10585376530250601,0.9943814463610994,0.0007208148662283535,-0.0007961485547147286,-0.0006401358052468106,0.9999994781866787,0.00023010809672996402,0.0009938315488398075,0.00032859508064575493,46.29663759536955,0.0002268655093335974,0.0011774001969221788,-0.002921588706895148,-0.9914767270710776,0.0022972288902834196,0.015823138453250812,7.262279726899655e-05,46.29663759536955,0.0002268655093335974,0.0011774001969221788,-0.002921588706895148,-0.031154323369264603,0.040552690625190735,-0.025878578424453735,0.0,0.0,0.0,0.9943794890907705,-0.10587198696352607,0.0008741882329532831,0.1058708073205834,0.9943791484236946,0.0013005730755914942,-0.0010069685870947413,-0.0012007121454336682,0.9999987721516671,0.0,0.0,0.0
21,1775234135608414215,0.587732575,587,30.604589,6.902955996338278,46.4160440864644,0.748645872362329,-0.748645872362329,-0.029373278841376305,0.035784658044576645,-0.03390425443649292,-0.01573677361011505,-0.008765986189246178,0.003871345892548561,0.9943795751463469,-0.1058725250875876,0.0007221415063749063,0.10587202676260166,0.994379646400553,0.0006966336072309239,-0.0007918370048731853,-0.0006162636575901999,0.9999994966065618,-0.0006571385893039405,-0.0007544703548774123,-0.000535128521732986,-0.029373278841376305,0.035784658044576645,-0.03390425443649292,-0.01573677361011505,-0.008765986189246178,0.003871345892548561,0.9943795751463469,-0.1058725250875876,0.0007221415063749063,0.10587202676260166,0.994379646400553,0.0006966336072309239,-0.0007918370048731853,-0.0006162636575901999,0.9999994966065618,-0.0006571385893039405,-0.0007544703548774123,-0.000535128521732986,46.4160440864644,0.00022153718621951225,0.0013867024321371649,-0.002914390459330971,-0.9606450230690419,0.002156820391665482,0.01986424509813859,0.00019085198530491155,46.4160440864644,0.00022153718621951225,0.0013867024321371649,-0.002914390459330971,-0.031154323369264603,0.040552690625190735,-0.025878578424453735,0.0,0.0,0.0,0.9943794890907705,-0.10587198696352607,0.0008741882329532831,0.1058708073205834,0.9943791484236946,0.0013005730755914942,-0.0010069685870947413,-0.0012007121454336682,0.9999987721516671,0.0,0.0,0.0
22,1775234135621056221,0.600374581,600,12.642006,27.429466004832648,46.65063189110608,0.7524295466307432,-0.7524295466307432,-0.029663216322660446,0.03767906501889229,-0.03729355335235596,-0.01605459675192833,-0.006120148114860058,0.0015240713255479932,0.9943669239192869,-0.10598985264249627,0.0008261685741297112,0.10598942215329754,0.9943671616644141,0.0005486323174040131,-0.0008796642870440852,-0.00045797671848996774,0.9999995082239375,0.0003464196634013206,-8.053605415625498e-05,-0.0005210665403865278,-0.029663216322660446,0.03767906501889229,-0.03729355335235596,-0.01605459675192833,-0.006120148114860058,0.0015240713255479932,0.9943669239192869,-0.10598985264249627,0.0008261685741297112,0.10598942215329754,0.9943671616644141,0.0005486323174040131,-0.0008796642870440852,-0.00045797671848996774,0.9999995082239375,0.0003464196634013206,-8.053605415625498e-05,-0.0005210665403865278,46.65063189110608,0.00012765184691911343,0.0012744883392905957,-0.0029382305321274753,-0.9000725894527282,-0.00031718489126451475,0.01769766949617934,-0.00020071449310781465,46.65063189110608,0.00012765184691911343,0.0012744883392905957,-0.0029382305321274753,-0.031154323369264603,0.040552690625190735,-0.025878578424453735,0.0,0.0,0.0,0.9943794890907705,-0.10587198696352607,0.0008741882329532831,0.1058708073205834,0.9943791484236946,0.0013005730755914942,-0.0010069685870947413,-0.0012007121454336682,0.9999987721516671,0.0,0.0,0.0
23,1775234135655764016,0.635082376,635,34.707795,9.933181994711049,46.80806358568466,0.7549687675110428,-0.7549687675110428,-0.029663216322660446,0.03767906501889229,-0.03729355335235596,-0.01605459675192833,-0.006120148114860058,0.0015240713255479932,0.9943669239192869,-0.10598985264249627,0.0008261685741297112,0.10598942215329754,0.9943671616644141,0.0005486323174040131,-0.0008796642870440852,-0.00045797671848996774,0.9999995082239375,0.0003464196634013206,-8.053605415625498e-05,-0.0005210665403865278,-0.029663216322660446,0.03767906501889229,-0.03729355335235596,-0.01605459675192833,-0.006120148114860058,0.0015240713255479932,0.9943669239192869,-0.10598985264249627,0.0008261685741297112,0.10598942215329754,0.9943671616644141,0.0005486323174040131,-0.0008796642870440852,-0.00045797671848996774,0.9999995082239375,0.0003464196634013206,-8.053605415625498e-05,-0.0005210665403865278,46.80806358568466,0.00010421464911653583,0.0012471057348907204,-0.0029378000555095986,-0.8594224760185264,-0.0009347866554241506,0.01716897937263141,-0.0001936440359519218,46.80806358568466,0.00010421464911653583,0.0012471057348907204,-0.0029378000555095986,-0.031154323369264603,0.040552690625190735,-0.025878578424453735,0.0,0.0,0.0,0.9943794890907705,-0.10587198696352607,0.0008741882329532831,0.1058708073205834,0.9943791484236946,0.0013005730755914942,-0.0010069685870947413,-0.0012007121454336682,0.9999987721516671,0.0,0.0,0.0
24,1775234135667366577,0.646684937,646,11.602561,14.243293000617996,46.94686730989259,0.757207537256332,-0.757207537256332,-0.030017180368304253,0.03769757226109505,-0.03756400942802429,-0.016175366938114166,-0.005985777825117111,0.0013255039229989052,0.9943664802545615,-0.10599321896314629,0.0008370118248675652,0.105992795081149,0.9943667334524033,0.000535633183729043,-0.000889070225174763,-0.00044389845368906014,0.999999506254018,-2.5948271286324598e-05,-0.00017326480883639306,0.0001794526760932058,-0.030017180368304253,0.03769757226109505,-0.03756400942802429,-0.016175366938114166,-0.005985777825117111,0.0013255039229989052,0.9943664802545615,-0.10599321896314629,0.0008370118248675652,0.105992795081149,0.9943667334524033,0.000535633183729043,-0.000889070225174763,-0.00044389845368906014,0.999999506254018,-2.5948271286324598e-05,-0.00017326480883639306,0.0001794526760932058,46.94686730989259,0.00010889569723754192,0.00123607274697105,-0.0029508597910296425,-0.823582252426665,-0.0008114347256413352,0.01695595976130547,-0.0004081465121077382,46.94686730989259,0.00010889569723754192,0.00123607274697105,-0.0029508597910296425,-0.031154323369264603,0.040552690625190735,-0.025878578424453735,0.0,0.0,0.0,0.9943794890907705,-0.10587198696352607,0.0008741882329532831,0.1058708073205834,0.9943791484236946,0.0013005730755914942,-0.0010069685870947413,-0.0012007121454336682,0.9999987721516671,0.0,0.0,0.0
25,1775234135685776686,0.665095046,665,18.410109,14.93401599873323,47.06978536353858,0.7591900865086868,-0.7591900865086868,-0.0300521831959486,0.03783771023154259,-0.03785902261734009,-0.016186395660042763,-0.005733930040150881,0.0011532758362591267,0.9943661258448474,-0.10599657724498202,0.0008431671729126032,0.10599616866221884,0.9943663932707109,0.0005154696506201352,-0.0008930551335905972,-0.00042319306534412474,0.9999995116799547,-0.00041735480772331357,0.00039554107934236526,0.0012304973788559437,-0.0300521831959486,0.03783771023154259,-0.03785902261734009,-0.016186395660042763,-0.005733930040150881,0.0011532758362591267,0.9943661258448474,-0.10599657724498202,0.0008431671729126032,0.10599616866221884,0.9943663932707109,0.0005154696506201352,-0.0008930551335905972,-0.00042319306534412474,0.9999995116799547,-0.00041735480772331357,0.00039554107934236526,0.0012304973788559437,47.06978536353858,0.00013558119641424307,0.001161365853612205,-0.0029710439311256883,-0.7918438350946528,-0.00010823584035486277,0.015513555083394338,-0.0007396653260249767,47.06978536353858,0.00013558119641424307,0.001161365853612205,-0.0029710439311256883,-0.031154323369264603,0.040552690625190735,-0.025878578424453735,0.0,0.0,0.0,0.9943794890907705,-0.10587198696352607,0.0008741882329532831,0.1058708073205834,0.9943791484236946,0.0013005730755914942,-0.0010069685870947413,-0.0012007121454336682,0.9999987721516671,0.0,0.0,0.0
26,1775234135702581784,0.681900144,681,16.805098,7.52347799425479,47.18486478049023,0.7610462061369392,-0.7610462061369392,-0.03008960373699665,0.03797698765993118,-0.038148313760757446,-0.016234897077083588,-0.005507727153599262,0.0009698707144707441,0.9943664363152326,-0.10599373647943566,0.0008570243350060486,0.10599333850025161,0.9943667237086796,0.0004973009852008714,-0.0009049072593606822,-0.00040366054133474105,0.9999995091003928,-0.0004392018890939653,-0.0010286127217113972,0.0009957453003153205,-0.03008960373699665,0.03797698765993118,-0.038148313760757446,-0.016234897077083588,-0.005507727153599262,0.0009698707144707441,0.9943664363152326,-0.10599373647943566,0.0008570243350060486,0.10599333850025161,0.9943667237086796,0.0004973009852008714,-0.0009049072593606822,-0.00040366054133474105,0.9999995091003928,-0.0004392018890939653,-0.0010286127217113972,0.0009957453003153205,47.18486478049023,9.252150703319352e-05,0.001322887543853745,-0.0029722189983628685,-0.7621294159902352,-0.0012429167160258174,0.018632138002769954,-0.0007589654743042345,47.18486478049023,9.252150703319352e-05,0.001322887543853745,-0.0029722189983628685,-0.031154323369264603,0.040552690625190735,-0.025878578424453735,0.0,0.0,0.0,0.9943794890907705,-0.10587198696352607,0.0008741882329532831,0.1058708073205834,0.9943791484236946,0.0013005730755914942,-0.0010069685870947413,-0.0012007121454336682,0.9999987721516671,0.0,0.0,0.0
