step,timestamp_ns,experiment_time_s,reference_index,tick_dt_ms,solver_ms,px4_collective_command_newton,px4_collective_normalized,px4_thrust_body_z,state_raw_0,state_raw_1,state_raw_2,state_raw_3,state_raw_4,state_raw_5,state_raw_6,state_raw_7,state_raw_8,state_raw_9,state_raw_10,state_raw_11,state_raw_12,state_raw_13,state_raw_14,state_raw_15,state_raw_16,state_raw_17,state_used_0,state_used_1,state_used_2,state_used_3,state_used_4,state_used_5,state_used_6,state_used_7,state_used_8,state_used_9,state_used_10,state_used_11,state_used_12,state_used_13,state_used_14,state_used_15,state_used_16,state_used_17,control_raw_0,control_raw_1,control_raw_2,control_raw_3,control_used_0,control_used_1,control_used_2,control_used_3,reference_0,reference_1,reference_2,reference_3,reference_4,reference_5,reference_6,reference_7,reference_8,reference_9,reference_10,reference_11,reference_12,reference_13,reference_14,reference_15,reference_16,reference_17
0,1774220661958821624,0.0,0,0.0,38.62558599212207,2.2555194821223288e-05,3.637934648584401e-07,-3.637934648584401e-07,-0.0227873045951128,-0.01596025377511978,0.03199431300163269,-0.0157918781042099,0.005555364768952131,0.020800888538360596,0.9945999918093805,-0.10378227909781756,0.0004333876014022764,0.10378235421862847,0.9946000663871358,-0.00015453905792365673,-0.000415008910513639,0.00019868250468380987,0.9999998941464321,-3.6176497815176845e-05,-0.0008042556582950056,-5.061674892203882e-05,-0.0227873045951128,-0.01596025377511978,0.03199431300163269,-0.0157918781042099,0.005555364768952131,0.020800888538360596,0.9945999918093805,-0.10378227909781756,0.0004333876014022764,0.10378235421862847,0.9946000663871358,-0.00015453905792365673,-0.000415008910513639,0.00019868250468380987,0.9999998941464321,-3.6176497815176845e-05,-0.0008042556582950056,-5.061674892203882e-05,2.2555194821223288e-05,-0.00018639373731112424,0.0014878528377005572,-0.0009199972677839396,2.2555194821223288e-05,-0.00018639373731112424,0.0014878528377005572,-0.0009199972677839396,-0.023323900997638702,-0.014831938780844212,0.03696832060813904,0.0,0.0,0.0,0.9946028377703197,-0.10375434134520489,0.0005760739455789483,0.10375438354438415,0.9946029992358053,-4.377682049024577e-05,-0.0005684228150857149,0.00010331071617776869,0.9999998331111932,0.0,0.0,0.0
1,1774220661999592444,0.04077082,40,40.77082,22.902541008079425,2.2555194821223288e-05,3.637934648584401e-07,-3.637934648584401e-07,-0.0227873045951128,-0.01596025377511978,0.03199431300163269,-0.0157918781042099,0.005555364768952131,0.020800888538360596,0.9945999918093805,-0.10378227909781756,0.0004333876014022764,0.10378235421862847,0.9946000663871358,-0.00015453905792365673,-0.000415008910513639,0.00019868250468380987,0.9999998941464321,-3.6176497815176845e-05,-0.0008042556582950056,-5.061674892203882e-05,-0.0227873045951128,-0.01596025377511978,0.03199431300163269,-0.0157918781042099,0.005555364768952131,0.020800888538360596,0.9945999918093805,-0.10378227909781756,0.0004333876014022764,0.10378235421862847,0.9946000663871358,-0.00015453905792365673,-0.000415008910513639,0.00019868250468380987,0.9999998941464321,-3.6176497815176845e-05,-0.0008042556582950056,-5.061674892203882e-05,2.2555194821223288e-05,-0.00018639373731112424,0.0014878528377005572,-0.0009199972677839396,2.2555194821223288e-05,-0.00018639373731112424,0.0014878528377005572,-0.0009199972677839396,-0.023323900997638702,-0.014831938780844212,0.03696832060813904,0.0,0.0,0.0,0.9946028377703197,-0.10375434134520489,0.0005760739455789483,0.10375438354438415,0.9946029992358053,-4.377682049024577e-05,-0.0005684228150857149,0.00010331071617776869,0.9999998331111932,0.0,0.0,0.0
2,1774220662028377931,0.069556307,69,28.785487,15.594595985021442,2.334026505142929e-05,3.764558879262789e-07,-3.764558879262789e-07,-0.02281869947910309,-0.016063865274190903,0.03182685375213623,-0.015746181830763817,0.005544373765587807,0.020706497132778168,0.9945994716063195,-0.10378741598650287,0.000434779342699209,0.10378749059659942,0.994599547136504,-0.000152647740316314,-0.0004165884078040777,0.00019694798284038487,0.9999998938327956,0.0003300340613350272,-0.00020793308794964105,0.00023527703888248652,-0.02281869947910309,-0.016063865274190903,0.03182685375213623,-0.015746181830763817,0.005544373765587807,0.020706497132778168,0.9945994716063195,-0.10378741598650287,0.000434779342699209,0.10378749059659942,0.994599547136504,-0.000152647740316314,-0.0004165884078040777,0.00019694798284038487,0.9999998938327956,0.0003300340613350272,-0.00020793308794964105,0.00023527703888248652,2.334026505142929e-05,-0.00019435709817492312,0.0014786819392717775,-0.0009036793909807442,2.334026505142929e-05,-0.00019435709817492312,0.0014786819392717775,-0.0009036793909807442,-0.023323900997638702,-0.014831938780844212,0.03696832060813904,0.0,0.0,0.0,0.9946028377703197,-0.10375434134520489,0.0005760739455789483,0.10375438354438415,0.9946029992358053,-4.377682049024577e-05,-0.0005684228150857149,0.00010331071617776869,0.9999998331111932,0.0,0.0,0.0
3,1774220662048248281,0.089426657,89,19.87035,17.249959986656904,3.936893567542518e-05,6.349828334745997e-07,-6.349828334745997e-07,-0.02287265658378601,-0.016298580914735794,0.03148519992828369,-0.015589664690196514,0.005389044061303139,0.02042824774980545,0.9945993069466937,-0.1037890090296556,0.00041797960322211697,0.10378907748900978,0.9945993769865026,-0.00014551013235898635,-0.0004006198872869224,0.00018810596279507374,0.9999999020599266,0.0007250026101246476,0.0001844460202846676,0.00021373413619585335,-0.02287265658378601,-0.016298580914735794,0.03148519992828369,-0.015589664690196514,0.005389044061303139,0.02042824774980545,0.9945993069466937,-0.1037890090296556,0.00041797960322211697,0.10378907748900978,0.9945993769865026,-0.00014551013235898635,-0.0004006198872869224,0.00018810596279507374,0.9999999020599266,0.0007250026101246476,0.0001844460202846676,0.00021373413619585335,3.936893567542518e-05,-0.00022394331645299051,0.0014419366167868126,-0.0008402700722095835,3.936893567542518e-05,-0.00022394331645299051,0.0014419366167868126,-0.0008402700722095835,-0.023323900997638702,-0.014831938780844212,0.03696832060813904,0.0,0.0,0.0,0.9946028377703197,-0.10375434134520489,0.0005760739455789483,0.10375438354438415,0.9946029992358053,-4.377682049024577e-05,-0.0005684228150857149,0.00010331071617776869,0.9999998331111932,0.0,0.0,0.0
4,1774220662069161785,0.110340161,110,20.913504,19.772534986259416,3.767577661792267e-05,6.076738164181075e-07,-6.076738164181075e-07,-0.02289525233209133,-0.016429666429758072,0.031311243772506714,-0.0155405942350626,0.005283615551888943,0.02030603028833866,0.9945990695073412,-0.10379202014001887,0.00041711118095253373,0.10379208792055072,0.994599139441096,-0.00014422029267533581,-0.00039988947524125656,0.00018673413637106985,0.999999902609392,-0.00013083660451229662,-0.0010149306617677212,-0.0004766334895975888,-0.02289525233209133,-0.016429666429758072,0.031311243772506714,-0.0155405942350626,0.005283615551888943,0.02030603028833866,0.9945990695073412,-0.10379202014001887,0.00041711118095253373,0.10379208792055072,0.994599139441096,-0.00014422029267533581,-0.00039988947524125656,0.00018673413637106985,0.999999902609392,-0.00013083660451229662,-0.0010149306617677212,-0.0004766334895975888,3.767577661792267e-05,-0.00022004166410127116,0.0014415314355979729,-0.0008425939465160524,3.767577661792267e-05,-0.00022004166410127116,0.0014415314355979729,-0.0008425939465160524,-0.023323900997638702,-0.014831938780844212,0.03696832060813904,0.0,0.0,0.0,0.9946028377703197,-0.10375434134520489,0.0005760739455789483,0.10375438354438415,0.9946029992358053,-4.377682049024577e-05,-0.0005684228150857149,0.00010331071617776869,0.9999998331111932,0.0,0.0,0.0
5,1774220662090224963,0.131403339,131,21.063178,15.245338989188895,7.083983549988013e-05,1.1425779919335503e-06,-1.1425779919335503e-06,-0.022944509983062744,-0.016681397333741188,0.030983537435531616,-0.015515342354774475,0.005079755559563637,0.020077500492334366,0.994597897243717,-0.10380317959733998,0.00041528669088020196,0.1038032437980747,0.9945979679326815,-0.00013608956338600608,-0.00039891673973430856,0.00017846243202582473,0.9999999045083038,0.0005260561592876911,-0.00014211368397809565,-0.0009214858873747289,-0.022944509983062744,-0.016681397333741188,0.030983537435531616,-0.015515342354774475,0.005079755559563637,0.020077500492334366,0.994597897243717,-0.10380317959733998,0.00041528669088020196,0.1038032437980747,0.9945979679326815,-0.00013608956338600608,-0.00039891673973430856,0.00017846243202582473,0.9999999045083038,0.0005260561592876911,-0.00014211368397809565,-0.0009214858873747289,7.083983549988013e-05,-0.00026880686204207316,0.0013563558886417594,-0.0007122674935419533,7.083983549988013e-05,-0.00026880686204207316,0.0013563558886417594,-0.0007122674935419533,-0.023323900997638702,-0.014831938780844212,0.03696832060813904,0.0,0.0,0.0,0.9946028377703197,-0.10375434134520489,0.0005760739455789483,0.10375438354438415,0.9946029992358053,-4.377682049024577e-05,-0.0005684228150857149,0.00010331071617776869,0.9999998331111932,0.0,0.0,0.0
6,1774220662110265804,0.15144418,151,20.040841,17.023338994476944,4.113810177592445e-05,6.635177705794266e-07,-6.635177705794266e-07,-0.022947318851947784,-0.01697402447462082,0.03062877058982849,-0.015428517945110798,0.004873564466834068,0.01987866498529911,0.994597951109425,-0.10380211684006913,0.0004045652333195043,0.10380217546497383,0.9945980192079149,-0.00012665311397135146,-0.00038923290320191494,0.0001679636459312366,0.9999999101429815,-8.898787928046659e-05,0.0004551660385914147,-2.2346448531607166e-05,-0.022947318851947784,-0.01697402447462082,0.03062877058982849,-0.015428517945110798,0.004873564466834068,0.01987866498529911,0.994597951109425,-0.10380211684006913,0.0004045652333195043,0.10380217546497383,0.9945980192079149,-0.00012665311397135146,-0.00038923290320191494,0.0001679636459312366,0.9999999101429815,-8.898787928046659e-05,0.0004551660385914147,-2.2346448531607166e-05,4.113810177592445e-05,-0.00021704678252417776,0.0013944413774778972,-0.0007915658070212154,4.113810177592445e-05,-0.00021704678252417776,0.0013944413774778972,-0.0007915658070212154,-0.023323900997638702,-0.014831938780844212,0.03696832060813904,0.0,0.0,0.0,0.9946028377703197,-0.10375434134520489,0.0005760739455789483,0.10375438354438415,0.9946029992358053,-4.377682049024577e-05,-0.0005684228150857149,0.00010331071617776869,0.9999998331111932,0.0,0.0,0.0
7,1774220662130896607,0.172074983,172,20.630803,16.563409008085728,9.390904880170512e-05,1.5146620774468567e-06,-1.5146620774468567e-06,-0.02295076660811901,-0.017115039750933647,0.030461996793746948,-0.015321223065257072,0.004739356227219105,0.019773095846176147,0.9945979950598223,-0.10380123175383504,0.00040069380818420243,0.10380128686842638,0.9945980628741871,-0.00011923730140539143,-0.0003861523032778237,0.0001601857067182657,0.9999999126134663,0.001160989049822092,-0.000503285089507699,0.00023143418366089463,-0.02295076660811901,-0.017115039750933647,0.030461996793746948,-0.015321223065257072,0.004739356227219105,0.019773095846176147,0.9945979950598223,-0.10380123175383504,0.00040069380818420243,0.10380128686842638,0.9945980628741871,-0.00011923730140539143,-0.0003861523032778237,0.0001601857067182657,0.9999999126134663,0.001160989049822092,-0.000503285089507699,0.00023143418366089463,9.390904880170512e-05,-0.0003446960192941523,0.0014313829468397326,-0.0007415244128676076,9.390904880170512e-05,-0.0003446960192941523,0.0014313829468397326,-0.0007415244128676076,-0.023323900997638702,-0.014831938780844212,0.03696832060813904,0.0,0.0,0.0,0.9946028377703197,-0.10375434134520489,0.0005760739455789483,0.10375438354438415,0.9946029992358053,-4.377682049024577e-05,-0.0005684228150857149,0.00010331071617776869,0.9999998331111932,0.0,0.0,0.0
8,1774220662148932434,0.19011081,190,18.035827,57.18902201624587,0.0001340579087326215,2.162224334397121e-06,-2.162224334397121e-06,-0.022953025996685028,-0.017552124336361885,0.02996581792831421,-0.015207496471703053,0.004483737517148256,0.019401874393224716,0.9945969121939827,-0.10381239218071836,0.000388906518794775,0.10381243658932471,0.9945969789855281,-9.574248887391553e-05,-0.00037686596875147627,0.00013559847393630146,0.9999999197925511,0.00114878558088094,0.0005750007694587111,-0.0015570578398182988,-0.022953025996685028,-0.017552124336361885,0.02996581792831421,-0.015207496471703053,0.004483737517148256,0.019401874393224716,0.9945969121939827,-0.10381239218071836,0.000388906518794775,0.10381243658932471,0.9945969789855281,-9.574248887391553e-05,-0.00037686596875147627,0.00013559847393630146,0.9999999197925511,0.00114878558088094,0.0005750007694587111,-0.0015570578398182988,0.0001340579087326215,-0.00037056071130639896,0.0012289812960624854,-0.0005024908216494815,0.0001340579087326215,-0.00037056071130639896,0.0012289812960624854,-0.0005024908216494815,-0.023323900997638702,-0.014831938780844212,0.03696832060813904,0.0,0.0,0.0,0.9946028377703197,-0.10375434134520489,0.0005760739455789483,0.10375438354438415,0.9946029992358053,-4.377682049024577e-05,-0.0005684228150857149,0.00010331071617776869,0.9999998331111932,0.0,0.0,0.0
9,1774220662213497237,0.254675613,254,64.564803,28.793386998586357,0.00014408032846309956,2.3238762655338638e-06,-2.3238762655338638e-06,-0.0228651724755764,-0.01880052126944065,0.02842530608177185,-0.014624617993831635,0.0037644137628376484,0.018260866403579712,0.9945961417294046,-0.10381929389245914,0.0002893894402973083,0.10381931352581142,0.994596180334865,-5.3627613463495816e-05,-0.0002822580494663829,8.338202799651993e-05,0.9999999566889148,0.0008718020981177688,0.00043019145959988236,-0.00016395410057157278,-0.0228651724755764,-0.01880052126944065,0.02842530608177185,-0.014624617993831635,0.0037644137628376484,0.018260866403579712,0.9945961417294046,-0.10381929389245914,0.0002893894402973083,0.10381931352581142,0.994596180334865,-5.3627613463495816e-05,-0.0002822580494663829,8.338202799651993e-05,0.9999999566889148,0.0008718020981177688,0.00043019145959988236,-0.00016395410057157278,0.00014408032846309956,-0.00040600628393682657,0.0012557585579242852,-0.0005044779957137982,0.00014408032846309956,-0.00040600628393682657,0.0012557585579242852,-0.0005044779957137982,-0.023323900997638702,-0.014831938780844212,0.03696832060813904,0.0,0.0,0.0,0.9946028377703197,-0.10375434134520489,0.0005760739455789483,0.10375438354438415,0.9946029992358053,-4.377682049024577e-05,-0.0005684228150857149,0.00010331071617776869,0.9999998331111932,0.0,0.0,0.0
10,1774220662243776666,0.284955042,284,30.279429,15.34529699711129,0.00010491731264653428,1.6922147201053918e-06,-1.6922147201053918e-06,-0.02278120629489422,-0.019160456955432892,0.027907609939575195,-0.014242946170270443,0.0036542697343975306,0.01800009235739708,0.9945957737523549,-0.10382318875642782,0.00027709136032017835,0.10382320890191621,0.9945958084801242,-5.9298388915085196e-05,-0.0002694373496748611,8.774642723323976e-05,0.9999999598520403,-0.0006173186120577157,-0.0018007152248173952,0.0005550208152271807,-0.02278120629489422,-0.019160456955432892,0.027907609939575195,-0.014242946170270443,0.0036542697343975306,0.01800009235739708,0.9945957737523549,-0.10382318875642782,0.00027709136032017835,0.10382320890191621,0.9945958084801242,-5.9298388915085196e-05,-0.0002694373496748611,8.774642723323976e-05,0.9999999598520403,-0.0006173186120577157,-0.0018007152248173952,0.0005550208152271807,0.00010491731264653428,-0.00035941547777343656,0.0013914505281461252,-0.0006856748675246217,0.00010491731264653428,-0.00035941547777343656,0.0013914505281461252,-0.0006856748675246217,-0.023323900997638702,-0.014831938780844212,0.03696832060813904,0.0,0.0,0.0,0.9946028377703197,-0.10375434134520489,0.0005760739455789483,0.10375438354438415,0.9946029992358053,-4.377682049024577e-05,-0.0005684228150857149,0.00010331071617776869,0.9999998331111932,0.0,0.0,0.0
11,1774220662260515381,0.301693757,301,16.738715,8.334825019119307,8.646689753764651e-05,1.3946273796394598e-06,-1.3946273796394598e-06,-0.022724563255906105,-0.019382664933800697,0.027613818645477295,-0.014114907011389732,0.0034572952426970005,0.01784849539399147,0.9945964280403347,-0.10381716488766357,0.00026232886101387395,0.10381718466413292,0.9945964585826529,-6.289353914804788e-05,-0.00025438191619002546,8.978791289975668e-05,0.9999999636139871,-0.00031770221539773047,0.000795252388343215,0.001284461235627532,-0.022724563255906105,-0.019382664933800697,0.027613818645477295,-0.014114907011389732,0.0034572952426970005,0.01784849539399147,0.9945964280403347,-0.10381716488766357,0.00026232886101387395,0.10381718466413292,0.9945964585826529,-6.289353914804788e-05,-0.00025438191619002546,8.978791289975668e-05,0.9999999636139871,-0.00031770221539773047,0.000795252388343215,0.001284461235627532,8.646689753764651e-05,-0.00029339781397946704,0.001325668553346787,-0.0006610159557595981,8.646689753764651e-05,-0.00029339781397946704,0.001325668553346787,-0.0006610159557595981,-0.023323900997638702,-0.014831938780844212,0.03696832060813904,0.0,0.0,0.0,0.9946028377703197,-0.10375434134520489,0.0005760739455789483,0.10375438354438415,0.9946029992358053,-4.377682049024577e-05,-0.0005684228150857149,0.00010331071617776869,0.9999998331111932,0.0,0.0,0.0
12,1774220662270074119,0.311252495,311,9.558738,13.523340981919318,0.00010911045409290319,1.759846033756503e-06,-1.759846033756503e-06,-0.022698959335684776,-0.019489645957946777,0.027489662170410156,-0.014040057547390461,0.003371423576027155,0.017763379961252213,0.9945970990556331,-0.10381078752552586,0.00025225366781671775,0.1038108067158765,0.9945971269709363,-6.417650731705728e-05,-0.00024422854869119055,9.001640418611519e-05,0.999999966124733,-0.00018497611745260656,0.00012508747749961913,0.000649989815428853,-0.022698959335684776,-0.019489645957946777,0.027489662170410156,-0.014040057547390461,0.003371423576027155,0.017763379961252213,0.9945970990556331,-0.10381078752552586,0.00025225366781671775,0.1038108067158765,0.9945971269709363,-6.417650731705728e-05,-0.00024422854869119055,9.001640418611519e-05,0.999999966124733,-0.00018497611745260656,0.00012508747749961913,0.000649989815428853,0.00010911045409290319,-0.0003370127547430916,0.0012975541754848973,-0.0005990700944353285,0.00010911045409290319,-0.0003370127547430916,0.0012975541754848973,-0.0005990700944353285,-0.023323900997638702,-0.014831938780844212,0.03696832060813904,0.0,0.0,0.0,0.9946028377703197,-0.10375434134520489,0.0005760739455789483,0.10375438354438415,0.9946029992358053,-4.377682049024577e-05,-0.0005684228150857149,0.00010331071617776869,0.9999998331111932,0.0,0.0,0.0
13,1774220662284897645,0.326076021,326,14.823526,16.569956991588697,0.00015739262068663505,2.538590656236049e-06,-2.538590656236049e-06,-0.02266562357544899,-0.01969831995666027,0.02723252773284912,-0.01385039184242487,0.0033215966541320086,0.017535092309117317,0.9945962709699887,-0.10381858094698515,0.000248557759431515,0.10381859889298695,0.994596298321913,-6.038592302282011e-05,-0.0002409454382897103,8.586451677097037e-05,0.9999999672862913,-0.00013977731578052044,-0.0004156885843258351,-0.0014107805909588933,-0.02266562357544899,-0.01969831995666027,0.02723252773284912,-0.01385039184242487,0.0033215966541320086,0.017535092309117317,0.9945962709699887,-0.10381858094698515,0.000248557759431515,0.10381859889298695,0.994596298321913,-6.038592302282011e-05,-0.0002409454382897103,8.586451677097037e-05,0.9999999672862913,-0.00013977731578052044,-0.0004156885843258351,-0.0014107805909588933,0.00015739262068663505,-0.000389059996528347,0.001143045060525677,-0.00040206177154333085,0.00015739262068663505,-0.000389059996528347,0.001143045060525677,-0.00040206177154333085,-0.023323900997638702,-0.014831938780844212,0.03696832060813904,0.0,0.0,0.0,0.9946028377703197,-0.10375434134520489,0.0005760739455789483,0.10375438354438415,0.9946029992358053,-4.377682049024577e-05,-0.0005684228150857149,0.00010331071617776869,0.9999998331111932,0.0,0.0,0.0
14,1774220662302810866,0.343989242,343,17.913221,9.918746975017712,0.0001757935934328008,2.8353805392387225e-06,-2.8353805392387225e-06,-0.02263721637427807,-0.01989331655204296,0.02699655294418335,-0.013661403208971024,0.0033097106497734785,0.01732502691447735,0.9945954191903771,-0.1038269041956319,0.00022026188247090128,0.10382691813684297,0.9945954407229162,-5.2801731708322294e-05,-0.0002135892148147512,7.538545652737566e-05,0.9999999743483412,0.0008124243468046188,0.00040839207940734923,-0.0007506624097004533,-0.02263721637427807,-0.01989331655204296,0.02699655294418335,-0.013661403208971024,0.0033097106497734785,0.01732502691447735,0.9945954191903771,-0.1038269041956319,0.00022026188247090128,0.10382691813684297,0.9945954407229162,-5.2801731708322294e-05,-0.0002135892148147512,7.538545652737566e-05,0.9999999743483412,0.0008124243468046188,0.00040839207940734923,-0.0007506624097004533,0.0001757935934328008,-0.0004242103037538461,0.0011255414644800298,-0.00035898997658665485,0.0001757935934328008,-0.0004242103037538461,0.0011255414644800298,-0.00035898997658665485,-0.023323900997638702,-0.014831938780844212,0.03696832060813904,0.0,0.0,0.0,0.9946028377703197,-0.10375434134520489,0.0005760739455789483,0.10375438354438415,0.9946029992358053,-4.377682049024577e-05,-0.0005684228150857149,0.00010331071617776869,0.9999998331111932,0.0,0.0,0.0
15,1774220662314067427,0.355245803,355,11.256561,8.663018990773708,0.0001405245987212456,2.266525785826542e-06,-2.266525785826542e-06,-0.022631675004959106,-0.020079392939805984,0.026756495237350464,-0.013526111841201782,0.0031555965542793274,0.0171591117978096,0.9945948996720608,-0.10383204053617501,0.00021735357865448456,0.10383205434149723,0.9945949205579632,-5.3194793229138955e-05,-0.0002106554303598655,7.547551815325227e-05,0.9999999749638694,-3.144425863865763e-05,-0.001261081313714385,0.00043740522232837975,-0.022631675004959106,-0.020079392939805984,0.026756495237350464,-0.013526111841201782,0.0031555965542793274,0.0171591117978096,0.9945948996720608,-0.10383204053617501,0.00021735357865448456,0.10383205434149723,0.9945949205579632,-5.3194793229138955e-05,-0.0002106554303598655,7.547551815325227e-05,0.9999999749638694,-3.144425863865763e-05,-0.001261081313714385,0.00043740522232837975,0.0001405245987212456,-0.00041014505485614886,0.0012867597694185128,-0.0005342540197384098,0.0001405245987212456,-0.00041014505485614886,0.0012867597694185128,-0.0005342540197384098,-0.023323900997638702,-0.014831938780844212,0.03696832060813904,0.0,0.0,0.0,0.9946028377703197,-0.10375434134520489,0.0005760739455789483,0.10375438354438415,0.9946029992358053,-4.377682049024577e-05,-0.0005684228150857149,0.00010331071617776869,0.9999998331111932,0.0,0.0,0.0
16,1774220662324319392,0.365497768,365,10.251965,13.792534999083728,0.00016652934087942932,2.6859571109585375e-06,-2.6859571109585375e-06,-0.022630978375673294,-0.020168252289295197,0.026651054620742798,-0.01351221464574337,0.003114663762971759,0.01710314303636551,0.9945950670417896,-0.1038304467103337,0.000216493432484882,0.10383045953300729,0.9945950880667984,-4.882519178281072e-05,-0.00021025375167367175,7.10398871681282e-05,0.9999999753733486,0.0004127519205212593,-0.00024319819931406528,-0.0003084938507527113,-0.022630978375673294,-0.020168252289295197,0.026651054620742798,-0.01351221464574337,0.003114663762971759,0.01710314303636551,0.9945950670417896,-0.1038304467103337,0.000216493432484882,0.10383045953300729,0.9945950880667984,-4.882519178281072e-05,-0.00021025375167367175,7.10398871681282e-05,0.9999999753733486,0.0004127519205212593,-0.00024319819931406528,-0.0003084938507527113,0.00016652934087942932,-0.00042785358212460087,0.0011801259155093816,-0.0004105863629529532,0.00016652934087942932,-0.00042785358212460087,0.0011801259155093816,-0.0004105863629529532,-0.023323900997638702,-0.014831938780844212,0.03696832060813904,0.0,0.0,0.0,0.9946028377703197,-0.10375434134520489,0.0005760739455789483,0.10375438354438415,0.9946029992358053,-4.377682049024577e-05,-0.0005684228150857149,0.00010331071617776869,0.9999998331111932,0.0,0.0,0.0
17,1774220662339459152,0.380637528,380,15.13976,11.484626011224464,0.00018525126995447177,2.987923708943093e-06,-2.987923708943093e-06,-0.022637400776147842,-0.020327361300587654,0.02644088864326477,-0.013334758579730988,0.003095969557762146,0.016884593293070793,0.9945943622756176,-0.10383753181850253,0.0002148161931864994,0.10383754380771437,0.9945943831860432,-4.5402153140435605e-05,-0.00020894051499934863,6.746268269742887e-05,0.9999999758963259,0.001122482237406075,-0.0006358420359902084,3.982531779911369e-05,-0.022637400776147842,-0.020327361300587654,0.02644088864326477,-0.013334758579730988,0.003095969557762146,0.016884593293070793,0.9945943622756176,-0.10383753181850253,0.0002148161931864994,0.10383754380771437,0.9945943831860432,-4.5402153140435605e-05,-0.00020894051499934863,6.746268269742887e-05,0.9999999758963259,0.001122482237406075,-0.0006358420359902084,3.982531779911369e-05,0.00018525126995447177,-0.000489266972735146,0.0012066832254949336,-0.00039249911693578705,0.00018525126995447177,-0.000489266972735146,0.0012066832254949336,-0.00039249911693578705,-0.023323900997638702,-0.014831938780844212,0.03696832060813904,0.0,0.0,0.0,0.9946028377703197,-0.10375434134520489,0.0005760739455789483,0.10375438354438415,0.9946029992358053,-4.377682049024577e-05,-0.0005684228150857149,0.00010331071617776869,0.9999998331111932,0.0,0.0,0.0
18,1774220662352297167,0.393475543,393,12.838015,9.317349991761148,0.0002015920562774978,3.2514847786693193e-06,-3.2514847786693193e-06,-0.02265247516334057,-0.020465264096856117,0.026236534118652344,-0.013217360712587833,0.0030354156624525785,0.016688793897628784,0.9945941156310061,-0.1038389481917239,0.00021025916355517892,0.10383896062652798,0.9945941353462013,-4.908408264714089e-05,-0.00020402568961966306,7.06518294416765e-05,0.9999999766909184,0.0009949041996151209,-7.68631616665516e-06,-0.0008951090276241302,-0.02265247516334057,-0.020465264096856117,0.026236534118652344,-0.013217360712587833,0.0030354156624525785,0.016688793897628784,0.9945941156310061,-0.1038389481917239,0.00021025916355517892,0.10383896062652798,0.9945941353462013,-4.908408264714089e-05,-0.00020402568961966306,7.06518294416765e-05,0.9999999766909184,0.0009949041996151209,-7.68631616665516e-06,-0.0008951090276241302,0.0002015920562774978,-0.00047314214187483525,0.0010982178236510825,-0.00029630024803117307,0.0002015920562774978,-0.00047314214187483525,0.0010982178236510825,-0.00029630024803117307,-0.023323900997638702,-0.014831938780844212,0.03696832060813904,0.0,0.0,0.0,0.9946028377703197,-0.10375434134520489,0.0005760739455789483,0.10375438354438415,0.9946029992358053,-4.377682049024577e-05,-0.0005684228150857149,0.00010331071617776869,0.9999998331111932,0.0,0.0,0.0
19,1774220662363057779,0.404236155,404,10.760612,9.349685977213085,0.00016994900099409413,2.741112919259583e-06,-2.741112919259583e-06,-0.022661451250314713,-0.0205302182585001,0.026141226291656494,-0.013131901621818542,0.003069432685151696,0.016556724905967712,0.9945939312346518,-0.10384089625218662,0.00020389642754544898,0.10384090790034906,0.9945939497903801,-4.736889686544031e-05,-0.00019787532033264076,6.828559994098357e-05,0.9999999780912175,0.0006726025603711605,0.0007096041808836162,2.9665279726032168e-06,-0.022661451250314713,-0.0205302182585001,0.026141226291656494,-0.013131901621818542,0.003069432685151696,0.016556724905967712,0.9945939312346518,-0.10384089625218662,0.00020389642754544898,0.10384090790034906,0.9945939497903801,-4.736889686544031e-05,-0.00019787532033264076,6.828559994098357e-05,0.9999999780912175,0.0006726025603711605,0.0007096041808836162,2.9665279726032168e-06,0.00016994900099409413,-0.0004152611548307705,0.0011359516438078584,-0.00037579688894299844,0.00016994900099409413,-0.0004152611548307705,0.0011359516438078584,-0.00037579688894299844,-0.023323900997638702,-0.014831938780844212,0.03696832060813904,0.0,0.0,0.0,0.9946028377703197,-0.10375434134520489,0.0005760739455789483,0.10375438354438415,0.9946029992358053,-4.377682049024577e-05,-0.0005684228150857149,0.00010331071617776869,0.9999998331111932,0.0,0.0,0.0
20,1774220662374004599,0.415182975,415,10.94682,8.170859015081078,0.00017670024703909901,2.850003984501597e-06,-2.850003984501597e-06,-0.022664077579975128,-0.020592177286744118,0.02602866291999817,-0.01302569080144167,0.003070402191951871,0.01642663963139057,0.9945937815846088,-0.1038421361207924,0.0001999885126943027,0.10384214682533877,0.9945937996054574,-4.3879280203628235e-05,-0.00019435081519463644,6.440929338261733e-05,0.9999999790396017,0.0007168642478063703,-0.0005297590978443623,7.230987102957442e-05,-0.022664077579975128,-0.020592177286744118,0.02602866291999817,-0.01302569080144167,0.003070402191951871,0.01642663963139057,0.9945937815846088,-0.1038421361207924,0.0001999885126943027,0.10384214682533877,0.9945937996054574,-4.3879280203628235e-05,-0.00019435081519463644,6.440929338261733e-05,0.9999999790396017,0.0007168642478063703,-0.0005297590978443623,7.230987102957442e-05,0.00017670024703909901,-0.0004570973778538811,0.0011876682386699753,-0.0003967325308233723,0.00017670024703909901,-0.0004570973778538811,0.0011876682386699753,-0.0003967325308233723,-0.023323900997638702,-0.014831938780844212,0.03696832060813904,0.0,0.0,0.0,0.9946028377703197,-0.10375434134520489,0.0005760739455789483,0.10375438354438415,0.9946029992358053,-4.377682049024577e-05,-0.0005684228150857149,0.00010331071617776869,0.9999998331111932,0.0,0.0,0.0
21,1774220662383600501,0.424778877,424,9.595902,10.937354003544897,0.00015971860015627344,2.5761064541334425e-06,-2.5761064541334425e-06,-0.022672127932310104,-0.0207079891115427,0.025812864303588867,-0.012911701574921608,0.0030751938465982676,0.016228001564741135,0.9945928218621121,-0.10385258593356084,0.00020004012061997783,0.10385259812549918,0.9945928393710814,-5.1527987107370665e-05,-0.00019360713876755836,7.202401773875183e-05,0.9999999786644108,-0.00016260174743365496,-0.0007097258348949254,-0.0003725800197571516,-0.022672127932310104,-0.0207079891115427,0.025812864303588867,-0.012911701574921608,0.0030751938465982676,0.016228001564741135,0.9945928218621121,-0.10385258593356084,0.00020004012061997783,0.10385259812549918,0.9945928393710814,-5.1527987107370665e-05,-0.00019360713876755836,7.202401773875183e-05,0.9999999786644108,-0.00016260174743365496,-0.0007097258348949254,-0.0003725800197571516,0.00015971860015627344,-0.00040218561350077834,0.001160244102117862,-0.00040948150335615597,0.00015971860015627344,-0.00040218561350077834,0.001160244102117862,-0.00040948150335615597,-0.023323900997638702,-0.014831938780844212,0.03696832060813904,0.0,0.0,0.0,0.9946028377703197,-0.10375434134520489,0.0005760739455789483,0.10375438354438415,0.9946029992358053,-4.377682049024577e-05,-0.0005684228150857149,0.00010331071617776869,0.9999998331111932,0.0,0.0,0.0
22,1774220662395962041,0.437140417,437,12.36154,12.062326015438884,0.00014102168474467385,2.274543302333449e-06,-2.274543302333449e-06,-0.022677773609757423,-0.02076200768351555,0.025712192058563232,-0.012858569622039795,0.0030848276801407337,0.01612410694360733,0.9945928480747396,-0.10385205438276368,0.0002028331466595516,0.10385206775745304,0.9945928657541204,-5.6530859445712896e-05,-0.00019586554059303598,7.728980179612247e-05,0.9999999778314903,-0.00015361486293841153,-0.000609840324614197,0.0004741453449241817,-0.022677773609757423,-0.02076200768351555,0.025712192058563232,-0.012858569622039795,0.0030848276801407337,0.01612410694360733,0.9945928480747396,-0.10385205438276368,0.0002028331466595516,0.10385206775745304,0.9945928657541204,-5.6530859445712896e-05,-0.00019586554059303598,7.728980179612247e-05,0.9999999778314903,-0.00015361486293841153,-0.000609840324614197,0.0004741453449241817,0.00014102168474467385,-0.00038474349312112764,0.001223070890584523,-0.0004859957456351783,0.00014102168474467385,-0.00038474349312112764,0.001223070890584523,-0.0004859957456351783,-0.023323900997638702,-0.014831938780844212,0.03696832060813904,0.0,0.0,0.0,0.9946028377703197,-0.10375434134520489,0.0005760739455789483,0.10375438354438415,0.9946029992358053,-4.377682049024577e-05,-0.0005684228150857149,0.00010331071617776869,0.9999998331111932,0.0,0.0,0.0
23,1774220662409558184,0.45073656,450,13.596143,11.538875987753272,0.00010323645435701215,1.665104102532454e-06,-1.665104102532454e-06,-0.022679077461361885,-0.02082042023539543,0.02558380365371704,-0.012780173681676388,0.003023406257852912,0.01603277586400509,0.9945934128155101,-0.10384603115293234,0.0001958620775403151,0.10384604562205313,0.9945934284540614,-6.51830691994113e-05,-0.00018803412697481143,8.51701416077497e-05,0.9999999786946077,-0.0008020963286980987,0.0007619091193191707,0.0007569288136437535,-0.022679077461361885,-0.02082042023539543,0.02558380365371704,-0.012780173681676388,0.003023406257852912,0.01603277586400509,0.9945934128155101,-0.10384603115293234,0.0001958620775403151,0.10384604562205313,0.9945934284540614,-6.51830691994113e-05,-0.00018803412697481143,8.51701416077497e-05,0.9999999786946077,-0.0008020963286980987,0.0007619091193191707,0.0007569288136437535,0.00010323645435701215,-0.0002878574729786775,0.001190151944923648,-0.0005232000845403265,0.00010323645435701215,-0.0002878574729786775,0.001190151944923648,-0.0005232000845403265,-0.023323900997638702,-0.014831938780844212,0.03696832060813904,0.0,0.0,0.0,0.9946028377703197,-0.10375434134520489,0.0005760739455789483,0.10375438354438415,0.9946029992358053,-4.377682049024577e-05,-0.0005684228150857149,0.00010331071617776869,0.9999998331111932,0.0,0.0,0.0
24,1774220662422554416,0.463732792,463,12.996232,12.52648199442774,0.00012157794563208143,1.9609346069690554e-06,-1.9609346069690554e-06,-0.022681238129734993,-0.02087649330496788,0.025460630655288696,-0.012699734419584274,0.0029992975760251284,0.015941986814141273,0.9945936791121389,-0.10384425879306503,0.00018332364590828518,0.10384427370752491,0.9945936917136785,-7.377788759945934e-05,-0.0001746711202739071,9.241610027480637e-05,0.9999999804746341,-0.0006420245626941323,0.00025680765975266695,0.0001820193720050156,-0.022681238129734993,-0.02087649330496788,0.025460630655288696,-0.012699734419584274,0.0029992975760251284,0.015941986814141273,0.9945936791121389,-0.10384425879306503,0.00018332364590828518,0.10384427370752491,0.9945936917136785,-7.377788759945934e-05,-0.0001746711202739071,9.241610027480637e-05,0.9999999804746341,-0.0006420245626941323,0.00025680765975266695,0.0001820193720050156,0.00012157794563208143,-0.0003151792621173766,0.0011568591253584661,-0.00046991017860245713,0.00012157794563208143,-0.0003151792621173766,0.0011568591253584661,-0.00046991017860245713,-0.023323900997638702,-0.014831938780844212,0.03696832060813904,0.0,0.0,0.0,0.9946028377703197,-0.10375434134520489,0.0005760739455789483,0.10375438354438415,0.9946029992358053,-4.377682049024577e-05,-0.0005684228150857149,0.00010331071617776869,0.9999998331111932,0.0,0.0,0.0
25,1774220662436464319,0.477642695,477,13.909903,9.243588981917128,0.00014700406287840117,2.371033272232277e-06,-2.371033272232277e-06,-0.0226881243288517,-0.020981624722480774,0.02522963285446167,-0.01258761715143919,0.002942330203950405,0.015713466331362724,0.9945937939944902,-0.10384195561954268,0.00017432845461914578,0.10384197030903564,0.9945938047257452,-7.74154963919622e-05,-0.00016534702452295196,9.50995828220072e-05,0.9999999818082153,8.855880878400058e-05,0.00014664580521639436,0.00020847807172685862,-0.0226881243288517,-0.020981624722480774,0.02522963285446167,-0.01258761715143919,0.002942330203950405,0.015713466331362724,0.9945937939944902,-0.10384195561954268,0.00017432845461914578,0.10384197030903564,0.9945938047257452,-7.74154963919622e-05,-0.00016534702452295196,9.50995828220072e-05,0.9999999818082153,8.855880878400058e-05,0.00014664580521639436,0.00020847807172685862,0.00014700406287840117,-0.00036773831679192927,0.001148722595874436,-0.00042332280239740916,0.00014700406287840117,-0.00036773831679192927,0.001148722595874436,-0.00042332280239740916,-0.023323900997638702,-0.014831938780844212,0.03696832060813904,0.0,0.0,0.0,0.9946028377703197,-0.10375434134520489,0.0005760739455789483,0.10375438354438415,0.9946029992358053,-4.377682049024577e-05,-0.0005684228150857149,0.00010331071617776869,0.9999998331111932,0.0,0.0,0.0
26,1774220662447176245,0.488354621,488,10.711926,10.113288997672498,0.00014238506033391497,2.296533231192177e-06,-2.296533231192177e-06,-0.022697893902659416,-0.021026626229286194,0.025100678205490112,-0.012529325671494007,0.002974793780595064,0.01555510051548481,0.9945933023961321,-0.10384833153072304,0.00016395518147439988,0.10384834603336057,0.9945933109701538,-8.254591017348807e-05,-0.00015449646066580504,9.912604330049855e-05,0.9999999831524381,-0.0006361672421917319,0.0007423810311593115,-0.0009935999987646937,-0.022697893902659416,-0.021026626229286194,0.025100678205490112,-0.012529325671494007,0.002974793780595064,0.01555510051548481,0.9945933023961321,-0.10384833153072304,0.00016395518147439988,0.10384834603336057,0.9945933109701538,-8.254591017348807e-05,-0.00015449646066580504,9.912604330049855e-05,0.9999999831524381,-0.0006361672421917319,0.0007423810311593115,-0.0009935999987646937,0.00014238506033391497,-0.0003064979392759601,0.0010208510674205888,-0.0003465380008827647,0.00014238506033391497,-0.0003064979392759601,0.0010208510674205888,-0.0003465380008827647,-0.023323900997638702,-0.014831938780844212,0.03696832060813904,0.0,0.0,0.0,0.9946028377703197,-0.10375434134520489,0.0005760739455789483,0.10375438354438415,0.9946029992358053,-4.377682049024577e-05,-0.0005684228150857149,0.00010331071617776869,0.9999998331111932,0.0,0.0,0.0
27,1774220662458816001,0.499994377,499,11.639756,10.327650990802795,0.00014189300842856528,2.28859691013815e-06,-2.28859691013815e-06,-0.022720007225871086,-0.021109355613589287,0.024857312440872192,-0.012399944476783276,0.0029534725472331047,0.015335352160036564,0.9945929238240035,-0.10385063363190028,0.00015690726929907715,0.10385064896406915,0.9945929302587165,-9.292761056890904e-05,-0.0001464082679891543,0.00010872005808201129,0.9999999833722844,0.0002991735527757555,0.0002842777466867119,0.0005360492505133152,-0.022720007225871086,-0.021109355613589287,0.024857312440872192,-0.012399944476783276,0.0029534725472331047,0.015335352160036564,0.9945929238240035,-0.10385063363190028,0.00015690726929907715,0.10385064896406915,0.9945929302587165,-9.292761056890904e-05,-0.0001464082679891543,0.00010872005808201129,0.9999999833722844,0.0002991735527757555,0.0002842777466867119,0.0005360492505133152,0.00014189300842856528,-0.0003567336847491362,0.0011498746170018146,-0.0004325355174281896,0.00014189300842856528,-0.0003567336847491362,0.0011498746170018146,-0.0004325355174281896,-0.023323900997638702,-0.014831938780844212,0.03696832060813904,0.0,0.0,0.0,0.9946028377703197,-0.10375434134520489,0.0005760739455789483,0.10375438354438415,0.9946029992358053,-4.377682049024577e-05,-0.0005684228150857149,0.00010331071617776869,0.9999998331111932,0.0,0.0,0.0
