step,timestamp_ns,experiment_time_s,reference_index,tick_dt_ms,solver_ms,px4_collective_command_newton,px4_collective_normalized,px4_thrust_body_z,state_raw_0,state_raw_1,state_raw_2,state_raw_3,state_raw_4,state_raw_5,state_raw_6,state_raw_7,state_raw_8,state_raw_9,state_raw_10,state_raw_11,state_raw_12,state_raw_13,state_raw_14,state_raw_15,state_raw_16,state_raw_17,state_used_0,state_used_1,state_used_2,state_used_3,state_used_4,state_used_5,state_used_6,state_used_7,state_used_8,state_used_9,state_used_10,state_used_11,state_used_12,state_used_13,state_used_14,state_used_15,state_used_16,state_used_17,control_raw_0,control_raw_1,control_raw_2,control_raw_3,control_used_0,control_used_1,control_used_2,control_used_3,reference_0,reference_1,reference_2,reference_3,reference_4,reference_5,reference_6,reference_7,reference_8,reference_9,reference_10,reference_11,reference_12,reference_13,reference_14,reference_15,reference_16,reference_17
0,1774970526673180643,0.0,0,0.0,0.4844920003961306,42.589801064996195,0.6869322752418741,-0.6869322752418741,-0.013875824399292469,-0.007415978237986565,-0.013977378606796265,-0.0052406685426831245,-0.01779099740087986,-0.005303653888404369,0.9945589593886676,-0.10417666934410064,0.00018673138794018593,0.10417647910534944,0.9945586442746209,0.0008374391281553029,-0.00027295676573162,-0.000813429473678521,0.9999996319135361,8.75471014296636e-05,0.00012376504309941083,0.00080369773786515,-0.013875824399292469,-0.007415978237986565,-0.013977378606796265,-0.0052406685426831245,-0.01779099740087986,-0.005303653888404369,0.9945589593886676,-0.10417666934410064,0.00018673138794018593,0.10417647910534944,0.9945586442746209,0.0008374391281553029,-0.00027295676573162,-0.000813429473678521,0.9999996319135361,8.75471014296636e-05,0.00012376504309941083,0.00080369773786515,42.589801064996195,-0.006728917131800182,0.0014042600097311322,-9.799249316733651e-05,42.589801064996195,-0.006728917131800182,0.0014042600097311322,-9.799249316733651e-05,-0.010927412658929825,-0.0006517196889035404,-0.016258448362350464,0.0,0.0,0.0,0.9945617911267808,-0.10414818112040998,0.0,0.10414818112040998,0.9945617911267808,0.0,0.0,0.0,1.0,0.0,0.0,0.0
1,1774970526683215067,0.010034424,10,10.034424,0.33221900048374664,42.58243563657709,0.6868134780093079,-0.6868134780093079,-0.014173894189298153,-0.008190032094717026,-0.013742133975028992,-0.005541068501770496,-0.018233509734272957,-0.005179815925657749,0.9945581039729287,-0.10418341794606056,0.0001909406852918967,0.10418321701344668,0.9945577684615391,0.0008635375038826033,-0.00027986780817831555,-0.0008389453950389154,0.9999996089222483,0.0004464341909624636,0.0006693914183415473,-0.0006931851385161281,-0.014173894189298153,-0.008190032094717026,-0.013742133975028992,-0.005541068501770496,-0.018233509734272957,-0.005179815925657749,0.9945581039729287,-0.10418341794606056,0.0001909406852918967,0.10418321701344668,0.9945577684615391,0.0008635375038826033,-0.00027986780817831555,-0.0008389453950389154,0.9999996089222483,0.0004464341909624636,0.0006693914183415473,-0.0006931851385161281,42.58243563657709,-0.007082834565237798,0.0013575567913442627,0.00013193553268701523,42.58243563657709,-0.007082834565237798,0.0013575567913442627,0.00013193553268701523,-0.010927412658929825,-0.0006517196889035404,-0.016258448362350464,0.0,0.0,0.0,0.9945617911267808,-0.10414818112040998,0.0,0.10414818112040998,0.9945617911267808,0.0,0.0,0.0,1.0,0.0,0.0,0.0
2,1774970526693220113,0.02003947,20,10.005046,0.4141530007473193,42.57869841377739,0.686753200222216,-0.686753200222216,-0.014322708360850811,-0.008571624755859375,-0.013629242777824402,-0.0056496476754546165,-0.01847746968269348,-0.0051104300655424595,0.9945572318432899,-0.10419210098418663,0.00019136322391450668,0.10419189853789468,0.9945568929855265,0.0008676596068535585,-0.0002807248294556062,-0.0008429986043638187,0.9999996052734048,-0.0006649766582995653,1.9109289496554993e-05,-0.0002553216472733766,-0.014322708360850811,-0.008571624755859375,-0.013629242777824402,-0.0056496476754546165,-0.01847746968269348,-0.0051104300655424595,0.9945572318432899,-0.10419210098418663,0.00019136322391450668,0.10419189853789468,0.9945568929855265,0.0008676596068535585,-0.0002807248294556062,-0.0008429986043638187,0.9999996052734048,-0.0006649766582995653,1.9109289496554993e-05,-0.0002553216472733766,42.57869841377739,-0.006917784296223308,0.0015518634391586328,7.321804862421815e-05,42.57869841377739,-0.006917784296223308,0.0015518634391586328,7.321804862421815e-05,-0.010927412658929825,-0.0006517196889035404,-0.016258448362350464,0.0,0.0,0.0,0.9945617911267808,-0.10414818112040998,0.0,0.10414818112040998,0.9945617911267808,0.0,0.0,0.0,1.0,0.0,0.0,0.0
3,1774970526703165818,0.029985175,29,9.945705,0.5036399998061825,42.57443859679116,0.6866844934966316,-0.6866844934966316,-0.014471262693405151,-0.00894969142973423,-0.01351901888847351,-0.00577283650636673,-0.018662700429558754,-0.004996401257812977,0.9945558199469176,-0.10420628080274041,0.00020128106170769731,0.10420606878475325,0.9945554804096091,0.0008718249127398648,-0.00029103467333018405,-0.0008461037543916489,0.9999995997035964,-0.0008459530072286725,-0.0008399676298722625,-0.0014680472668260336,-0.014471262693405151,-0.00894969142973423,-0.01351901888847351,-0.00577283650636673,-0.018662700429558754,-0.004996401257812977,0.9945558199469176,-0.10420628080274041,0.00020128106170769731,0.10420606878475325,0.9945554804096091,0.0008718249127398648,-0.00029103467333018405,-0.0008461037543916489,0.9999995997035964,-0.0008459530072286725,-0.0008399676298722625,-0.0014680472668260336,42.57443859679116,-0.0069734416896047036,0.0018263079038889527,0.00026651237497297086,42.57443859679116,-0.0069734416896047036,0.0018263079038889527,0.00026651237497297086,-0.010927412658929825,-0.0006517196889035404,-0.016258448362350464,0.0,0.0,0.0,0.9945617911267808,-0.10414818112040998,0.0,0.10414818112040998,0.9945617911267808,0.0,0.0,0.0,1.0,0.0,0.0,0.0
4,1774970526713204073,0.04002343,40,10.038255,0.30857800084049813,42.57046953478612,0.6866204763675181,-0.6866204763675181,-0.014619615860283375,-0.00932421162724495,-0.013411417603492737,-0.005871589295566082,-0.01890174299478531,-0.004900469444692135,0.9945548947894822,-0.10421426120976984,0.00020885211977669446,0.10421404049614269,0.9945545509819935,0.000879484439080095,-0.00029936959676861094,-0.0008529302029180626,0.9999995914438908,0.000608381989877671,-2.1831050617038272e-05,0.0001119927765103057,-0.014619615860283375,-0.00932421162724495,-0.013411417603492737,-0.005871589295566082,-0.01890174299478531,-0.004900469444692135,0.9945548947894822,-0.10421426120976984,0.00020885211977669446,0.10421404049614269,0.9945545509819935,0.000879484439080095,-0.00029936959676861094,-0.0008529302029180626,0.9999995914438908,0.000608381989877671,-2.1831050617038272e-05,0.0001119927765103057,42.57046953478612,-0.007456716835226228,0.0016696378452478531,3.591535542178656e-05,42.57046953478612,-0.007456716835226228,0.0016696378452478531,3.591535542178656e-05,-0.010927412658929825,-0.0006517196889035404,-0.016258448362350464,0.0,0.0,0.0,0.9945617911267808,-0.10414818112040998,0.0,0.10414818112040998,0.9945617911267808,0.0,0.0,0.0,1.0,0.0,0.0,0.0
5,1774970526723371191,0.050190548,50,10.167118,0.49801699969975743,42.562189604969355,0.6864869291124089,-0.6864869291124089,-0.014929080381989479,-0.01010064035654068,-0.013163402676582336,-0.006240411661565304,-0.01933165453374386,-0.004732211120426655,0.9945536293662671,-0.10422560834884198,0.0002097435418497752,0.10422538243158175,0.9945532731435647,0.0008942315572253133,-0.00030180298493199045,-0.0008675006568132602,0.9999995781786846,-0.0004316458944231272,-0.00048402525135315955,-0.0012976021971553564,-0.014929080381989479,-0.01010064035654068,-0.013163402676582336,-0.006240411661565304,-0.01933165453374386,-0.004732211120426655,0.9945536293662671,-0.10422560834884198,0.0002097435418497752,0.10422538243158175,0.9945532731435647,0.0008942315572253133,-0.00030180298493199045,-0.0008675006568132602,0.9999995781786846,-0.0004316458944231272,-0.00048402525135315955,-0.0012976021971553564,42.562189604969355,-0.007432107129235385,0.0018821850548520133,0.0002564317964520587,42.562189604969355,-0.007432107129235385,0.0018821850548520133,0.0002564317964520587,-0.010927412658929825,-0.0006517196889035404,-0.016258448362350464,0.0,0.0,0.0,0.9945617911267808,-0.10414818112040998,0.0,0.10414818112040998,0.9945617911267808,0.0,0.0,0.0,1.0,0.0,0.0,0.0
6,1774970526733177710,0.059997067,59,9.806519,0.29796099988743663,42.55785736170188,0.6864170542209981,-0.6864170542209981,-0.015084344893693924,-0.010483290068805218,-0.013040632009506226,-0.006427294109016657,-0.019509881734848022,-0.004637402016669512,0.9945528304662551,-0.1042328781673112,0.0002096997977198388,0.10423264903307894,0.9945524648422358,0.0009049891125407633,-0.00030288714200919775,-0.0008782019575169255,0.9999995685102319,0.000816386251244694,0.0005495960358530283,0.0001420191692886874,-0.015084344893693924,-0.010483290068805218,-0.013040632009506226,-0.006427294109016657,-0.019509881734848022,-0.004637402016669512,0.9945528304662551,-0.1042328781673112,0.0002096997977198388,0.10423264903307894,0.9945524648422358,0.0009049891125407633,-0.00030288714200919775,-0.0008782019575169255,0.9999995685102319,0.000816386251244694,0.0005495960358530283,0.0001420191692886874,42.55785736170188,-0.007862278007689518,0.001672533768853814,4.6308813956463995e-05,42.55785736170188,-0.007862278007689518,0.001672533768853814,4.6308813956463995e-05,-0.010927412658929825,-0.0006517196889035404,-0.016258448362350464,0.0,0.0,0.0,0.9945617911267808,-0.10414818112040998,0.0,0.10414818112040998,0.9945617911267808,0.0,0.0,0.0,1.0,0.0,0.0,0.0
7,1774970526743209752,0.070029109,70,10.032042,0.421658000050229,42.55301835673869,0.6863390057538499,-0.6863390057538499,-0.015239940956234932,-0.010862479917705059,-0.012920618057250977,-0.006631701253354549,-0.019747799262404442,-0.004499412607401609,0.9945523244846389,-0.104239616138599,0.00020767048165996026,0.10423938523200738,0.9945519478304642,0.0009167718238641265,-0.0003021028777786261,-0.0008901300226494494,0.9999995582011528,-2.526305615901947e-05,0.0006881431909278035,-0.0007125931442715228,-0.015239940956234932,-0.010862479917705059,-0.012920618057250977,-0.006631701253354549,-0.019747799262404442,-0.004499412607401609,0.9945523244846389,-0.104239616138599,0.00020767048165996026,0.10423938523200738,0.9945519478304642,0.0009167718238641265,-0.0003021028777786261,-0.0008901300226494494,0.9999995582011528,-2.526305615901947e-05,0.0006881431909278035,-0.0007125931442715228,42.55301835673869,-0.007784723798076751,0.0016840684121927183,0.0001798676422165184,42.55301835673869,-0.007784723798076751,0.0016840684121927183,0.0001798676422165184,-0.010927412658929825,-0.0006517196889035404,-0.016258448362350464,0.0,0.0,0.0,0.9945617911267808,-0.10414818112040998,0.0,0.10414818112040998,0.9945617911267808,0.0,0.0,0.0,1.0,0.0,0.0,0.0
8,1774970526753178128,0.079997485,79,9.968376,0.38314799894578755,42.548371484018034,0.6862640561938392,-0.6862640561938392,-0.015393170528113842,-0.01124794315546751,-0.01278454065322876,-0.006790960673242807,-0.01997419446706772,-0.004405975341796875,0.9945514666940445,-0.10424794548353655,0.0002140185925833954,0.10424770918396131,0.9945510927254626,0.0009159329623778661,-0.00030833638842837907,-0.0008886314315353777,0.9999995576313875,-0.0011364235542714596,-0.0002025750291068107,5.8425772294867784e-05,-0.015393170528113842,-0.01124794315546751,-0.01278454065322876,-0.006790960673242807,-0.01997419446706772,-0.004405975341796875,0.9945514666940445,-0.10424794548353655,0.0002140185925833954,0.10424770918396131,0.9945510927254626,0.0009159329623778661,-0.00030833638842837907,-0.0008886314315353777,0.9999995576313875,-0.0011364235542714596,-0.0002025750291068107,5.8425772294867784e-05,42.548371484018034,-0.007605647479826625,0.001964564541104619,7.089126161305421e-05,42.548371484018034,-0.007605647479826625,0.001964564541104619,7.089126161305421e-05,-0.010927412658929825,-0.0006517196889035404,-0.016258448362350464,0.0,0.0,0.0,0.9945617911267808,-0.10414818112040998,0.0,0.10414818112040998,0.9945617911267808,0.0,0.0,0.0,1.0,0.0,0.0,0.0
9,1774970526763174601,0.089993958,89,9.996473,0.3351029990881216,42.538953681942736,0.6861121561603667,-0.6861121561603667,-0.01569872349500656,-0.012008142657577991,-0.012521907687187195,-0.006948048248887062,-0.020343419164419174,-0.004179494921118021,0.994550416391448,-0.10425681183403257,0.000207649839323875,0.1042565752821416,0.9945500229467112,0.0009354377469627806,-0.000304043877823415,-0.0009086911216536313,0.9999995409187893,-0.00019713956862688065,0.000871034455485642,-8.163612801581621e-05,-0.01569872349500656,-0.012008142657577991,-0.012521907687187195,-0.006948048248887062,-0.020343419164419174,-0.004179494921118021,0.994550416391448,-0.10425681183403257,0.000207649839323875,0.1042565752821416,0.9945500229467112,0.0009354377469627806,-0.000304043877823415,-0.0009086911216536313,0.9999995409187893,-0.00019713956862688065,0.000871034455485642,-8.163612801581621e-05,42.538953681942736,-0.00806922540783775,0.001733209093441319,9.89948108869315e-05,42.538953681942736,-0.00806922540783775,0.001733209093441319,9.89948108869315e-05,-0.010927412658929825,-0.0006517196889035404,-0.016258448362350464,0.0,0.0,0.0,0.9945617911267808,-0.10414818112040998,0.0,0.10414818112040998,0.9945617911267808,0.0,0.0,0.0,1.0,0.0,0.0,0.0
10,1774970526773287759,0.100107116,100,10.113158,0.3600069994718069,42.53500111064301,0.6860484050103711,-0.6860484050103711,-0.01585075818002224,-0.012383311986923218,-0.012395158410072327,-0.007004486862570047,-0.020577868446707726,-0.004124199040234089,0.994550166088179,-0.10426018838616447,0.00021162972089476713,0.10425994410692718,0.9945497616800862,0.0009487530382108842,-0.0003093933082759775,-0.0009215179038273898,0.9999995275402118,0.0009108406375162303,-0.00046731680049560964,0.0007092115702107549,-0.01585075818002224,-0.012383311986923218,-0.012395158410072327,-0.007004486862570047,-0.020577868446707726,-0.004124199040234089,0.994550166088179,-0.10426018838616447,0.00021162972089476713,0.10425994410692718,0.9945497616800862,0.0009487530382108842,-0.0003093933082759775,-0.0009215179038273898,0.9999995275402118,0.0009108406375162303,-0.00046731680049560964,0.0007092115702107549,42.53500111064301,-0.008478451540522803,0.002098608047146847,-1.6944333886162356e-05,42.53500111064301,-0.008478451540522803,0.002098608047146847,-1.6944333886162356e-05,-0.010927412658929825,-0.0006517196889035404,-0.016258448362350464,0.0,0.0,0.0,0.9945617911267808,-0.10414818112040998,0.0,0.10414818112040998,0.9945617911267808,0.0,0.0,0.0,1.0,0.0,0.0,0.0
11,1774970526783135371,0.109954728,109,9.847612,0.37889099985477515,42.52979578667825,0.6859644481722298,-0.6859644481722298,-0.015982791781425476,-0.01276298426091671,-0.012256458401679993,-0.007078554481267929,-0.020849300548434258,-0.00399474473670125,0.9945499414125012,-0.10426126233301947,0.0002164436336199605,0.10426100952023787,0.9945495264336441,0.0009617687641774782,-0.0003155391135055991,-0.0009339604221433508,0.9999995140763904,0.0005727597745135427,0.0005152944358997047,0.0003452592936810106,-0.015982791781425476,-0.01276298426091671,-0.012256458401679993,-0.007078554481267929,-0.020849300548434258,-0.00399474473670125,0.9945499414125012,-0.10426126233301947,0.0002164436336199605,0.10426100952023787,0.9945495264336441,0.0009617687641774782,-0.0003155391135055991,-0.0009339604221433508,0.9999995140763904,0.0005727597745135427,0.0005152944358997047,0.0003452592936810106,42.52979578667825,-0.008533753004728091,0.001886157433250364,3.850444707972559e-05,42.52979578667825,-0.008533753004728091,0.001886157433250364,3.850444707972559e-05,-0.010927412658929825,-0.0006517196889035404,-0.016258448362350464,0.0,0.0,0.0,0.9945617911267808,-0.10414818112040998,0.0,0.10414818112040998,0.9945617911267808,0.0,0.0,0.0,1.0,0.0,0.0,0.0
12,1774970526793226394,0.120045751,120,10.091023,0.3721550001500873,42.52450529081402,0.6858791175937745,-0.6858791175937745,-0.016114812344312668,-0.013139829970896244,-0.01212058961391449,-0.007171819917857647,-0.021092122420668602,-0.0038544468116015196,0.9945494512942471,-0.10426587507102458,0.0002171428181503149,0.10426561853298177,0.9945490274381118,0.0009714622232802478,-0.00031724951937010804,-0.0009435266807008152,0.9999995045549568,-0.00022460814216174185,-0.00038487635902129114,-0.0002080166741507128,-0.016114812344312668,-0.013139829970896244,-0.01212058961391449,-0.007171819917857647,-0.021092122420668602,-0.0038544468116015196,0.9945494512942471,-0.10426587507102458,0.0002171428181503149,0.10426561853298177,0.9945490274381118,0.0009714622232802478,-0.00031724951937010804,-0.0009435266807008152,0.9999995045549568,-0.00022460814216174185,-0.00038487635902129114,-0.0002080166741507128,42.52450529081402,-0.00846024164481664,0.002138641685376939,0.00012518347872843427,42.52450529081402,-0.00846024164481664,0.002138641685376939,0.00012518347872843427,-0.010927412658929825,-0.0006517196889035404,-0.016258448362350464,0.0,0.0,0.0,0.9945617911267808,-0.10414818112040998,0.0,0.10414818112040998,0.9945617911267808,0.0,0.0,0.0,1.0,0.0,0.0,0.0
13,1774970526803151972,0.129971329,129,9.925578,0.408314999731374,42.515531130781774,0.6857343730771254,-0.6857343730771254,-0.01637834683060646,-0.013883625157177448,-0.011858239769935608,-0.007356186863034964,-0.021533749997615814,-0.0036640625912696123,0.9945489356196004,-0.10427102558080947,0.00022417144670644484,0.10427075801394148,0.9945485011693949,0.0009849951673263635,-0.0003256557837336138,-0.0009562513412778029,0.9999994897657303,-0.00023325980873778462,-0.00010217043018201366,-0.0008928797906264663,-0.01637834683060646,-0.013883625157177448,-0.011858239769935608,-0.007356186863034964,-0.021533749997615814,-0.0036640625912696123,0.9945489356196004,-0.10427102558080947,0.00022417144670644484,0.10427075801394148,0.9945485011693949,0.0009849951673263635,-0.0003256557837336138,-0.0009562513412778029,0.9999994897657303,-0.00023325980873778462,-0.00010217043018201366,-0.0008928797906264663,42.515531130781774,-0.00868468354927364,0.002137428855658524,0.00023201274708517264,42.515531130781774,-0.00868468354927364,0.002137428855658524,0.00023201274708517264,-0.010927412658929825,-0.0006517196889035404,-0.016258448362350464,0.0,0.0,0.0,0.9945617911267808,-0.10414818112040998,0.0,0.10414818112040998,0.9945617911267808,0.0,0.0,0.0,1.0,0.0,0.0,0.0
14,1774970526813227659,0.140047016,140,10.075687,0.33217700001841877,42.51030542295248,0.6856500874669754,-0.6856500874669754,-0.016481542959809303,-0.014250394888222218,-0.011705785989761353,-0.007385640870779753,-0.021741477772593498,-0.0035607891622930765,0.9945476696640696,-0.10428414151949839,0.00022256352341736008,0.10428387198399713,0.9945472243236566,0.0009957787277561601,-0.0003251936854173666,-0.0009671395264243404,0.9999994794450366,0.0006708317087031901,0.0007495815516449511,-0.0007534725591540337,-0.016481542959809303,-0.014250394888222218,-0.011705785989761353,-0.007385640870779753,-0.021741477772593498,-0.0035607891622930765,0.9945476696640696,-0.10428414151949839,0.00022256352341736008,0.10428387198399713,0.9945472243236566,0.0009957787277561601,-0.0003251936854173666,-0.0009671395264243404,0.9999994794450366,0.0006708317087031901,0.0007495815516449511,-0.0007534725591540337,42.51030542295248,-0.009029211083830252,0.0019304583986582554,0.00022162788169835626,42.51030542295248,-0.009029211083830252,0.0019304583986582554,0.00022162788169835626,-0.010927412658929825,-0.0006517196889035404,-0.016258448362350464,0.0,0.0,0.0,0.9945617911267808,-0.10414818112040998,0.0,0.10414818112040998,0.9945617911267808,0.0,0.0,0.0,1.0,0.0,0.0,0.0
15,1774970526823231208,0.150050565,150,10.003549,0.3892170007020468,42.50562110895443,0.685574534015394,-0.685574534015394,-0.016584957018494606,-0.014614403247833252,-0.011556968092918396,-0.0074477228336036205,-0.021968308836221695,-0.0034928848035633564,0.9945472224197981,-0.10428786886892416,0.00022549563368583214,0.10428759390365716,0.9945467703768703,0.0010036708194424288,-0.0003289365315478493,-0.0009746815648327828,0.9999994708982077,0.0004709850181825459,-0.0007967837154865265,-0.0005046403966844082,-0.016584957018494606,-0.014614403247833252,-0.011556968092918396,-0.0074477228336036205,-0.021968308836221695,-0.0034928848035633564,0.9945472224197981,-0.10428786886892416,0.00022549563368583214,0.10428759390365716,0.9945467703768703,0.0010036708194424288,-0.0003289365315478493,-0.0009746815648327828,0.9999994708982077,0.0004709850181825459,-0.0007967837154865265,-0.0005046403966844082,42.50562110895443,-0.009094600499964378,0.0023405969245012368,0.0001872874775042383,42.50562110895443,-0.009094600499964378,0.0023405969245012368,0.0001872874775042383,-0.010927412658929825,-0.0006517196889035404,-0.016258448362350464,0.0,0.0,0.0,0.9945617911267808,-0.10414818112040998,0.0,0.10414818112040998,0.9945617911267808,0.0,0.0,0.0,1.0,0.0,0.0,0.0
16,1774970526833206623,0.16002598,160,9.975415,0.4490390001592459,42.50035914237854,0.6854896635867507,-0.6854896635867507,-0.01668885350227356,-0.014975553378462791,-0.01141156256198883,-0.007514260709285736,-0.022134631872177124,-0.0033749279100447893,0.9945462656329258,-0.10429655945547145,0.00022724130843301132,0.10429627850217682,0.9945458014898005,0.0010165957114933247,-0.0003320292641846648,-0.0009873510118544246,0.9999994574471506,0.0010879343608394265,0.00026410326245240867,-0.0003126285446342081,-0.01668885350227356,-0.014975553378462791,-0.01141156256198883,-0.007514260709285736,-0.022134631872177124,-0.0033749279100447893,0.9945462656329258,-0.10429655945547145,0.00022724130843301132,0.10429627850217682,0.9945458014898005,0.0010165957114933247,-0.0003320292641846648,-0.0009873510118544246,0.9999994574471506,0.0010879343608394265,0.00026410326245240867,-0.0003126285446342081,42.50035914237854,-0.009364409171461002,0.0020982850219583705,0.00016546220674549473,42.50035914237854,-0.009364409171461002,0.0020982850219583705,0.00016546220674549473,-0.010927412658929825,-0.0006517196889035404,-0.016258448362350464,0.0,0.0,0.0,0.9945617911267808,-0.10414818112040998,0.0,0.10414818112040998,0.9945617911267808,0.0,0.0,0.0,1.0,0.0,0.0,0.0
17,1774970526843232494,0.170051851,170,10.025871,0.4907849997835001,42.49048967753713,0.6853304786699537,-0.6853304786699537,-0.016869651153683662,-0.015676040202379227,-0.0111151784658432,-0.007618282921612263,-0.022459184750914574,-0.003181327134370804,0.9945448344508487,-0.10431127582523758,0.00022814768555140877,0.10431098836300823,0.9945443538898364,0.001033392963897383,-0.0003346973315241607,-0.0010039572105053525,0.9999994400237328,-0.0001043417869368568,0.00010784136247821152,-0.0006712852045893669,-0.016869651153683662,-0.015676040202379227,-0.0111151784658432,-0.007618282921612263,-0.022459184750914574,-0.003181327134370804,0.9945448344508487,-0.10431127582523758,0.00022814768555140877,0.10431098836300823,0.9945443538898364,0.001033392963897383,-0.0003346973315241607,-0.0010039572105053525,0.9999994400237328,-0.0001043417869368568,0.00010784136247821152,-0.0006712852045893669,42.49048967753713,-0.009269365360363796,0.0021677963541661635,0.00023105560355612327,42.49048967753713,-0.009269365360363796,0.0021677963541661635,0.00023105560355612327,-0.010927412658929825,-0.0006517196889035404,-0.016258448362350464,0.0,0.0,0.0,0.9945617911267808,-0.10414818112040998,0.0,0.10414818112040998,0.9945617911267808,0.0,0.0,0.0,1.0,0.0,0.0,0.0
18,1774970526853186994,0.180006351,180,9.9545,0.5645640012517106,42.48473817276741,0.6852377124639905,-0.6852377124639905,-0.016947096213698387,-0.016015388071537018,-0.010964035987854004,-0.007679040543735027,-0.022608499974012375,-0.0030380033422261477,0.9945444572983774,-0.10431359084226854,0.00023721964479703553,0.10431329113700927,0.9945439706289506,0.0010425105479928073,-0.00034467334911155584,-0.001012077904593376,0.9999994284491507,0.0009319671662524343,-0.0016745206667110324,0.000478202011436224,-0.016947096213698387,-0.016015388071537018,-0.010964035987854004,-0.007679040543735027,-0.022608499974012375,-0.0030380033422261477,0.9945444572983774,-0.10431359084226854,0.00023721964479703553,0.10431329113700927,0.9945439706289506,0.0010425105479928073,-0.00034467334911155584,-0.001012077904593376,0.9999994284491507,0.0009319671662524343,-0.0016745206667110324,0.000478202011436224,42.48473817276741,-0.0096279425240173,0.0026507470780147706,6.049087045402908e-05,42.48473817276741,-0.0096279425240173,0.0026507470780147706,6.049087045402908e-05,-0.010927412658929825,-0.0006517196889035404,-0.016258448362350464,0.0,0.0,0.0,0.9945617911267808,-0.10414818112040998,0.0,0.10414818112040998,0.9945617911267808,0.0,0.0,0.0,1.0,0.0,0.0,0.0
19,1774970526863143143,0.1899625,189,9.956149,0.46735199975955766,42.480376435213515,0.6851673618582825,-0.6851673618582825,-0.017025064677000046,-0.01635211892426014,-0.010816290974617004,-0.007690819445997477,-0.022754117846488953,-0.0029957368969917297,0.9945446382447238,-0.10431182401809136,0.00023593236459959477,0.10431152284608602,0.9945441429429371,0.0010505688012693928,-0.0003442318678383502,-0.0010202270865011798,0.9999994203204016,0.0006458000279963017,0.0005714877624996006,8.701078331796452e-05,-0.017025064677000046,-0.01635211892426014,-0.010816290974617004,-0.007690819445997477,-0.022754117846488953,-0.0029957368969917297,0.9945446382447238,-0.10431182401809136,0.00023593236459959477,0.10431152284608602,0.9945441429429371,0.0010505688012693928,-0.0003442318678383502,-0.0010202270865011798,0.9999994203204016,0.0006458000279963017,0.0005714877624996006,8.701078331796452e-05,42.480376435213515,-0.009650844593510555,0.0020909347502184616,0.00011774183000299692,42.480376435213515,-0.009650844593510555,0.0020909347502184616,0.00011774183000299692,-0.010927412658929825,-0.0006517196889035404,-0.016258448362350464,0.0,0.0,0.0,0.9945617911267808,-0.10414818112040998,0.0,0.10414818112040998,0.9945617911267808,0.0,0.0,0.0,1.0,0.0,0.0,0.0
20,1774970526873277948,0.200097305,200,10.134805,0.4543699997157091,42.475263478190264,0.6850848948095204,-0.6850848948095204,-0.01710355654358864,-0.01668611355125904,-0.010672017931938171,-0.007721634116023779,-0.022898811846971512,-0.0028903326019644737,0.9945441448768751,-0.10431643362493559,0.00023777880510192362,0.10431612946508717,0.9945436469624208,0.0010537513761676928,-0.0003464049658510951,-0.001023198085692456,0.9999994165344765,-0.0001080600923160091,-0.00042320392094552517,-0.00015670445282012224,-0.01710355654358864,-0.01668611355125904,-0.010672017931938171,-0.007721634116023779,-0.022898811846971512,-0.0028903326019644737,0.9945441448768751,-0.10431643362493559,0.00023777880510192362,0.10431612946508717,0.9945436469624208,0.0010537513761676928,-0.0003464049658510951,-0.001023198085692456,0.9999994165344765,-0.0001080600923160091,-0.00042320392094552517,-0.00015670445282012224,42.475263478190264,-0.00954469651898813,0.0023531191307594587,0.0001579966896067659,42.475263478190264,-0.00954469651898813,0.0023531191307594587,0.0001579966896067659,-0.010927412658929825,-0.0006517196889035404,-0.016258448362350464,0.0,0.0,0.0,0.9945617911267808,-0.10414818112040998,0.0,0.10414818112040998,0.9945617911267808,0.0,0.0,0.0,1.0,0.0,0.0,0.0
21,1774970526883121256,0.209940613,209,9.843308,0.4388049983390374,42.465330260599615,0.6849246816225745,-0.6849246816225745,-0.01717417873442173,-0.01730222813785076,-0.010378077626228333,-0.007695810403674841,-0.023202409967780113,-0.002689576940611005,0.99454421479524,-0.1043167814249315,0.00023188012154212734,0.10431648467813837,0.9945437189856255,0.00104970876945637,-0.0003401170077778626,-0.001019792779176354,0.9999994221714501,-0.0009660865180194378,-0.0002829256118275225,-0.0005889411550015211,-0.01717417873442173,-0.01730222813785076,-0.010378077626228333,-0.007695810403674841,-0.023202409967780113,-0.002689576940611005,0.99454421479524,-0.1043167814249315,0.00023188012154212734,0.10431648467813837,0.9945437189856255,0.00104970876945637,-0.0003401170077778626,-0.001019792779176354,0.9999994221714501,-0.0009660865180194378,-0.0002829256118275225,-0.0005889411550015211,42.465330260599615,-0.00946208821186643,0.0022927074955797684,0.00022309781858999061,42.465330260599615,-0.00946208821186643,0.0022927074955797684,0.00022309781858999061,-0.010927412658929825,-0.0006517196889035404,-0.016258448362350464,0.0,0.0,0.0,0.9945617911267808,-0.10414818112040998,0.0,0.10414818112040998,0.9945617911267808,0.0,0.0,0.0,1.0,0.0,0.0,0.0
22,1774970526893249515,0.220068872,220,10.128259,0.5374669999582693,42.4605253919906,0.6848471837417839,-0.6848471837417839,-0.017211036756634712,-0.017606960609555244,-0.010235995054244995,-0.00770915299654007,-0.02331090345978737,-0.0026055017951875925,0.9945436045222253,-0.10432191944580738,0.00023316503581153475,0.10432162163356429,0.9945431098907802,0.0010489839580561447,-0.00034132463777732797,-0.001018936097029792,0.99999942263322,0.0002090882626362145,-0.00028728353208862245,-0.0009407255565747619,-0.017211036756634712,-0.017606960609555244,-0.010235995054244995,-0.00770915299654007,-0.02331090345978737,-0.0026055017951875925,0.9945436045222253,-0.10432191944580738,0.00023316503581153475,0.10432162163356429,0.9945431098907802,0.0010489839580561447,-0.00034132463777732797,-0.001018936097029792,0.99999942263322,0.0002090882626362145,-0.00028728353208862245,-0.0009407255565747619,42.4605253919906,-0.00981642207650983,0.002298251980282254,0.0002799997345290311,42.4605253919906,-0.00981642207650983,0.002298251980282254,0.0002799997345290311,-0.010927412658929825,-0.0006517196889035404,-0.016258448362350464,0.0,0.0,0.0,0.9945617911267808,-0.10414818112040998,0.0,0.10414818112040998,0.9945617911267808,0.0,0.0,0.0,1.0,0.0,0.0,0.0
23,1774970526903142712,0.229962069,229,9.893197,0.44175999937579036,42.45560707380517,0.6847678560291156,-0.6847678560291156,-0.017248883843421936,-0.017909562215209007,-0.010119348764419556,-0.007719153538346291,-0.02342347986996174,-0.0024660490453243256,0.9945424327212964,-0.10433308382866335,0.0002319032766921504,0.10433278540089663,0.9945419319722004,0.0010545534554473983,-0.00034066228585132377,-0.0010246030095286442,0.9999994170687956,0.0008456763462163508,-0.0001710740034468472,-0.001176455058157444,-0.017248883843421936,-0.017909562215209007,-0.010119348764419556,-0.007719153538346291,-0.02342347986996174,-0.0024660490453243256,0.9945424327212964,-0.10433308382866335,0.0002319032766921504,0.10433278540089663,0.9945419319722004,0.0010545534554473983,-0.00034066228585132377,-0.0010246030095286442,0.9999994170687956,0.0008456763462163508,-0.0001710740034468472,-0.001176455058157444,42.45560707380517,-0.010052392340896797,0.002266669026282252,0.00032433192728483824,42.45560707380517,-0.010052392340896797,0.002266669026282252,0.00032433192728483824,-0.010927412658929825,-0.0006517196889035404,-0.016258448362350464,0.0,0.0,0.0,0.9945617911267808,-0.10414818112040998,0.0,0.10414818112040998,0.9945617911267808,0.0,0.0,0.0,1.0,0.0,0.0,0.0
24,1774970526913272807,0.240092164,240,10.130095,0.5380870006774785,42.45107386880147,0.6846947398193786,-0.6846947398193786,-0.01724863052368164,-0.018215101212263107,-0.00999942421913147,-0.007634262554347515,-0.02357940375804901,-0.0023632224183529615,0.9945423551886341,-0.10433467968544097,0.00023077605430051051,0.10433438139496176,0.99454185098437,0.0010575472782120253,-0.00033985512680064986,-0.0010276975847395425,0.9999994141679849,-0.0004159431264270097,-0.00012582028284668922,0.00028378801653161645,-0.01724863052368164,-0.018215101212263107,-0.00999942421913147,-0.007634262554347515,-0.02357940375804901,-0.0023632224183529615,0.9945423551886341,-0.10433467968544097,0.00023077605430051051,0.10433438139496176,0.99454185098437,0.0010575472782120253,-0.00033985512680064986,-0.0010276975847395425,0.9999994141679849,-0.0004159431264270097,-0.00012582028284668922,0.00028378801653161645,42.45107386880147,-0.009813982116335046,0.002227972187597885,0.00010658105775330782,42.45107386880147,-0.009813982116335046,0.002227972187597885,0.00010658105775330782,-0.010927412658929825,-0.0006517196889035404,-0.016258448362350464,0.0,0.0,0.0,0.9945617911267808,-0.10414818112040998,0.0,0.10414818112040998,0.9945617911267808,0.0,0.0,0.0,1.0,0.0,0.0,0.0
25,1774970526923374560,0.250193917,250,10.101753,0.6414130002667662,42.44221497713385,0.6845518544699009,-0.6845518544699009,-0.017251035198569298,-0.01882118172943592,-0.009766548871994019,-0.007508452981710434,-0.023938309401273727,-0.0021361112594604492,0.9945423546078771,-0.10433467283236553,0.00022367977305792763,0.10433438298681841,0.994541851565127,0.0010540914363872701,-0.0003324370118757171,-0.0010250009903777502,0.9999994194292037,-0.0004609273455571383,-0.00036179370363242924,-0.0002445028512738645,-0.017251035198569298,-0.01882118172943592,-0.009766548871994019,-0.007508452981710434,-0.023938309401273727,-0.0021361112594604492,0.9945423546078771,-0.10433467283236553,0.00022367977305792763,0.10433438298681841,0.994541851565127,0.0010540914363872701,-0.0003324370118757171,-0.0010250009903777502,0.9999994194292037,-0.0004609273455571383,-0.00036179370363242924,-0.0002445028512738645,42.44221497713385,-0.00994300535266094,0.0022285383577523485,0.0001858315685340495,42.44221497713385,-0.00994300535266094,0.0022285383577523485,0.0001858315685340495,-0.010927412658929825,-0.0006517196889035404,-0.016258448362350464,0.0,0.0,0.0,0.9945617911267808,-0.10414818112040998,0.0,0.10414818112040998,0.9945617911267808,0.0,0.0,0.0,1.0,0.0,0.0,0.0
26,1774970526933138979,0.259958336,259,9.764419,0.4291200002626283,42.43865711286744,0.684494469562378,-0.684494469562378,-0.01725376769900322,-0.019121861085295677,-0.00965377688407898,-0.007464425638318062,-0.0240788497030735,-0.0020954394713044167,0.9945427151000877,-0.10433095025853367,0.00022373463908454544,0.10433066139876557,0.9945422152777973,0.0010509614953211031,-0.0003321612239511086,-0.0010218836404782897,0.9999994227112614,-2.2547843400388956e-05,-0.000362543883966282,0.0012590468395501375,-0.01725376769900322,-0.019121861085295677,-0.00965377688407898,-0.007464425638318062,-0.0240788497030735,-0.0020954394713044167,0.9945427151000877,-0.10433095025853367,0.00022373463908454544,0.10433066139876557,0.9945422152777973,0.0010509614953211031,-0.0003321612239511086,-0.0010218836404782897,0.9999994227112614,-2.2547843400388956e-05,-0.000362543883966282,0.0012590468395501375,42.43865711286744,-0.010111336226943754,0.0022134001067290006,-4.268638582104629e-05,42.43865711286744,-0.010111336226943754,0.0022134001067290006,-4.268638582104629e-05,-0.010927412658929825,-0.0006517196889035404,-0.016258448362350464,0.0,0.0,0.0,0.9945617911267808,-0.10414818112040998,0.0,0.10414818112040998,0.9945617911267808,0.0,0.0,0.0,1.0,0.0,0.0,0.0
27,1774970526943165942,0.269985299,269,10.026963,0.5050620002293726,42.43546866763551,0.6844430430263793,-0.6844430430263793,-0.01722739450633526,-0.01943136937916279,-0.009556114673614502,-0.007383732125163078,-0.024278758093714714,-0.0020565784070640802,0.9945435224950684,-0.10432368035860917,0.00021084937181367266,0.10432340384571814,0.9945430158028147,0.0010535680964226558,-0.0003196106893604035,-0.001025822693568653,0.9999994227683142,7.111942977644503e-05,0.0011371669825166464,0.0002897084050346166,-0.01722739450633526,-0.01943136937916279,-0.009556114673614502,-0.007383732125163078,-0.024278758093714714,-0.0020565784070640802,0.9945435224950684,-0.10432368035860917,0.00021084937181367266,0.10432340384571814,0.9945430158028147,0.0010535680964226558,-0.0003196106893604035,-0.001025822693568653,0.9999994227683142,7.111942977644503e-05,0.0011371669825166464,0.0002897084050346166,42.43546866763551,-0.010219735855535136,0.001778236909703947,9.68651984641986e-05,42.43546866763551,-0.010219735855535136,0.001778236909703947,9.68651984641986e-05,-0.010927412658929825,-0.0006517196889035404,-0.016258448362350464,0.0,0.0,0.0,0.9945617911267808,-0.10414818112040998,0.0,0.10414818112040998,0.9945617911267808,0.0,0.0,0.0,1.0,0.0,0.0,0.0
28,1774970526953140741,0.279960098,279,9.974799,0.46097599988570437,42.43236588736619,0.6843929981833257,-0.6843929981833257,-0.0172023493796587,-0.019739540293812752,-0.009460866451263428,-0.007319818716496229,-0.024471689015626907,-0.0020200274884700775,0.9945431869030023,-0.10432685884456894,0.00019802122833297714,0.10432659665266408,0.9945426800538394,0.001049802882909047,-0.000306463026345509,-0.0010234153180980823,0.9999994293506604,-0.0001039267226587981,0.0005734068108722568,-0.0004394233401399106,-0.0172023493796587,-0.019739540293812752,-0.009460866451263428,-0.007319818716496229,-0.024471689015626907,-0.0020200274884700775,0.9945431869030023,-0.10432685884456894,0.00019802122833297714,0.10432659665266408,0.9945426800538394,0.001049802882909047,-0.000306463026345509,-0.0010234153180980823,0.9999994293506604,-0.0001039267226587981,0.0005734068108722568,-0.0004394233401399106,42.43236588736619,-0.010243888234284671,0.0018628005608855261,0.00020879343002383417,42.43236588736619,-0.010243888234284671,0.0018628005608855261,0.00020879343002383417,-0.010927412658929825,-0.0006517196889035404,-0.016258448362350464,0.0,0.0,0.0,0.9945617911267808,-0.10414818112040998,0.0,0.10414818112040998,0.9945617911267808,0.0,0.0,0.0,1.0,0.0,0.0,0.0
29,1774970526963112426,0.289931783,289,9.971685,0.8035999999265186,42.42675607791872,0.6843025173857857,-0.6843025173857857,-0.0171553622931242,-0.020350979641079903,-0.009280040860176086,-0.007096867077052593,-0.02476651221513748,-0.0019486177479848266,0.9945424997200476,-0.1043335799443994,0.0001812396635457944,0.10433333534199551,0.9945419892974101,0.0010484092361433203,-0.0002896345550580867,-0.0010237780846399855,0.9999994339950489,1.860552583821118e-05,0.0009713778272271156,0.00018772378098219633,-0.0171553622931242,-0.020350979641079903,-0.009280040860176086,-0.007096867077052593,-0.02476651221513748,-0.0019486177479848266,0.9945424997200476,-0.1043335799443994,0.0001812396635457944,0.10433333534199551,0.9945419892974101,0.0010484092361433203,-0.0002896345550580867,-0.0010237780846399855,0.9999994339950489,1.860552583821118e-05,0.0009713778272271156,0.00018772378098219633,42.42675607791872,-0.010404394083976514,0.001655761742007258,0.00012014798204420563,42.42675607791872,-0.010404394083976514,0.001655761742007258,0.00012014798204420563,-0.010927412658929825,-0.0006517196889035404,-0.016258448362350464,0.0,0.0,0.0,0.9945617911267808,-0.10414818112040998,0.0,0.10414818112040998,0.9945617911267808,0.0,0.0,0.0,1.0,0.0,0.0,0.0
30,1774970526973193429,0.300012786,300,10.081003,0.4474199995456729,42.42425490174475,0.6842621758345928,-0.6842621758345928,-0.01713312603533268,-0.020654207095503807,-0.009194105863571167,-0.007001140620559454,-0.024922771379351616,-0.0019426391227170825,0.9945421646150646,-0.10433499556332881,0.00017728627018736773,0.10433475471474107,0.9945416520028846,0.0010494364395580262,-0.0002858115626119921,-0.0010252116917722244,0.999999433626193,0.0001489363785367459,-0.0011689158855006099,-0.000695178983733058,-0.01713312603533268,-0.020654207095503807,-0.009194105863571167,-0.007001140620559454,-0.024922771379351616,-0.0019426391227170825,0.9945421646150646,-0.10433499556332881,0.00017728627018736773,0.10433475471474107,0.9945416520028846,0.0010494364395580262,-0.0002858115626119921,-0.0010252116917722244,0.999999433626193,0.0001489363785367459,-0.0011689158855006099,-0.000695178983733058,42.42425490174475,-0.010507992347663465,0.002151358259270985,0.00025374905277158013,42.42425490174475,-0.010507992347663465,0.002151358259270985,0.00025374905277158013,-0.010927412658929825,-0.0006517196889035404,-0.016258448362350464,0.0,0.0,0.0,0.9945617911267808,-0.10414818112040998,0.0,0.10414818112040998,0.9945617911267808,0.0,0.0,0.0,1.0,0.0,0.0,0.0
