step,timestamp_ns,experiment_time_s,reference_index,tick_dt_ms,solver_ms,px4_collective_command_newton,px4_collective_normalized,px4_thrust_body_z,state_raw_0,state_raw_1,state_raw_2,state_raw_3,state_raw_4,state_raw_5,state_raw_6,state_raw_7,state_raw_8,state_raw_9,state_raw_10,state_raw_11,state_raw_12,state_raw_13,state_raw_14,state_raw_15,state_raw_16,state_raw_17,state_used_0,state_used_1,state_used_2,state_used_3,state_used_4,state_used_5,state_used_6,state_used_7,state_used_8,state_used_9,state_used_10,state_used_11,state_used_12,state_used_13,state_used_14,state_used_15,state_used_16,state_used_17,control_raw_0,control_raw_1,control_raw_2,control_raw_3,control_internal_0,control_internal_1,control_internal_2,control_internal_3,control_used_0,control_used_1,control_used_2,control_used_3,reference_0,reference_1,reference_2,reference_3,reference_4,reference_5,reference_6,reference_7,reference_8,reference_9,reference_10,reference_11,reference_12,reference_13,reference_14,reference_15,reference_16,reference_17
0,1775087340020087699,0.0,0,0.0,28.88282200001413,48.457784372954116,0.7815771673057116,-0.7815771673057116,0.03807675093412399,0.013151934370398521,0.009510636329650879,0.00243626581504941,0.01078192051500082,0.008033862337470055,0.9945876326734915,-0.10389899931960911,0.0007771821641018757,0.10389940700520905,0.9945877660889355,-0.0005038938778793821,-0.0007206217865524979,0.0005819152834462098,0.9999995710393619,0.0002391312300460413,-0.0002596095728222281,-0.00046034366823732853,0.03807675093412399,0.013151934370398521,0.009510636329650879,0.00243626581504941,0.01078192051500082,0.008033862337470055,0.9945876326734915,-0.10389899931960911,0.0007771821641018757,0.10389940700520905,0.9945877660889355,-0.0005038938778793821,-0.0007206217865524979,0.0005819152834462098,0.9999995710393619,0.0002391312300460413,-0.0002596095728222281,-0.00046034366823732853,48.457784372954116,0.0005416461949372587,0.0008008911123959905,-0.002780629777985215,-0.433451471153352,0.01059212439740842,0.008553682578703838,0.0023878334874890828,48.457784372954116,0.0005416461949372587,0.0008008911123959905,-0.002780629777985215,0.04208476096391678,0.004990199115127325,0.0027643442153930664,0.0,0.0,0.0,0.9945466785240987,-0.10429207300660792,0.000411987517759726,0.10429222595827259,0.9945466793567769,-0.0003690178025582373,-0.00037125518601591596,0.00040997248718788236,0.9999998470460687,0.0,0.0,0.0
1,1775087340074326161,0.054238462,54,54.238462,13.73434100241866,47.33291195071608,0.7634340637212271,-0.7634340637212271,0.03807675093412399,0.013151934370398521,0.009510636329650879,0.00243626581504941,0.01078192051500082,0.008033862337470055,0.9945876326734915,-0.10389899931960911,0.0007771821641018757,0.10389940700520905,0.9945877660889355,-0.0005038938778793821,-0.0007206217865524979,0.0005819152834462098,0.9999995710393619,0.0002391312300460413,-0.0002596095728222281,-0.00046034366823732853,0.03807675093412399,0.013151934370398521,0.009510636329650879,0.00243626581504941,0.01078192051500082,0.008033862337470055,0.9945876326734915,-0.10389899931960911,0.0007771821641018757,0.10389940700520905,0.9945877660889355,-0.0005038938778793821,-0.0007206217865524979,0.0005819152834462098,0.9999995710393619,0.0002391312300460413,-0.0002596095728222281,-0.00046034366823732853,47.33291195071608,0.0006782674731847697,0.0009598317670119756,-0.0027864842990993313,-0.7239024612502561,0.014192279295539095,0.011622432106637605,0.002291674627781928,47.33291195071608,0.0006782674731847697,0.0009598317670119756,-0.0027864842990993313,0.04208476096391678,0.004990199115127325,0.0027643442153930664,0.0,0.0,0.0,0.9945466785240987,-0.10429207300660792,0.000411987517759726,0.10429222595827259,0.9945466793567769,-0.0003690178025582373,-0.00037125518601591596,0.00040997248718788236,0.9999998470460687,0.0,0.0,0.0
2,1775087340092216978,0.072129279,72,17.890817,12.10926599742379,46.59772121109218,0.7515761485660029,-0.7515761485660029,0.03776634484529495,0.013443534262478352,0.00986449420452118,0.0021775667555630207,0.011002636514604092,0.008117823861539364,0.994588422249247,-0.10389191507909645,0.0007933637230018069,0.10389233687799448,0.994588563726101,-0.0005102552662437018,-0.0007360590594137073,0.0005899182102289497,0.9999995551067424,-0.0003514132695272565,-0.0006560401525348425,8.660131425131112e-05,0.03776634484529495,0.013443534262478352,0.00986449420452118,0.0021775667555630207,0.011002636514604092,0.008117823861539364,0.994588422249247,-0.10389191507909645,0.0007933637230018069,0.10389233687799448,0.994588563726101,-0.0005102552662437018,-0.0007360590594137073,0.0005899182102289497,0.9999995551067424,-0.0003514132695272565,-0.0006560401525348425,8.660131425131112e-05,46.59772121109218,0.0007884778938406584,0.0011034236290483478,-0.0028104151256345103,-0.9137345471049239,0.017096472484469154,0.01439483454768638,0.0018986175447825973,46.59772121109218,0.0007884778938406584,0.0011034236290483478,-0.0028104151256345103,0.04208476096391678,0.004990199115127325,0.0027643442153930664,0.0,0.0,0.0,0.9945466785240987,-0.10429207300660792,0.000411987517759726,0.10429222595827259,0.9945466793567769,-0.0003690178025582373,-0.00037125518601591596,0.00040997248718788236,0.9999998470460687,0.0,0.0,0.0
3,1775087340109372727,0.089285028,89,17.155749,13.986283003760036,46.12224166593838,0.7439071236441674,-0.7439071236441674,0.03761482983827591,0.01358755212277174,0.010037407279014587,0.0019883732311427593,0.011062643490731716,0.008251405321061611,0.9945892860250652,-0.10388341273162771,0.0007980227689581738,0.10388384169007736,0.9945894274104702,-0.0005162132106395836,-0.0007400789936573213,0.0005963216428754407,0.9999995483417394,-0.0010166842257604003,-0.00021808414021506906,0.000998481409624219,0.03761482983827591,0.01358755212277174,0.010037407279014587,0.0019883732311427593,0.011062643490731716,0.008251405321061611,0.9945892860250652,-0.10388341273162771,0.0007980227689581738,0.10388384169007736,0.9945894274104702,-0.0005162132106395836,-0.0007400789936573213,0.0005963216428754407,0.9999995483417394,-0.0010166842257604003,-0.00021808414021506906,0.000998481409624219,46.12224166593838,0.0008956726255990087,0.001119950494099156,-0.0028371625823734366,-1.0365071406279989,0.01992119820467855,0.01471392728985124,0.00145929810431118,46.12224166593838,0.0008956726255990087,0.001119950494099156,-0.0028371625823734366,0.04208476096391678,0.004990199115127325,0.0027643442153930664,0.0,0.0,0.0,0.9945466785240987,-0.10429207300660792,0.000411987517759726,0.10429222595827259,0.9945466793567769,-0.0003690178025582373,-0.00037125518601591596,0.00040997248718788236,0.9999998470460687,0.0,0.0,0.0
4,1775087340128425760,0.108338061,108,19.053033,13.657513998623472,45.74511293398834,0.7378244021611022,-0.7378244021611022,0.037465520203113556,0.013730359263718128,0.010207980871200562,0.0018476181430742145,0.011139347217977047,0.008266233839094639,0.9945901413186546,-0.10387508753661034,0.0007998218930456262,0.10387552013552148,0.9945902819689949,-0.0005196763973003889,-0.0007415136284883665,0.000599946795367904,0.9999995451106332,-9.983725612983108e-05,0.0006330975447781384,-0.0005034992936998606,0.037465520203113556,0.013730359263718128,0.010207980871200562,0.0018476181430742145,0.011139347217977047,0.008266233839094639,0.9945901413186546,-0.10387508753661034,0.0007998218930456262,0.10387552013552148,0.9945902819689949,-0.0005196763973003889,-0.0007415136284883665,0.000599946795367904,0.9999995451106332,-9.983725612983108e-05,0.0006330975447781384,-0.0005034992936998606,45.74511293398834,0.0009059451079550303,0.001025580052552527,-0.0028160756059979596,-1.133884773347402,0.02019189196588749,0.012891868304081887,0.0018056457497314842,45.74511293398834,0.0009059451079550303,0.001025580052552527,-0.0028160756059979596,0.04208476096391678,0.004990199115127325,0.0027643442153930664,0.0,0.0,0.0,0.9945466785240987,-0.10429207300660792,0.000411987517759726,0.10429222595827259,0.9945466793567769,-0.0003690178025582373,-0.00037125518601591596,0.00040997248718788236,0.9999998470460687,0.0,0.0,0.0
5,1775087340146888824,0.126801125,126,18.463064,14.23332300328184,45.4906534075527,0.7337202162508499,-0.7337202162508499,0.03714001923799515,0.014011671766638756,0.010558068752288818,0.001609909231774509,0.011383513920009136,0.008326818235218525,0.994590762859518,-0.10386959776893301,0.0008136539265700769,0.1038700403470143,0.9945909125304538,-0.0005218899839991506,-0.00075504426258792,0.0006035810046336795,0.9999995327990292,9.445325122214854e-05,-0.0014302353374660015,3.8607235183008015e-05,0.03714001923799515,0.014011671766638756,0.010558068752288818,0.001609909231774509,0.011383513920009136,0.008326818235218525,0.994590762859518,-0.10386959776893301,0.0008136539265700769,0.1038700403470143,0.9945909125304538,-0.0005218899839991506,-0.00075504426258792,0.0006035810046336795,0.9999995327990292,9.445325122214854e-05,-0.0014302353374660015,3.8607235183008015e-05,45.4906534075527,0.0008772399317920987,0.00129819379023351,-0.00282970693515098,-1.1995882432980411,0.01943547186873791,0.01815536291367712,0.0015817550092084244,45.4906534075527,0.0008772399317920987,0.00129819379023351,-0.00282970693515098,0.04208476096391678,0.004990199115127325,0.0027643442153930664,0.0,0.0,0.0,0.9945466785240987,-0.10429207300660792,0.000411987517759726,0.10429222595827259,0.9945466793567769,-0.0003690178025582373,-0.00037125518601591596,0.00040997248718788236,0.9999998470460687,0.0,0.0,0.0
6,1775087340165106011,0.145018312,145,18.217187,14.776288997381926,45.35913978428742,0.7315990287788294,-0.7315990287788294,0.03698141500353813,0.014151002280414104,0.010728970170021057,0.0014668238582089543,0.011461720801889896,0.008391846902668476,0.9945908380613656,-0.10386800449227729,0.0008275813883768645,0.10386845953968238,0.9945909951410573,-0.0005271631830045332,-0.0007683495888385966,0.0006102711571382095,0.999999518603936,-0.000983664533123374,-0.0008466165163554251,-0.0008807728299871087,0.03698141500353813,0.014151002280414104,0.010728970170021057,0.0014668238582089543,0.011461720801889896,0.008391846902668476,0.9945908380613656,-0.10386800449227729,0.0008275813883768645,0.10386845953968238,0.9945909951410573,-0.0005271631830045332,-0.0007683495888385966,0.0006102711571382095,0.999999518603936,-0.000983664533123374,-0.0008466165163554251,-0.0008807728299871087,45.35913978428742,0.000964168739187417,0.0012674023372782712,-0.002816945237919629,-1.233546104948373,0.021726163155976065,0.017560856385758994,0.00179136229044887,45.35913978428742,0.000964168739187417,0.0012674023372782712,-0.002816945237919629,0.04208476096391678,0.004990199115127325,0.0027643442153930664,0.0,0.0,0.0,0.9945466785240987,-0.10429207300660792,0.000411987517759726,0.10429222595827259,0.9945466793567769,-0.0003690178025582373,-0.00037125518601591596,0.00040997248718788236,0.9999998470460687,0.0,0.0,0.0
7,1775087340183072130,0.162984431,162,17.966119,12.270099003217183,45.17114646502737,0.7285668784681834,-0.7285668784681834,0.03665762394666672,0.014429913833737373,0.011076226830482483,0.0011961295967921615,0.011654982343316078,0.008469470776617527,0.9945913961915289,-0.10386198379449607,0.0008427524266530441,0.10386244874653783,0.994591564548694,-0.0005279740314425548,-0.0007833580164707974,0.0006126487154464915,0.9999995055057775,0.0004574708582367748,0.0006734349299222231,-0.0007269736961461604,0.03665762394666672,0.014429913833737373,0.011076226830482483,0.0011961295967921615,0.011654982343316078,0.008469470776617527,0.9945913961915289,-0.10386198379449607,0.0008427524266530441,0.10386244874653783,0.994591564548694,-0.0005279740314425548,-0.0007833580164707974,0.0006126487154464915,0.9999995055057775,0.0004574708582367748,0.0006734349299222231,-0.0007269736961461604,45.17114646502737,0.0009520147300718653,0.0010611468971948397,-0.0028141078461802627,-1.2820874725125697,0.021405888627655474,0.01357857579229437,0.0018379656502936373,45.17114646502737,0.0009520147300718653,0.0010611468971948397,-0.0028141078461802627,0.04208476096391678,0.004990199115127325,0.0027643442153930664,0.0,0.0,0.0,0.9945466785240987,-0.10429207300660792,0.000411987517759726,0.10429222595827259,0.9945466793567769,-0.0003690178025582373,-0.00037125518601591596,0.00040997248718788236,0.9999998470460687,0.0,0.0,0.0
8,1775087340200317791,0.180230092,180,17.245661,13.91686099668732,45.07403976850497,0.7270006414274994,-0.7270006414274994,0.03617069125175476,0.014843513257801533,0.011593937873840332,0.000792404287494719,0.011869780719280243,0.008521372452378273,0.9945935985972744,-0.103840554296873,0.0008712244366492171,0.10384104139715644,0.9945937861145945,-0.0005337257607549786,-0.0008110920263688856,0.0006213090466660222,0.9999994780522713,-8.587375486968085e-05,-0.00171010906342417,0.00122166913934052,0.03617069125175476,0.014843513257801533,0.011593937873840332,0.000792404287494719,0.011869780719280243,0.008521372452378273,0.9945935985972744,-0.103840554296873,0.0008712244366492171,0.10384104139715644,0.9945937861145945,-0.0005337257607549786,-0.0008110920263688856,0.0006213090466660222,0.9999994780522713,-8.587375486968085e-05,-0.00171010906342417,0.00122166913934052,45.07403976850497,0.0009484240331000392,0.0013539420057968547,-0.0028526933672404185,-1.3071611925117286,0.02131126892085253,0.019231722581419163,0.0012042093388841995,45.07403976850497,0.0009484240331000392,0.0013539420057968547,-0.0028526933672404185,0.04208476096391678,0.004990199115127325,0.0027643442153930664,0.0,0.0,0.0,0.9945466785240987,-0.10429207300660792,0.000411987517759726,0.10429222595827259,0.9945466793567769,-0.0003690178025582373,-0.00037125518601591596,0.00040997248718788236,0.9999998470460687,0.0,0.0,0.0
9,1775087340220143403,0.200055704,200,19.825612,12.568505997478496,44.97263766327111,0.7253651236011469,-0.7253651236011469,0.03465782850980759,0.0158510971814394,0.013161584734916687,-0.00038486553239636123,0.012246590107679367,0.008688495494425297,0.9945979654484206,-0.10379857924989011,0.0009169643729051297,0.10379911224060567,0.9945981782103529,-0.0005540314536636639,-0.0008545034035842367,0.0006462185745465115,0.9999994261126046,-0.0011684305500239134,0.000591542455367744,4.0353632357437164e-05,0.03465782850980759,0.0158510971814394,0.013161584734916687,-0.00038486553239636123,0.012246590107679367,0.008688495494425297,0.9945979654484206,-0.10379857924989011,0.0009169643729051297,0.10379911224060567,0.9945981782103529,-0.0005540314536636639,-0.0008545034035842367,0.0006462185745465115,0.9999994261126046,-0.0011684305500239134,0.000591542455367744,4.0353632357437164e-05,44.97263766327111,0.0011056423058416697,0.0010421741786825324,-0.002825307040747834,-1.3333440211426288,0.0254541823963143,0.013212259690734739,0.0016540220350490667,44.97263766327111,0.0011056423058416697,0.0010421741786825324,-0.002825307040747834,0.04208476096391678,0.004990199115127325,0.0027643442153930664,0.0,0.0,0.0,0.9945466785240987,-0.10429207300660792,0.000411987517759726,0.10429222595827259,0.9945466793567769,-0.0003690178025582373,-0.00037125518601591596,0.00040997248718788236,0.9999998470460687,0.0,0.0,0.0
10,1775087340240043878,0.219956179,219,19.900475,13.270144998386968,44.839107258568255,0.7232114073962622,-0.7232114073962622,0.03432789444923401,0.01602066308259964,0.013519138097763062,-0.0006712644826620817,0.012307267636060715,0.00877008680254221,0.9945993507979207,-0.10378494033621255,0.0009103184971271296,0.10378546760445828,0.9945995589951966,-0.0005523483436044307,-0.0008480769344113015,0.0006438431270223231,0.9999994331156127,-0.0004904074012301862,0.002323875902220607,-0.0005412589525803924,0.03432789444923401,0.01602066308259964,0.013519138097763062,-0.0006712644826620817,0.012307267636060715,0.00877008680254221,0.9945993507979207,-0.10378494033621255,0.0009103184971271296,0.10378546760445828,0.9945995589951966,-0.0005523483436044307,-0.0008480769344113015,0.0006438431270223231,0.9999994331156127,-0.0004904074012301862,0.002323875902220607,-0.0005412589525803924,44.839107258568255,0.001141564230751134,0.0007826270218702407,-0.0028077092797665995,-1.3678226317719302,0.026400773553797094,0.008201048324651903,0.001943060300753578,44.839107258568255,0.001141564230751134,0.0007826270218702407,-0.0028077092797665995,0.04208476096391678,0.004990199115127325,0.0027643442153930664,0.0,0.0,0.0,0.9945466785240987,-0.10429207300660792,0.000411987517759726,0.10429222595827259,0.9945466793567769,-0.0003690178025582373,-0.00037125518601591596,0.00040997248718788236,0.9999998470460687,0.0,0.0,0.0
11,1775087340261907909,0.24182021,241,21.864031,14.174745003401767,44.686807928207855,0.7207549665839976,-0.7207549665839976,0.03339424729347229,0.016409145668148994,0.014575406908988953,-0.0013401091564446688,0.012272286228835583,0.009002236649394035,0.994599981598613,-0.10377892783564624,0.000930801323681776,0.1037794335878075,0.9946002323543423,-0.0005124594516471119,-0.0008725927112799327,0.0006062901565845689,0.999999435496958,0.000456727750133723,-0.0008265978540293872,-5.79751176701393e-05,0.03339424729347229,0.016409145668148994,0.014575406908988953,-0.0013401091564446688,0.012272286228835583,0.009002236649394035,0.994599981598613,-0.10377892783564624,0.000930801323681776,0.1037794335878075,0.9946002323543423,-0.0005124594516471119,-0.0008725927112799327,0.0006062901565845689,0.999999435496958,0.000456727750133723,-0.0008265978540293872,-5.79751176701393e-05,44.686807928207855,0.0010486282782236655,0.001127623867143988,-0.0028137876904257594,-1.4071475280177306,0.02395178589246037,0.014862081076973115,0.001843224118353046,44.686807928207855,0.0010486282782236655,0.001127623867143988,-0.0028137876904257594,0.04208476096391678,0.004990199115127325,0.0027643442153930664,0.0,0.0,0.0,0.9945466785240987,-0.10429207300660792,0.000411987517759726,0.10429222595827259,0.9945466793567769,-0.0003690178025582373,-0.00037125518601591596,0.00040997248718788236,0.9999998470460687,0.0,0.0,0.0
12,1775087340280412560,0.260324861,260,18.504651,13.497391999408137,44.60320821986974,0.7194065841914474,-0.7194065841914474,0.03310757875442505,0.01648089475929737,0.014987364411354065,-0.0015055425465106964,0.01215252187103033,0.009121104143559933,0.9946000792648723,-0.10377857722581174,0.00094570175217586,0.10377908657286739,0.994600346846452,-0.0005063196827597635,-0.0008880501189604609,0.0006017295168368846,0.9999994246441753,-0.00025198821094818413,-0.001299752271734178,-0.0009871760848909616,0.03310757875442505,0.01648089475929737,0.014987364411354065,-0.0015055425465106964,0.01215252187103033,0.009121104143559933,0.9946000792648723,-0.10377857722581174,0.00094570175217586,0.10377908657286739,0.994600346846452,-0.0005063196827597635,-0.0008880501189604609,0.0006017295168368846,0.9999994246441753,-0.00025198821094818413,-0.001299752271734178,-0.0009871760848909616,44.60320821986974,0.0010804954991972227,0.0012167103259008748,-0.002798378926377934,-1.4287336364319712,0.024791530133982678,0.016582119470649092,0.002096308726206442,44.60320821986974,0.0010804954991972227,0.0012167103259008748,-0.002798378926377934,0.04208476096391678,0.004990199115127325,0.0027643442153930664,0.0,0.0,0.0,0.9945466785240987,-0.10429207300660792,0.000411987517759726,0.10429222595827259,0.9945466793567769,-0.0003690178025582373,-0.00037125518601591596,0.00040997248718788236,0.9999998470460687,0.0,0.0,0.0
13,1775087340304368418,0.284280719,284,23.955858,15.03011499880813,44.53823399555535,0.7183586128315379,-0.7183586128315379,0.03269055113196373,0.016575193032622337,0.015647679567337036,-0.0018747784197330475,0.01195238996297121,0.009193127043545246,0.9946008640624973,-0.10377149713958378,0.0009532112315792044,0.10377199583648067,0.9946011483982966,-0.0004893967227641849,-0.0008972794975111581,0.0005856708184698908,0.999999425939514,-0.0007131932070478797,-0.0011493235360831022,-0.0007276069954968989,0.03269055113196373,0.016575193032622337,0.015647679567337036,-0.0018747784197330475,0.01195238996297121,0.009193127043545246,0.9946008640624973,-0.10377149713958378,0.0009532112315792044,0.10377199583648067,0.9946011483982966,-0.0004893967227641849,-0.0008972794975111581,0.0005856708184698908,0.999999425939514,-0.0007131932070478797,-0.0011493235360831022,-0.0007276069954968989,44.53823399555535,0.001129031003722083,0.0012000654046041396,-0.0027985956596733234,-1.4455104969983852,0.026070506122128967,0.01626074735540732,0.0020927489428972665,44.53823399555535,0.001129031003722083,0.0012000654046041396,-0.0027985956596733234,0.04208476096391678,0.004990199115127325,0.0027643442153930664,0.0,0.0,0.0,0.9945466785240987,-0.10429207300660792,0.000411987517759726,0.10429222595827259,0.9945466793567769,-0.0003690178025582373,-0.00037125518601591596,0.00040997248718788236,0.9999998470460687,0.0,0.0,0.0
14,1775087340323932978,0.303845279,303,19.56456,12.562581003294326,44.48298415981546,0.7174674864486364,-0.7174674864486364,0.03255346044898033,0.016599923372268677,0.015887141227722168,-0.0019644058775156736,0.011906272731721401,0.00927678868174553,0.9946001869609293,-0.10377804993068862,0.0009513238264725367,0.10377854870611003,0.9946004688279626,-0.0004907167719140227,-0.0008952614354138921,0.000586793775795829,0.9999994270899325,-0.0010687746107578278,0.0005264633218757808,-0.0007533741882070899,0.03255346044898033,0.016599923372268677,0.015887141227722168,-0.0019644058775156736,0.011906272731721401,0.00927678868174553,0.9946001869609293,-0.10377804993068862,0.0009513238264725367,0.10377854870611003,0.9946004688279626,-0.0004907167719140227,-0.0008952614354138921,0.000586793775795829,0.9999994270899325,-0.0010687746107578278,0.0005264633218757808,-0.0007533741882070899,44.48298415981546,0.0012040702769314097,0.0009878898783588106,-0.002794934378342776,-1.4597764432302391,0.028047892152051033,0.012164164592629602,0.0021528844571349127,44.48298415981546,0.0012040702769314097,0.0009878898783588106,-0.002794934378342776,0.04208476096391678,0.004990199115127325,0.0027643442153930664,0.0,0.0,0.0,0.9945466785240987,-0.10429207300660792,0.000411987517759726,0.10429222595827259,0.9945466793567769,-0.0003690178025582373,-0.00037125518601591596,0.00040997248718788236,0.9999998470460687,0.0,0.0,0.0
15,1775087340341852173,0.321764474,321,17.919195,12.633380996703636,44.38619114665019,0.7159063088169385,-0.7159063088169385,0.0322866290807724,0.016648216173052788,0.016353502869606018,-0.002077728044241667,0.011756318621337414,0.009395522065460682,0.9946009202322665,-0.10377043312752066,0.000943722061243199,0.1037709243868985,0.9946011973374942,-0.00048727452907863095,-0.0008880623697386306,0.0005825744785176584,0.9999994359759902,-0.00011199440632481128,-0.0006641607615165412,0.001598492730408907,0.0322866290807724,0.016648216173052788,0.016353502869606018,-0.002077728044241667,0.011756318621337414,0.009395522065460682,0.9946009202322665,-0.10377043312752066,0.000943722061243199,0.1037709243868985,0.9946011973374942,-0.00048727452907863095,-0.0008880623697386306,0.0005825744785176584,0.9999994359759902,-0.00011199440632481128,-0.0006641607615165412,0.001598492730408907,44.38619114665019,0.0011486777968478747,0.001111149175565815,-0.002835177882777852,-1.484769167696167,0.02658822561217969,0.014543995675063058,0.001491896235952124,44.38619114665019,0.0011486777968478747,0.001111149175565815,-0.002835177882777852,0.04208476096391678,0.004990199115127325,0.0027643442153930664,0.0,0.0,0.0,0.9945466785240987,-0.10429207300660792,0.000411987517759726,0.10429222595827259,0.9945466793567769,-0.0003690178025582373,-0.00037125518601591596,0.00040997248718788236,0.9999998470460687,0.0,0.0,0.0
16,1775087340360012626,0.339924927,339,18.160453,13.06764800392557,44.28023262236781,0.7141973003607711,-0.7141973003607711,0.03191939368844032,0.016671471297740936,0.01714286208152771,-0.0022382650058716536,0.011498729698359966,0.009704196825623512,0.994601969061573,-0.1037598119203722,0.000943713194610632,0.10376027800388599,0.9946022622487942,-0.0004589811192969445,-0.0008909954707392448,0.0005544234236352502,0.9999994493707342,-0.0002727329556364566,0.00014658045256510377,0.0009826647583395243,0.03191939368844032,0.016671471297740936,0.01714286208152771,-0.0022382650058716536,0.011498729698359966,0.009704196825623512,0.994601969061573,-0.1037598119203722,0.000943713194610632,0.10376027800388599,0.9946022622487942,-0.0004589811192969445,-0.0008909954707392448,0.0005544234236352502,0.9999994493707342,-0.0002727329556364566,0.00014658045256510377,0.0009826647583395243,44.28023262236781,0.0011914707990836333,0.0010092264677824803,-0.002822838610487634,-1.5121284999000735,0.027715878921978743,0.012576121174032893,0.0016945653065585245,44.28023262236781,0.0011914707990836333,0.0010092264677824803,-0.002822838610487634,0.04208476096391678,0.004990199115127325,0.0027643442153930664,0.0,0.0,0.0,0.9945466785240987,-0.10429207300660792,0.000411987517759726,0.10429222595827259,0.9945466793567769,-0.0003690178025582373,-0.00037125518601591596,0.00040997248718788236,0.9999998470460687,0.0,0.0,0.0
17,1775087340380189413,0.360101714,360,20.176787,14.129565002804156,44.22177036359081,0.7132543607030776,-0.7132543607030776,0.031574130058288574,0.01666656695306301,0.017958953976631165,-0.0024130656383931637,0.01121441274881363,0.010100073181092739,0.9946025236289598,-0.10375591330503608,0.0009175143522086437,0.10375635268106786,0.9946028015030309,-0.00044486875903662626,-0.0008664045212701948,0.0005376653278743194,0.9999994801295385,-0.0013975304318591952,-2.9275888664415106e-05,-0.0004655300872400403,0.031574130058288574,0.01666656695306301,0.017958953976631165,-0.0024130656383931637,0.01121441274881363,0.010100073181092739,0.9946025236289598,-0.10375591330503608,0.0009175143522086437,0.10375635268106786,0.9946028015030309,-0.00044486875903662626,-0.0008664045212701948,0.0005376653278743194,0.9999994801295385,-0.0013975304318591952,-2.9275888664415106e-05,-0.0004655300872400403,44.22177036359081,0.0012715759242690832,0.0010176680058726919,-0.002792438995660192,-1.5272239192644295,0.02982675698212471,0.012739106321489096,0.0021938704145878173,44.22177036359081,0.0012715759242690832,0.0010176680058726919,-0.002792438995660192,0.04208476096391678,0.004990199115127325,0.0027643442153930664,0.0,0.0,0.0,0.9945466785240987,-0.10429207300660792,0.000411987517759726,0.10429222595827259,0.9945466793567769,-0.0003690178025582373,-0.00037125518601591596,0.00040997248718788236,0.9999998470460687,0.0,0.0,0.0
18,1775087340400742073,0.380654374,380,20.55266,14.081378998525906,44.119441639779744,0.7116038974158023,-0.7116038974158023,0.03125021606683731,0.016649138182401657,0.01879309117794037,-0.0026219780556857586,0.01089022308588028,0.010424326173961163,0.9946028407213986,-0.10375131026617801,0.0009003945374125161,0.1037517193062798,0.9946031169238553,-0.0004200115162898699,-0.0008519584768660604,0.0005111621567707031,0.9999995064398699,-0.001042161718942225,5.359571514418349e-05,0.0009414545493200421,0.03125021606683731,0.016649138182401657,0.01879309117794037,-0.0026219780556857586,0.01089022308588028,0.010424326173961163,0.9946028407213986,-0.10375131026617801,0.0009003945374125161,0.1037517193062798,0.9946031169238553,-0.0004200115162898699,-0.0008519584768660604,0.0005111621567707031,0.9999995064398699,-0.001042161718942225,5.359571514418349e-05,0.0009414545493200421,44.119441639779744,0.0012859148188760032,0.0010046738329718317,-0.002808644371909956,-1.5536460081686472,0.03020460618918132,0.01248822109610892,0.0019277016757740751,44.119441639779744,0.0012859148188760032,0.0010046738329718317,-0.002808644371909956,0.04208476096391678,0.004990199115127325,0.0027643442153930664,0.0,0.0,0.0,0.9945466785240987,-0.10429207300660792,0.000411987517759726,0.10429222595827259,0.9945466793567769,-0.0003690178025582373,-0.00037125518601591596,0.00040997248718788236,0.9999998470460687,0.0,0.0,0.0
19,1775087340421535274,0.401447575,401,20.793201,12.724027001240756,43.95665176213655,0.7089782542280089,-0.7089782542280089,0.030851462855935097,0.01662459224462509,0.019946172833442688,-0.0027240212075412273,0.010516878217458725,0.010978496633470058,0.9946027867422991,-0.10375237567090823,0.0008920944568759082,0.1037527637515614,0.9946030658133431,-0.00040021750979304244,-0.0008457563533406307,0.0004906146817183765,0.99999952199661,-0.0002737262402661145,-0.0005246197106316686,-0.00015088504005689174,0.030851462855935097,0.01662459224462509,0.019946172833442688,-0.0027240212075412273,0.010516878217458725,0.010978496633470058,0.9946027867422991,-0.10375237567090823,0.0008920944568759082,0.1037527637515614,0.9946030658133431,-0.00040021750979304244,-0.0008457563533406307,0.0004906146817183765,0.99999952199661,-0.0002737262402661145,-0.0005246197106316686,-0.00015088504005689174,43.95665176213655,0.0012597977960970587,0.001051799381689606,-0.0027839140408342203,-1.595679647010238,0.0295163874234934,0.013398098469715415,0.0023338903955806008,43.95665176213655,0.0012597977960970587,0.001051799381689606,-0.0027839140408342203,0.04208476096391678,0.004990199115127325,0.0027643442153930664,0.0,0.0,0.0,0.9945466785240987,-0.10429207300660792,0.000411987517759726,0.10429222595827259,0.9945466793567769,-0.0003690178025582373,-0.00037125518601591596,0.00040997248718788236,0.9999998470460687,0.0,0.0,0.0
20,1775087340440690894,0.420603195,420,19.15562,12.852321000536904,43.8004667023434,0.7064591403603774,-0.7064591403603774,0.03075678087770939,0.016616806387901306,0.020242273807525635,-0.002767345868051052,0.010430331341922283,0.011065458878874779,0.994602770862865,-0.10375273005622421,0.000883184298643605,0.10375310648022484,0.9946030466626793,-0.0003915121464707558,-0.0008377973238105699,0.0004810321303411885,0.999999533351775,0.0001694017555564642,0.0005953607615083456,0.0002716037561185658,0.03075678087770939,0.016616806387901306,0.020242273807525635,-0.002767345868051052,0.010430331341922283,0.011065458878874779,0.994602770862865,-0.10375273005622421,0.000883184298643605,0.10375310648022484,0.9946030466626793,-0.0003915121464707558,-0.0008377973238105699,0.0004810321303411885,0.999999533351775,0.0001694017555564642,0.0005953607615083456,0.0002716037561185658,43.8004667023434,0.001276216028900103,0.0009209124641193973,-0.0027866235279711883,-1.6360078694454627,0.029949029995739326,0.010870996970877827,0.0022893878327913354,43.8004667023434,0.001276216028900103,0.0009209124641193973,-0.0027866235279711883,0.04208476096391678,0.004990199115127325,0.0027643442153930664,0.0,0.0,0.0,0.9945466785240987,-0.10429207300660792,0.000411987517759726,0.10429222595827259,0.9945466793567769,-0.0003690178025582373,-0.00037125518601591596,0.00040997248718788236,0.9999998470460687,0.0,0.0,0.0
21,1775087340461073653,0.440985954,440,20.382759,14.052411999728065,43.69568886861529,0.7047691753002466,-0.7047691753002466,0.030573701485991478,0.016600705683231354,0.020821571350097656,-0.0028388253413140774,0.010242978110909462,0.011329141445457935,0.9946016111761864,-0.10376371154061359,0.0008663036126166784,0.1037640666767985,0.9946018805326631,-0.0003754683600403069,-0.0008226672069031465,0.0004633326076483729,0.9999995542706861,-0.0004441197670530528,0.0005906361620873213,-9.12637187866494e-05,0.030573701485991478,0.016600705683231354,0.020821571350097656,-0.0028388253413140774,0.010242978110909462,0.011329141445457935,0.9946016111761864,-0.10376371154061359,0.0008663036126166784,0.1037640666767985,0.9946018805326631,-0.0003754683600403069,-0.0008226672069031465,0.0004633326076483729,0.9999995542706861,-0.0004441197670530528,0.0005906361620873213,-9.12637187866494e-05,43.69568886861529,0.0013302252873288532,0.0009166654888322172,-0.0027788612761879177,-1.6630623379744256,0.03137224677990972,0.010788998419662788,0.0024168806312098784,43.69568886861529,0.0013302252873288532,0.0009166654888322172,-0.0027788612761879177,0.04208476096391678,0.004990199115127325,0.0027643442153930664,0.0,0.0,0.0,0.9945466785240987,-0.10429207300660792,0.000411987517759726,0.10429222595827259,0.9945466793567769,-0.0003690178025582373,-0.00037125518601591596,0.00040997248718788236,0.9999998470460687,0.0,0.0,0.0
22,1775087340481054855,0.460967156,460,19.981202,13.61806399654597,43.51183638409732,0.701803812646731,-0.701803812646731,0.030330272391438484,0.016552956774830818,0.021736890077590942,-0.0028380807489156723,0.010036343708634377,0.011832356452941895,0.9946018221770777,-0.1037630075111049,0.0008509885532800507,0.10376332869432647,0.9946020938355496,-0.00034226236001324434,-0.000810880767648757,0.0004287160150412764,0.9999995793374427,0.0009793699719011784,-0.00011288992391200736,0.002006059978157282,0.030330272391438484,0.016552956774830818,0.021736890077590942,-0.0028380807489156723,0.010036343708634377,0.011832356452941895,0.9946018221770777,-0.1037630075111049,0.0008509885532800507,0.10376332869432647,0.9946020938355496,-0.00034226236001324434,-0.000810880767648757,0.0004287160150412764,0.9999995793374427,0.0009793699719011784,-0.00011288992391200736,0.002006059978157282,43.51183638409732,0.0012736653559654635,0.0010086081337725178,-0.002809689799219822,-1.7105345091329802,0.029881816324655565,0.012564182679091105,0.0019105308267731145,43.51183638409732,0.0012736653559654635,0.0010086081337725178,-0.002809689799219822,0.04208476096391678,0.004990199115127325,0.0027643442153930664,0.0,0.0,0.0,0.9945466785240987,-0.10429207300660792,0.000411987517759726,0.10429222595827259,0.9945466793567769,-0.0003690178025582373,-0.00037125518601591596,0.00040997248718788236,0.9999998470460687,0.0,0.0,0.0
23,1775087340500126082,0.480038383,480,19.071227,13.014746997214388,43.45116627238647,0.7008252624578464,-0.7008252624578464,0.030166778713464737,0.016515472903847694,0.022355899214744568,-0.0029204937163740396,0.009942803531885147,0.012116762809455395,0.994600967249433,-0.10377133381347003,0.0008459432053124754,0.10377164324690069,0.9946012398483856,-0.00033037072280735734,-0.0008070930877911876,0.00041637179148242866,0.9999995876176084,-0.0009555686265230179,0.00010139492223970592,0.0001307459024246782,0.030166778713464737,0.016515472903847694,0.022355899214744568,-0.0029204937163740396,0.009942803531885147,0.012116762809455395,0.994600967249433,-0.10377133381347003,0.0008459432053124754,0.10377164324690069,0.9946012398483856,-0.00033037072280735734,-0.0008070930877911876,0.00041637179148242866,0.9999995876176084,-0.0009555686265230179,0.00010139492223970592,0.0001307459024246782,43.45116627238647,0.0013955576528089646,0.0010100112437097586,-0.002779067990429998,-1.7262000136536126,0.03309384270264419,0.012591273249266182,0.0024134854080283047,43.45116627238647,0.0013955576528089646,0.0010100112437097586,-0.002779067990429998,0.04208476096391678,0.004990199115127325,0.0027643442153930664,0.0,0.0,0.0,0.9945466785240987,-0.10429207300660792,0.000411987517759726,0.10429222595827259,0.9945466793567769,-0.0003690178025582373,-0.00037125518601591596,0.00040997248718788236,0.9999998470460687,0.0,0.0,0.0
24,1775087340521275953,0.501188254,501,21.149871,13.098748000629712,43.40572943852522,0.7000924102987939,-0.7000924102987939,0.029919564723968506,0.016450652852654457,0.023299381136894226,-0.0029297592118382454,0.009773741476237774,0.012540864758193493,0.9946005224157534,-0.10377505197565662,0.0008290193060128265,0.10377534677748401,0.9946007854362461,-0.0003207586383741391,-0.00079125647701642,0.00040505839259689924,0.9999996049203915,-0.001777244615368545,-0.00033276708563789725,0.00048497822717763484,0.029919564723968506,0.016450652852654457,0.023299381136894226,-0.0029297592118382454,0.009773741476237774,0.012540864758193493,0.9946005224157534,-0.10377505197565662,0.0008290193060128265,0.10377534677748401,0.9946007854362461,-0.0003207586383741391,-0.00079125647701642,0.00040505839259689924,0.9999996049203915,-0.001777244615368545,-0.00033276708563789725,0.00048497822717763484,43.40572943852522,0.0014668321845121837,0.0010745418221916828,-0.0027778399522756445,-1.7379321648922512,0.034972022717608214,0.013837198545925813,0.0024336555886968446,43.40572943852522,0.0014668321845121837,0.0010745418221916828,-0.0027778399522756445,0.04208476096391678,0.004990199115127325,0.0027643442153930664,0.0,0.0,0.0,0.9945466785240987,-0.10429207300660792,0.000411987517759726,0.10429222595827259,0.9945466793567769,-0.0003690178025582373,-0.00037125518601591596,0.00040997248718788236,0.9999998470460687,0.0,0.0,0.0
25,1775087340541231140,0.521143441,521,19.955187,12.62835899979109,43.26790648976339,0.6978694595123127,-0.6978694595123127,0.029762042686343193,0.016404446214437485,0.023931071162223816,-0.003031066618859768,0.009548897854983807,0.012702244333922863,0.9945989949906716,-0.10378992767267836,0.0008127822311188582,0.10379021242550923,0.9945992470956598,-0.00031625807087212743,-0.0007755681573396733,0.0003989087062662988,0.9999996196828957,-0.00030622450867667794,0.0001790435053408146,0.0003480289306025952,0.029762042686343193,0.016404446214437485,0.023931071162223816,-0.003031066618859768,0.009548897854983807,0.012702244333922863,0.9945989949906716,-0.10378992767267836,0.0008127822311188582,0.10379021242550923,0.9945992470956598,-0.00031625807087212743,-0.0007755681573396733,0.0003989087062662988,0.9999996196828957,-0.00030622450867667794,0.0001790435053408146,0.0003480289306025952,43.26790648976339,0.0014216281366255848,0.0009985137530225427,-0.0027694604992291242,-1.773519144477281,0.033780835103923025,0.01236928524245909,0.0025712857439592865,43.26790648976339,0.0014216281366255848,0.0009985137530225427,-0.0027694604992291242,0.04208476096391678,0.004990199115127325,0.0027643442153930664,0.0,0.0,0.0,0.9945466785240987,-0.10429207300660792,0.000411987517759726,0.10429222595827259,0.9945466793567769,-0.0003690178025582373,-0.00037125518601591596,0.00040997248718788236,0.9999998470460687,0.0,0.0,0.0
26,1775087340561872341,0.541784642,541,20.641201,12.86163800250506,43.110718368758306,0.6953341672380372,-0.6953341672380372,0.0295359306037426,0.016330678015947342,0.024873673915863037,-0.003077608533203602,0.00932067260146141,0.013062438927590847,0.9945964658209447,-0.10381419563688055,0.0008053439941922043,0.10381446448603882,0.9945967187390636,-0.0002994247828670849,-0.0007699079157966315,0.0003814130972713721,0.9999996308828848,0.00016974133905023336,-0.00021018051484134048,-0.0008782370714470744,0.0295359306037426,0.016330678015947342,0.024873673915863037,-0.003077608533203602,0.00932067260146141,0.013062438927590847,0.9945964658209447,-0.10381419563688055,0.0008053439941922043,0.10381446448603882,0.9945967187390636,-0.0002994247828670849,-0.0007699079157966315,0.0003814130972713721,0.9999996308828848,0.00016974133905023336,-0.00021018051484134048,-0.0008782370714470744,43.110718368758306,0.0014047476758662766,0.0010323371833159754,-0.002742213519307522,-1.8141063652810083,0.033336012201774304,0.013022331726990386,0.003018809711958587,43.110718368758306,0.0014047476758662766,0.0010323371833159754,-0.002742213519307522,0.04208476096391678,0.004990199115127325,0.0027643442153930664,0.0,0.0,0.0,0.9945466785240987,-0.10429207300660792,0.000411987517759726,0.10429222595827259,0.9945466793567769,-0.0003690178025582373,-0.00037125518601591596,0.00040997248718788236,0.9999998470460687,0.0,0.0,0.0
