step,timestamp_ns,experiment_time_s,reference_index,tick_dt_ms,solver_ms,px4_collective_command_newton,px4_collective_normalized,px4_thrust_body_z,state_raw_0,state_raw_1,state_raw_2,state_raw_3,state_raw_4,state_raw_5,state_raw_6,state_raw_7,state_raw_8,state_raw_9,state_raw_10,state_raw_11,state_raw_12,state_raw_13,state_raw_14,state_raw_15,state_raw_16,state_raw_17,state_used_0,state_used_1,state_used_2,state_used_3,state_used_4,state_used_5,state_used_6,state_used_7,state_used_8,state_used_9,state_used_10,state_used_11,state_used_12,state_used_13,state_used_14,state_used_15,state_used_16,state_used_17,control_raw_0,control_raw_1,control_raw_2,control_raw_3,control_internal_0,control_internal_1,control_internal_2,control_internal_3,control_used_0,control_used_1,control_used_2,control_used_3,reference_0,reference_1,reference_2,reference_3,reference_4,reference_5,reference_6,reference_7,reference_8,reference_9,reference_10,reference_11,reference_12,reference_13,reference_14,reference_15,reference_16,reference_17
0,1775256580300133462,0.0,0,0.0,42.29288001079112,48.33521358312321,0.7796002190826324,-0.7796002190826324,0.003598061390221119,0.014837213791906834,-0.02188238501548767,0.018704544752836227,0.0008522405405528843,0.0055188508704304695,0.9944336924002741,-0.10535617893954008,-0.0013029632929567325,0.10535631861784922,0.9944345304511912,3.8839905324855595e-05,0.0012916196716615536,-0.00017589913250268263,0.999999150388695,-0.00010036808089353144,-0.0006119454628787935,7.201477274065837e-06,0.003598061390221119,0.014837213791906834,-0.02188238501548767,0.018704544752836227,0.0008522405405528843,0.0055188508704304695,0.9944336924002741,-0.10535617893954008,-0.0013029632929567325,0.10535631861784922,0.9944345304511912,3.8839905324855595e-05,0.0012916196716615536,-0.00017589913250268263,0.999999150388695,-0.00010036808089353144,-0.0006119454628787935,7.201477274065837e-06,48.33521358312321,0.0003804801679396203,0.0014936153713793606,-0.0027659091363800496,-0.46510022221128433,0.006345182274259464,0.021928468582194268,0.002629615878109793,48.33521358312321,0.0003804801679396203,0.0014936153713793606,-0.0027659091363800496,-0.013603147119283676,0.016239190474152565,-0.034671276807785034,0.0,0.0,0.0,0.9944421163780932,-0.10528216284681347,-0.0007413692875324028,0.1052823060956225,0.9944423651984833,0.00015681294416752464,0.0007207394202557345,-0.00023399446156740014,0.9999997128905996,0.0,0.0,0.0
1,1775256580344270280,0.044136818,44,44.136818,45.784382993588224,47.12737932315909,0.7601190213412756,-0.7601190213412756,0.003598061390221119,0.014837213791906834,-0.02188238501548767,0.018704544752836227,0.0008522405405528843,0.0055188508704304695,0.9944336924002741,-0.10535617893954008,-0.0013029632929567325,0.10535631861784922,0.9944345304511912,3.8839905324855595e-05,0.0012916196716615536,-0.00017589913250268263,0.999999150388695,-0.00010036808089353144,-0.0006119454628787935,7.201477274065837e-06,0.003598061390221119,0.014837213791906834,-0.02188238501548767,0.018704544752836227,0.0008522405405528843,0.0055188508704304695,0.9944336924002741,-0.10535617893954008,-0.0013029632929567325,0.10535631861784922,0.9944345304511912,3.8839905324855595e-05,0.0012916196716615536,-0.00017589913250268263,0.999999150388695,-0.00010036808089353144,-0.0006119454628787935,7.201477274065837e-06,47.12737932315909,0.0005076791583441978,0.0017285573359218356,-0.002771598679279778,-0.7769726174661711,0.009697047182979562,0.026464614759039325,0.0025361667390890663,47.12737932315909,0.0005076791583441978,0.0017285573359218356,-0.002771598679279778,-0.013603147119283676,0.016239190474152565,-0.034671276807785034,0.0,0.0,0.0,0.9944421163780932,-0.10528216284681347,-0.0007413692875324028,0.1052823060956225,0.9944423651984833,0.00015681294416752464,0.0007207394202557345,-0.00023399446156740014,0.9999997128905996,0.0,0.0,0.0
2,1775256580392042904,0.091909442,91,47.772624,44.64209600700997,46.235810971235765,0.7457388866328349,-0.7457388866328349,0.0038511110469698906,0.014789632521569729,-0.02165883779525757,0.018846839666366577,0.0007351691601797938,0.005667657125741243,0.9944339413193696,-0.10535475443318054,-0.001303715101390171,0.10535490866686281,0.994434778314757,5.0006198424143444e-05,0.0012911911417533978,-0.00018708051991368768,0.9999991489128673,0.0012900265865027905,-0.0003552428097464144,0.0005556473624892533,0.0038511110469698906,0.014789632521569729,-0.02165883779525757,0.018846839666366577,0.0007351691601797938,0.005667657125741243,0.9944339413193696,-0.10535475443318054,-0.001303715101390171,0.10535490866686281,0.994434778314757,5.0006198424143444e-05,0.0012911911417533978,-0.00018708051991368768,0.9999991489128673,0.0012900265865027905,-0.0003552428097464144,0.0005556473624892533,46.235810971235765,0.0005238399556238854,0.0018019949279328526,-0.0027938139305785778,-1.0071826443419107,0.010122905982066182,0.027882512378505503,0.002171287495960232,46.235810971235765,0.0005238399556238854,0.0018019949279328526,-0.0027938139305785778,-0.013603147119283676,0.016239190474152565,-0.034671276807785034,0.0,0.0,0.0,0.9944421163780932,-0.10528216284681347,-0.0007413692875324028,0.1052823060956225,0.9944423651984833,0.00015681294416752464,0.0007207394202557345,-0.00023399446156740014,0.9999997128905996,0.0,0.0,0.0
3,1775256580438819435,0.138685973,138,46.776531,35.70622100960463,45.650223589322664,0.736293928860043,-0.736293928860043,0.0043467204086482525,0.014672753401100636,-0.021218061447143555,0.019179221242666245,0.0006075545679777861,0.005839117337018251,0.9944330857738921,-0.10536290631808831,-0.0013100488696283184,0.10536307213253449,0.994433929430613,5.801411938560763e-05,0.0012966443854934284,-0.00019572178323041048,0.9999991402028766,0.0005730150733143091,0.00022566386905964464,-0.0006078439182601869,0.0043467204086482525,0.014672753401100636,-0.021218061447143555,0.019179221242666245,0.0006075545679777861,0.005839117337018251,0.9944330857738921,-0.10536290631808831,-0.0013100488696283184,0.10536307213253449,0.994433929430613,5.801411938560763e-05,0.0012966443854934284,-0.00019572178323041048,0.9999991402028766,0.0005730150733143091,0.00022566386905964464,-0.0006078439182601869,45.650223589322664,0.0006291630679314098,0.001817706526249227,-0.0027837010350120865,-1.15838595549298,0.012898312006107018,0.028185864343633307,0.0023373889561918164,45.650223589322664,0.0006291630679314098,0.001817706526249227,-0.0027837010350120865,-0.013603147119283676,0.016239190474152565,-0.034671276807785034,0.0,0.0,0.0,0.9944421163780932,-0.10528216284681347,-0.0007413692875324028,0.1052823060956225,0.9944423651984833,0.00015681294416752464,0.0007207394202557345,-0.00023399446156740014,0.9999997128905996,0.0,0.0,0.0
4,1775256580476587315,0.176453853,176,37.76788,44.243340991670266,45.18203668849285,0.7287425272337557,-0.7287425272337557,0.005541231483221054,0.01429895032197237,-0.02014172077178955,0.0200344230979681,6.807783211115748e-05,0.006456662900745869,0.9944303822396663,-0.10538841167712065,-0.0013244244284159531,0.10538863637401508,0.994431235276356,0.00010083273387625352,0.0013064222788156873,-0.00023985023706452752,0.9999991178660599,0.0009456835687160492,0.0005183924222365022,-0.0003151307173538953,0.005541231483221054,0.01429895032197237,-0.02014172077178955,0.0200344230979681,6.807783211115748e-05,0.006456662900745869,0.9944303822396663,-0.10538841167712065,-0.0013244244284159531,0.10538863637401508,0.994431235276356,0.00010083273387625352,0.0013064222788156873,-0.00023985023706452752,0.9999991178660599,0.0009456835687160492,0.0005183924222365022,-0.0003151307173538953,45.18203668849285,0.000674503354523905,0.001868739689591384,-0.002786538408787523,-1.2792755303532697,0.014093089693393034,0.029171188056396347,0.002290785891399539,45.18203668849285,0.000674503354523905,0.001868739689591384,-0.002786538408787523,-0.013603147119283676,0.016239190474152565,-0.034671276807785034,0.0,0.0,0.0,0.9944421163780932,-0.10528216284681347,-0.0007413692875324028,0.1052823060956225,0.9944423651984833,0.00015681294416752464,0.0007207394202557345,-0.00023399446156740014,0.9999997128905996,0.0,0.0,0.0
5,1775256580526153725,0.226020263,226,49.56641,88.89918999921065,44.80571219256279,0.7226727772993998,-0.7226727772993998,0.006813930347561836,0.0136551633477211,-0.018820106983184814,0.020699840039014816,-0.0006490465020760894,0.006991202477365732,0.9944265066189453,-0.1054248999882621,-0.0013433516050282979,0.10542520806575761,0.994427368370784,0.0001604274257192284,0.0013189524034804556,-0.00030115619038653674,0.999999084834455,0.0012868838384747505,-0.0008249076781794429,-0.0012163246283307672,0.006813930347561836,0.0136551633477211,-0.018820106983184814,0.020699840039014816,-0.0006490465020760894,0.006991202477365732,0.9944265066189453,-0.1054248999882621,-0.0013433516050282979,0.10542520806575761,0.994427368370784,0.0001604274257192284,0.0013189524034804556,-0.00030115619038653674,0.999999084834455,0.0012868838384747505,-0.0008249076781794429,-0.0012163246283307672,44.80571219256279,0.0006630085006116544,0.002132156551210514,-0.0027697939068044345,-1.3764455029472606,0.013790184793465856,0.03425711381715636,0.0025658096184770045,44.80571219256279,0.0006630085006116544,0.002132156551210514,-0.0027697939068044345,-0.013603147119283676,0.016239190474152565,-0.034671276807785034,0.0,0.0,0.0,0.9944421163780932,-0.10528216284681347,-0.0007413692875324028,0.1052823060956225,0.9944423651984833,0.00015681294416752464,0.0007207394202557345,-0.00023399446156740014,0.9999997128905996,0.0,0.0,0.0
6,1775256580624174804,0.324041342,324,98.021079,14.146728004561737,44.453007930020696,0.7169839988713016,-0.7169839988713016,0.00868431106209755,0.01221557054668665,-0.016671717166900635,0.02121061272919178,-0.0021861293353140354,0.008071000687777996,0.9944199809578175,-0.10548668465848277,-0.001319127851334305,0.10548714098752754,0.9944207677561371,0.0002810842578934297,0.0012821173577776263,-0.0004186666085164645,0.9999990904463771,0.0010935975005850196,-0.0005769487470388412,0.00033935566898435354,0.00868431106209755,0.01221557054668665,-0.016671717166900635,0.02121061272919178,-0.0021861293353140354,0.008071000687777996,0.9944199809578175,-0.10548668465848277,-0.001319127851334305,0.10548714098752754,0.9944207677561371,0.0002810842578934297,0.0012821173577776263,-0.0004186666085164645,0.9999990904463771,0.0010935975005850196,-0.0005769487470388412,0.00033935566898435354,44.453007930020696,0.0007205897094634511,0.0022739907459556914,-0.0027850558366735345,-1.467516543752873,0.01530752728760152,0.036995580065585634,0.002315136720636616,44.453007930020696,0.0007205897094634511,0.0022739907459556914,-0.0027850558366735345,-0.013603147119283676,0.016239190474152565,-0.034671276807785034,0.0,0.0,0.0,0.9944421163780932,-0.10528216284681347,-0.0007413692875324028,0.1052823060956225,0.9944423651984833,0.00015681294416752464,0.0007207394202557345,-0.00023399446156740014,0.9999997128905996,0.0,0.0,0.0
7,1775256580641816295,0.341682833,341,17.641491,32.9796849982813,44.293942456227974,0.7144184267133544,-0.7144184267133544,0.00897647999227047,0.011952510103583336,-0.016341745853424072,0.021277694031596184,-0.002316405763849616,0.008178547956049442,0.9944187019968577,-0.10549802378073014,-0.0013242507601701342,0.10549850191884858,0.9944194888502186,0.00029636234679287013,0.001285595058799851,-0.0004344146189956821,0.9999990792642769,-0.000918794481549412,0.0003129255201201886,-0.000546059338375926,0.00897647999227047,0.011952510103583336,-0.016341745853424072,0.021277694031596184,-0.002316405763849616,0.008178547956049442,0.9944187019968577,-0.10549802378073014,-0.0013242507601701342,0.10549850191884858,0.9944194888502186,0.00029636234679287013,0.001285595058799851,-0.0004344146189956821,0.9999990792642769,-0.000918794481549412,0.0003129255201201886,-0.000546059338375926,44.293942456227974,0.0008763987651212766,0.0022378151951092614,-0.0027739091830131517,-1.5085885119511944,0.019413305992756147,0.03629711997146469,0.0024982173662847465,44.293942456227974,0.0008763987651212766,0.0022378151951092614,-0.0027739091830131517,-0.013603147119283676,0.016239190474152565,-0.034671276807785034,0.0,0.0,0.0,0.9944421163780932,-0.10528216284681347,-0.0007413692875324028,0.1052823060956225,0.9944423651984833,0.00015681294416752464,0.0007207394202557345,-0.00023399446156740014,0.9999997128905996,0.0,0.0,0.0
8,1775256580676587374,0.376453912,376,34.771079,44.076402991777286,44.070145078834166,0.7108087915940995,-0.7108087915940995,0.009433886036276817,0.011476571671664715,-0.015726208686828613,0.021336903795599937,-0.0026840863283723593,0.008417081087827682,0.9944156325524345,-0.10552760632823999,-0.001314778600175745,0.1055281212001633,0.9944163928654719,0.00032839199074701647,0.0012727828635352087,-0.0004653040396966207,0.9999990817576506,0.0008013884071260691,0.0008689354290254414,-0.00019853279809467494,0.009433886036276817,0.011476571671664715,-0.015726208686828613,0.021336903795599937,-0.0026840863283723593,0.008417081087827682,0.9944156325524345,-0.10552760632823999,-0.001314778600175745,0.1055281212001633,0.9944163928654719,0.00032839199074701647,0.0012727828635352087,-0.0004653040396966207,0.9999990817576506,0.0008013884071260691,0.0008689354290254414,-0.00019853279809467494,44.070145078834166,0.0008291384283710692,0.002196887786187513,-0.002774374286316293,-1.5663747715839043,0.018167932394872507,0.0355069132926787,0.002490578175579931,44.070145078834166,0.0008291384283710692,0.002196887786187513,-0.002774374286316293,-0.013603147119283676,0.016239190474152565,-0.034671276807785034,0.0,0.0,0.0,0.9944421163780932,-0.10528216284681347,-0.0007413692875324028,0.1052823060956225,0.9944423651984833,0.00015681294416752464,0.0007207394202557345,-0.00023399446156740014,0.9999997128905996,0.0,0.0,0.0
9,1775256580722623971,0.422490509,422,46.036597,31.74868800851982,43.93949225999845,0.7087014880644912,-0.7087014880644912,0.009929372929036617,0.010832279920578003,-0.014716565608978271,0.021107381209731102,-0.0032063936814665794,0.008901477791368961,0.9944135213783861,-0.1055475909815804,-0.0012587488308089638,0.10554814402658264,0.9944141863061778,0.000381151449008358,0.001211488028325141,-0.0005118806534427402,0.9999991351371538,-0.00042516482062637806,0.00014693687262479216,0.0005621812888421118,0.009929372929036617,0.010832279920578003,-0.014716565608978271,0.021107381209731102,-0.0032063936814665794,0.008901477791368961,0.9944135213783861,-0.1055475909815804,-0.0012587488308089638,0.10554814402658264,0.9944141863061778,0.000381151449008358,0.001211488028325141,-0.0005118806534427402,0.9999991351371538,-0.00042516482062637806,0.00014693687262479216,0.0005621812888421118,43.93949225999845,0.0008960117194687889,0.0023660226764135595,-0.0027864719766997614,-1.6001103666963559,0.019930133785371944,0.03877248820673917,0.002291877019722856,43.93949225999845,0.0008960117194687889,0.0023660226764135595,-0.0027864719766997614,-0.013603147119283676,0.016239190474152565,-0.034671276807785034,0.0,0.0,0.0,0.9944421163780932,-0.10528216284681347,-0.0007413692875324028,0.1052823060956225,0.9944423651984833,0.00015681294416752464,0.0007207394202557345,-0.00023399446156740014,0.9999997128905996,0.0,0.0,0.0
10,1775256580756582765,0.456449303,456,33.958794,10.094573997776024,43.80935324838859,0.706602471748203,-0.706602471748203,0.010137809440493584,0.010551501996815205,-0.014217764139175415,0.020854584872722626,-0.003559747012332082,0.009066375903785229,0.994413643884195,-0.10554773742060575,-0.0011956837816470382,0.10554828318112008,0.9944142232426773,0.0004027501230566069,0.0011464955107520283,-0.0005267023933316801,0.9999992040660894,0.00015911523951217532,-0.0007595679489895701,-0.0005874240887351334,0.010137809440493584,0.010551501996815205,-0.014217764139175415,0.020854584872722626,-0.003559747012332082,0.009066375903785229,0.994413643884195,-0.10554773742060575,-0.0011956837816470382,0.10554828318112008,0.9944142232426773,0.0004027501230566069,0.0011464955107520283,-0.0005267023933316801,0.9999992040660894,0.00015911523951217532,-0.0007595679489895701,-0.0005874240887351334,43.80935324838859,0.0008579050334439069,0.0025111602326329478,-0.002766601219118033,-1.6337132927038334,0.018925971226627137,0.041574734165835105,0.002618248614142288,43.80935324838859,0.0008579050334439069,0.0025111602326329478,-0.002766601219118033,-0.013603147119283676,0.016239190474152565,-0.034671276807785034,0.0,0.0,0.0,0.9944421163780932,-0.10528216284681347,-0.0007413692875324028,0.1052823060956225,0.9944423651984833,0.00015681294416752464,0.0007207394202557345,-0.00023399446156740014,0.9999997128905996,0.0,0.0,0.0
11,1775256580768923793,0.468790331,468,12.341028,52.91408499761019,43.691294467065596,0.7046982978558967,-0.7046982978558967,0.010184281505644321,0.010491890832781792,-0.014098584651947021,0.020779965445399284,-0.00358829484321177,0.00914487149566412,0.9944130792172199,-0.10555215937182316,-0.001178659775874797,0.10555270857015175,0.9944136333806217,0.00041372147604965166,0.0011284061487024915,-0.000535820763483779,0.9999992197975391,0.0006642329390160739,-0.0007398579036816955,5.8167610404780135e-05,0.010184281505644321,0.010491890832781792,-0.014098584651947021,0.020779965445399284,-0.00358829484321177,0.00914487149566412,0.9944130792172199,-0.10555215937182316,-0.001178659775874797,0.10555270857015175,0.9944136333806217,0.00041372147604965166,0.0011284061487024915,-0.000535820763483779,0.9999992197975391,0.0006642329390160739,-0.0007398579036816955,5.8167610404780135e-05,43.691294467065596,0.0008378191739830869,0.0025391729477787493,-0.002776267779316281,-1.6641970073429337,0.01839668174662366,0.042115590163864805,0.0024594780865729404,43.691294467065596,0.0008378191739830869,0.0025391729477787493,-0.002776267779316281,-0.013603147119283676,0.016239190474152565,-0.034671276807785034,0.0,0.0,0.0,0.9944421163780932,-0.10528216284681347,-0.0007413692875324028,0.1052823060956225,0.9944423651984833,0.00015681294416752464,0.0007207394202557345,-0.00023399446156740014,0.9999997128905996,0.0,0.0,0.0
12,1775256580823847337,0.523713875,523,54.923544,25.761564989807084,43.550406153794704,0.7024259057063662,-0.7024259057063662,0.010448356159031391,0.010250058956444263,-0.013150244951248169,0.020283209159970284,-0.0036103655584156513,0.009571777656674385,0.9944113776686645,-0.1055694915391634,-0.0010964478272979285,0.10557004741396736,0.9944118158305362,0.00046195697803253465,0.0010415520833714446,-0.0005751272425854152,0.9999992921987403,0.0009903603931888938,-1.612085907254368e-05,-0.0006428457563742995,0.010448356159031391,0.010250058956444263,-0.013150244951248169,0.020283209159970284,-0.0036103655584156513,0.009571777656674385,0.9944113776686645,-0.1055694915391634,-0.0010964478272979285,0.10557004741396736,0.9944118158305362,0.00046195697803253465,0.0010415520833714446,-0.0005751272425854152,0.9999992921987403,0.0009903603931888938,-1.612085907254368e-05,-0.0006428457563742995,43.550406153794704,0.0008557572323694647,0.002505528179771306,-0.0027589450268722636,-1.7005754883809863,0.018869373772280713,0.04146599320461144,0.002743999414541114,43.550406153794704,0.0008557572323694647,0.002505528179771306,-0.0027589450268722636,-0.013603147119283676,0.016239190474152565,-0.034671276807785034,0.0,0.0,0.0,0.9944421163780932,-0.10528216284681347,-0.0007413692875324028,0.1052823060956225,0.9944423651984833,0.00015681294416752464,0.0007207394202557345,-0.00023399446156740014,0.9999997128905996,0.0,0.0,0.0
13,1775256580852677915,0.552544453,552,28.830578,45.2804779924918,43.489096744127494,0.7014370442601209,-0.7014370442601209,0.010534758679568768,0.010210569947957993,-0.012737691402435303,0.020221935585141182,-0.00341996643692255,0.009691048413515091,0.9944123135129306,-0.10556185705914034,-0.0010640268216617291,0.10556240918964144,0.9944127099079989,0.0004766808604088277,0.0010077624093402585,-0.0005863383376655314,0.9999993203109974,0.000175353983649984,-0.0006826497847214341,-0.00047391027328558266,0.010534758679568768,0.010210569947957993,-0.012737691402435303,0.020221935585141182,-0.00341996643692255,0.009691048413515091,0.9944123135129306,-0.10556185705914034,-0.0010640268216617291,0.10556240918964144,0.9944127099079989,0.0004766808604088277,0.0010077624093402585,-0.0005863383376655314,0.9999993203109974,0.000175353983649984,-0.0006826497847214341,-0.00047391027328558266,43.489096744127494,0.0009002763732149171,0.002628545661243817,-0.0027616838048246956,-1.716406064709516,0.020042513161922203,0.04384115542543195,0.0026990157583609425,43.489096744127494,0.0009002763732149171,0.002628545661243817,-0.0027616838048246956,-0.013603147119283676,0.016239190474152565,-0.034671276807785034,0.0,0.0,0.0,0.9944421163780932,-0.10528216284681347,-0.0007413692875324028,0.1052823060956225,0.9944423651984833,0.00015681294416752464,0.0007207394202557345,-0.00023399446156740014,0.9999997128905996,0.0,0.0,0.0
14,1775256580900463772,0.60033031,600,47.785857,46.973588003311306,43.43024653810169,0.7004878473887369,-0.7004878473887369,0.010629679076373577,0.010227618739008904,-0.012175142765045166,0.019777938723564148,-0.0032821183558553457,0.009859291836619377,0.9944141476860265,-0.10554358458993196,-0.001006033010600177,0.10554410863310082,0.9944144837909933,0.0004827298971108347,0.0009494647621607448,-0.0005862143271849751,0.9999993774345083,-0.00030411765328608453,0.0012938878498971462,0.0005758205079473555,0.010629679076373577,0.010227618739008904,-0.012175142765045166,0.019777938723564148,-0.0032821183558553457,0.009859291836619377,0.9944141476860265,-0.10554358458993196,-0.001006033010600177,0.10554410863310082,0.9944144837909933,0.0004827298971108347,0.0009494647621607448,-0.0005862143271849751,0.9999993774345083,-0.00030411765328608453,0.0012938878498971462,0.0005758205079473555,43.43024653810169,0.0009949163700946435,0.0024359066030779936,-0.0027757269506944486,-1.7316016551335327,0.022536404689626643,0.04012177336905202,0.0024683610443006054,43.43024653810169,0.0009949163700946435,0.0024359066030779936,-0.0027757269506944486,-0.013603147119283676,0.016239190474152565,-0.034671276807785034,0.0,0.0,0.0,0.9944421163780932,-0.10528216284681347,-0.0007413692875324028,0.1052823060956225,0.9944423651984833,0.00015681294416752464,0.0007207394202557345,-0.00023399446156740014,0.9999997128905996,0.0,0.0,0.0
15,1775256580949749114,0.649615652,649,49.285342,35.3451589908218,43.317765483135766,0.6986736368247705,-0.6986736368247705,0.010699845850467682,0.010295365937054157,-0.011583209037780762,0.01936720870435238,-0.0031425110064446926,0.010040879249572754,0.9944143289764009,-0.10554393067277967,-0.0009519400300236,0.10554441348428134,0.9944146213859459,0.0004719337840233904,0.0008968132831579847,-0.000569769473046218,0.9999994355442549,0.0010104698594659567,-6.08369882684201e-05,-0.0003571499837562442,0.010699845850467682,0.010295365937054157,-0.011583209037780762,0.01936720870435238,-0.0031425110064446926,0.010040879249572754,0.9944143289764009,-0.10554393067277967,-0.0009519400300236,0.10554441348428134,0.9944146213859459,0.0004719337840233904,0.0008968132831579847,-0.000569769473046218,0.9999994355442549,0.0010104698594659567,-6.08369882684201e-05,-0.0003571499837562442,43.317765483135766,0.0009123323821590832,0.0025989517680161506,-0.0027591794380415905,-1.7606451565441164,0.0203602052535861,0.04326977080334427,0.002740149277133508,43.317765483135766,0.0009123323821590832,0.0025989517680161506,-0.0027591794380415905,-0.013603147119283676,0.016239190474152565,-0.034671276807785034,0.0,0.0,0.0,0.9944421163780932,-0.10528216284681347,-0.0007413692875324028,0.1052823060956225,0.9944423651984833,0.00015681294416752464,0.0007207394202557345,-0.00023399446156740014,0.9999997128905996,0.0,0.0,0.0
16,1775256580988649813,0.688516351,688,38.900699,31.932655998389237,43.239181595772855,0.6974061547705299,-0.6974061547705299,0.0106514822691679,0.010429450310766697,-0.011233001947402954,0.019029105082154274,-0.002924579894170165,0.010081193409860134,0.9944149732272545,-0.10553843080844039,-0.0009142353232591532,0.10553888300734382,0.9944152385306315,0.00046123102868028676,0.0008604518775259806,-0.0005551421931129525,0.999999475719798,0.000858154846355319,-7.320931763388216e-05,-4.819769674213603e-05,0.0106514822691679,0.010429450310766697,-0.011233001947402954,0.019029105082154274,-0.002924579894170165,0.010081193409860134,0.9944149732272545,-0.10553843080844039,-0.0009142353232591532,0.10553888300734382,0.9944152385306315,0.00046123102868028676,0.0008604518775259806,-0.0005551421931129525,0.999999475719798,0.000858154846355319,-7.320931763388216e-05,-4.819769674213603e-05,43.239181595772855,0.0009250829393861831,0.0026406473001545565,-0.0027630135636591193,-1.7809361401605603,0.02069619962901477,0.04407480803485578,0.002677174844183454,43.239181595772855,0.0009250829393861831,0.0026406473001545565,-0.0027630135636591193,-0.013603147119283676,0.016239190474152565,-0.034671276807785034,0.0,0.0,0.0,0.9944421163780932,-0.10528216284681347,-0.0007413692875324028,0.1052823060956225,0.9944423651984833,0.00015681294416752464,0.0007207394202557345,-0.00023399446156740014,0.9999997128905996,0.0,0.0,0.0
17,1775256581022624158,0.722490696,722,33.974345,40.422838006634265,43.20498764940994,0.6968546395066119,-0.6968546395066119,0.010539875365793705,0.010549784637987614,-0.011036783456802368,0.01874716766178608,-0.002875623293220997,0.010148630477488041,0.9944166396816371,-0.10552123649187561,-0.0008889603360628696,0.10552165615597242,0.9944168955583678,0.00043907530306766876,0.0008376654132984072,-0.0005304283704899125,0.9999995084810732,0.00013252547068987042,0.0005615320987999439,0.0011598231503739953,0.010539875365793705,0.010549784637987614,-0.011036783456802368,0.01874716766178608,-0.002875623293220997,0.010148630477488041,0.9944166396816371,-0.10552123649187561,-0.0008889603360628696,0.10552165615597242,0.9944168955583678,0.00043907530306766876,0.0008376654132984072,-0.0005304283704899125,0.9999995084810732,0.00013252547068987042,0.0005615320987999439,0.0011598231503739953,43.20498764940994,0.0009930251016286751,0.002580865575283002,-0.002784547545854707,-1.7897652885867181,0.022486567215414897,0.04292057131410053,0.0023234852541178987,43.20498764940994,0.0009930251016286751,0.002580865575283002,-0.002784547545854707,-0.013603147119283676,0.016239190474152565,-0.034671276807785034,0.0,0.0,0.0,0.9944421163780932,-0.10528216284681347,-0.0007413692875324028,0.1052823060956225,0.9944423651984833,0.00015681294416752464,0.0007207394202557345,-0.00023399446156740014,0.9999997128905996,0.0,0.0,0.0
18,1775256581064847278,0.764713816,764,42.22312,11.20646100025624,43.268428401592914,0.697877877445047,-0.697877877445047,0.010272730141878128,0.01076336856931448,-0.010942608118057251,0.018199440091848373,-0.002811732003465295,0.009992118924856186,0.994417783963743,-0.10551112713573896,-0.0008394738380971805,0.10551150870239878,0.9944180074632786,0.0004239024152320192,0.0007900614745169135,-0.0005101102321786056,0.9999995577951173,-0.0014506755396723747,-0.0002879465464502573,0.0003495849668979645,0.010272730141878128,0.01076336856931448,-0.010942608118057251,0.018199440091848373,-0.002811732003465295,0.009992118924856186,0.994417783963743,-0.10551112713573896,-0.0008394738380971805,0.10551150870239878,0.9944180074632786,0.0004239024152320192,0.0007900614745169135,-0.0005101102321786056,0.9999995577951173,-0.0014506755396723747,-0.0002879465464502573,0.0003495849668979645,43.268428401592914,0.0010649946586644167,0.0026843761711339213,-0.0027759870183753526,-1.7733843826992945,0.024383062085043598,0.04491910399235781,0.0024640895059194136,43.268428401592914,0.0010649946586644167,0.0026843761711339213,-0.0027759870183753526,-0.013603147119283676,0.016239190474152565,-0.034671276807785034,0.0,0.0,0.0,0.9944421163780932,-0.10528216284681347,-0.0007413692875324028,0.1052823060956225,0.9944423651984833,0.00015681294416752464,0.0007207394202557345,-0.00023399446156740014,0.9999997128905996,0.0,0.0,0.0
19,1775256581080028643,0.779895181,779,15.181365,22.048409009585157,43.256641293388334,0.6976877627965861,-0.6976877627965861,0.00913596898317337,0.011829224415123463,-0.011273771524429321,0.016750900074839592,-0.001995096681639552,0.009271213784813881,0.9944190098147369,-0.10549976938232808,-0.0007374284526305078,0.10550009317745479,0.9944191623721513,0.00041481075237827757,0.0006895505563684155,-0.0004902945168464221,0.9999996420655802,0.0004252872313372791,-0.00041683390736579895,-0.00021997312433086336,0.00913596898317337,0.011829224415123463,-0.011273771524429321,0.016750900074839592,-0.001995096681639552,0.009271213784813881,0.9944190098147369,-0.10549976938232808,-0.0007374284526305078,0.10550009317745479,0.9944191623721513,0.00041481075237827757,0.0006895505563684155,-0.0004902945168464221,0.9999996420655802,0.0004252872313372791,-0.00041683390736579895,-0.00021997312433086336,43.256641293388334,0.0009630652127989544,0.0026512835454638125,-0.002767198907992895,-1.7764279076188476,0.021697083747675972,0.044280167531144686,0.002608431742779775,43.256641293388334,0.0009630652127989544,0.0026512835454638125,-0.002767198907992895,-0.013603147119283676,0.016239190474152565,-0.034671276807785034,0.0,0.0,0.0,0.9944421163780932,-0.10528216284681347,-0.0007413692875324028,0.1052823060956225,0.9944423651984833,0.00015681294416752464,0.0007207394202557345,-0.00023399446156740014,0.9999997128905996,0.0,0.0,0.0
20,1775256581106742832,0.80660937,806,26.714189,39.65418400184717,43.24918107821952,0.6975674367454762,-0.6975674367454762,0.00913596898317337,0.011829224415123463,-0.011273771524429321,0.016750900074839592,-0.001995096681639552,0.009271213784813881,0.9944190098147369,-0.10549976938232808,-0.0007374284526305078,0.10550009317745479,0.9944191623721513,0.00041481075237827757,0.0006895505563684155,-0.0004902945168464221,0.9999996420655802,0.0004252872313372791,-0.00041683390736579895,-0.00021997312433086336,0.00913596898317337,0.011829224415123463,-0.011273771524429321,0.016750900074839592,-0.001995096681639552,0.009271213784813881,0.9944190098147369,-0.10549976938232808,-0.0007374284526305078,0.10550009317745479,0.9944191623721513,0.00041481075237827757,0.0006895505563684155,-0.0004902945168464221,0.9999996420655802,0.0004252872313372791,-0.00041683390736579895,-0.00021997312433086336,43.24918107821952,0.0009522479780920386,0.0026482808378696506,-0.002766427440873206,-1.7783541944041585,0.021412035027492143,0.044222192700637215,0.002621102872849145,43.24918107821952,0.0009522479780920386,0.0026482808378696506,-0.002766427440873206,-0.013603147119283676,0.016239190474152565,-0.034671276807785034,0.0,0.0,0.0,0.9944421163780932,-0.10528216284681347,-0.0007413692875324028,0.1052823060956225,0.9944423651984833,0.00015681294416752464,0.0007207394202557345,-0.00023399446156740014,0.9999997128905996,0.0,0.0,0.0
21,1775256581148720231,0.848586769,848,41.977399,34.957737996592186,43.2395799790181,0.6974125803067436,-0.6974125803067436,0.009043420664966106,0.011920674704015255,-0.01130625605583191,0.016670405864715576,-0.0019395493436604738,0.009263998828828335,0.9944189703939161,-0.10550065382789309,-0.0007231253969934778,0.10550097124458713,0.9944191127384483,0.0004157338990827472,0.000675229517558322,-0.0004897041078462325,0.9999996521274321,0.0005050275940448046,-0.00019548312411643565,-0.00038488005520775914,0.009043420664966106,0.011920674704015255,-0.01130625605583191,0.016670405864715576,-0.0019395493436604738,0.009263998828828335,0.9944189703939161,-0.10550065382789309,-0.0007231253969934778,0.10550097124458713,0.9944191127384483,0.0004157338990827472,0.000675229517558322,-0.0004897041078462325,0.9999996521274321,0.0005050275940448046,-0.00019548312411643565,-0.00038488005520775914,43.2395799790181,0.0009531649810730985,0.0026138419647163498,-0.002763235338419344,-1.7808332744437618,0.021436199292504232,0.043557263542096214,0.0026735322562348673,43.2395799790181,0.0009531649810730985,0.0026138419647163498,-0.002763235338419344,-0.013603147119283676,0.016239190474152565,-0.034671276807785034,0.0,0.0,0.0,0.9944421163780932,-0.10528216284681347,-0.0007413692875324028,0.1052823060956225,0.9944423651984833,0.00015681294416752464,0.0007207394202557345,-0.00023399446156740014,0.9999997128905996,0.0,0.0,0.0
22,1775256581188795408,0.888661946,888,40.075177,42.72687900811434,43.21687414385496,0.6970463571589509,-0.6970463571589509,0.008930771611630917,0.012019473128020763,-0.011347025632858276,0.01651688851416111,-0.0018630470149219036,0.009147732518613338,0.9944192582466935,-0.10549852528489545,-0.0007151979753984702,0.10549884173037194,0.9944193931299741,0.0004200927659492445,0.0006668875569253033,-0.0004932008337737862,0.9999996560069202,0.0010366172064095736,-0.0006432262598536909,4.956110205966979e-05,0.008930771611630917,0.012019473128020763,-0.011347025632858276,0.01651688851416111,-0.0018630470149219036,0.009147732518613338,0.9944192582466935,-0.10549852528489545,-0.0007151979753984702,0.10549884173037194,0.9944193931299741,0.0004200927659492445,0.0006668875569253033,-0.0004932008337737862,0.9999996560069202,0.0010366172064095736,-0.0006432262598536909,4.956110205966979e-05,43.21687414385496,0.0009138186850128597,0.002662873350095478,-0.0027716538673620205,-1.7866961013508271,0.02039937133787229,0.04450393789108311,0.0025352602903882366,43.21687414385496,0.0009138186850128597,0.002662873350095478,-0.0027716538673620205,-0.013603147119283676,0.016239190474152565,-0.034671276807785034,0.0,0.0,0.0,0.9944421163780932,-0.10528216284681347,-0.0007413692875324028,0.1052823060956225,0.9944423651984833,0.00015681294416752464,0.0007207394202557345,-0.00023399446156740014,0.9999997128905996,0.0,0.0,0.0
23,1775256581239757645,0.939624183,939,50.962237,39.200125000206754,43.25418771521664,0.697648188955107,-0.697648188955107,0.008499698713421822,0.012402069754898548,-0.011522024869918823,0.01598661206662655,-0.00164729671087116,0.008993738330900669,0.9944205108704376,-0.1054878869981688,-0.0006842070719407572,0.10548818615470124,0.9944206271431886,0.0004168650881880625,0.0006364153769909823,-0.00048671479017306594,0.9999996790420846,1.3895376469008625e-05,0.00014360074419528246,9.209597919834778e-05,0.008499698713421822,0.012402069754898548,-0.011522024869918823,0.01598661206662655,-0.00164729671087116,0.008993738330900669,0.9944205108704376,-0.1054878869981688,-0.0006842070719407572,0.10548818615470124,0.9944206271431886,0.0004168650881880625,0.0006364153769909823,-0.00048671479017306594,0.9999996790420846,1.3895376469008625e-05,0.00014360074419528246,9.209597919834778e-05,43.25418771521664,0.0009853102699841321,0.00256150565931305,-0.0027747748870426254,-1.7770614409824201,0.02228327099911807,0.04254677939071144,0.0024839984215247117,43.25418771521664,0.0009853102699841321,0.00256150565931305,-0.0027747748870426254,-0.013603147119283676,0.016239190474152565,-0.034671276807785034,0.0,0.0,0.0,0.9944421163780932,-0.10528216284681347,-0.0007413692875324028,0.1052823060956225,0.9944423651984833,0.00015681294416752464,0.0007207394202557345,-0.00023399446156740014,0.9999997128905996,0.0,0.0,0.0
24,1775256581293112529,0.992979067,992,53.354884,24.39424600743223,43.30240201657114,0.6984258389769539,-0.6984258389769539,0.007874357514083385,0.012995734810829163,-0.01185685396194458,0.015242870897054672,-0.0014752508141100407,0.008831742219626904,0.9944179716678694,-0.10551039590958355,-0.0006486188722517935,0.10551067486943455,0.9944180682682056,0.0004119681982509126,0.0006015314011399587,-0.0004781048119961665,0.9999997047878331,-0.00011264654312981293,-8.714082650840282e-05,-0.0010896908352151513,0.007874357514083385,0.012995734810829163,-0.01185685396194458,0.015242870897054672,-0.0014752508141100407,0.008831742219626904,0.9944179716678694,-0.10551039590958355,-0.0006486188722517935,0.10551067486943455,0.9944180682682056,0.0004119681982509126,0.0006015314011399587,-0.0004781048119961665,0.9999997047878331,-0.00011264654312981293,-8.714082650840282e-05,-0.0010896908352151513,43.30240201657114,0.0009895789776312811,0.0025377882610945605,-0.0027561925671372085,-1.7646121255859373,0.02239575720142639,0.0420888553009771,0.0027892077901458356,43.30240201657114,0.0009895789776312811,0.0025377882610945605,-0.0027561925671372085,-0.013603147119283676,0.016239190474152565,-0.034671276807785034,0.0,0.0,0.0,0.9944421163780932,-0.10528216284681347,-0.0007413692875324028,0.1052823060956225,0.9944423651984833,0.00015681294416752464,0.0007207394202557345,-0.00023399446156740014,0.9999997128905996,0.0,0.0,0.0
25,1775256581323789997,1.023656535,1023,30.677468,59.687122993636876,43.712663281513706,0.7050429561534469,-0.7050429561534469,0.007438689470291138,0.013545148074626923,-0.012192010879516602,0.014825837686657906,-0.0009762392728589475,0.008724103681743145,0.9944192999115746,-0.10549816404874224,-0.0006251512282523003,0.10549842639323948,0.9944193870862488,0.00040259644668037527,0.0005791893154597455,-0.0004663021487429533,0.999999723550983,3.4493510611355305e-05,0.0006909288349561393,-7.201994594652206e-05,0.007438689470291138,0.013545148074626923,-0.012192010879516602,0.014825837686657906,-0.0009762392728589475,0.008724103681743145,0.9944192999115746,-0.10549816404874224,-0.0006251512282523003,0.10549842639323948,0.9944193870862488,0.00040259644668037527,0.0005791893154597455,-0.0004663021487429533,0.999999723550983,3.4493510611355305e-05,0.0006909288349561393,-7.201994594652206e-05,43.712663281513706,0.0008531858542633209,0.0023181192255466517,-0.0028240286185776432,-1.6586794097994697,0.01880161449200954,0.037847591473493696,0.0016750197589813407,43.712663281513706,0.0008531858542633209,0.0023181192255466517,-0.0028240286185776432,-0.013603147119283676,0.016239190474152565,-0.026046276807784985,0.0,0.0,0.0,0.9944421163780932,-0.10528216284681347,-0.0007413692875324028,0.1052823060956225,0.9944423651984833,0.00015681294416752464,0.0007207394202557345,-0.00023399446156740014,0.9999997128905996,0.0,0.0,0.0
26,1775256581390262364,1.090128902,1090,66.472367,36.947700995369814,44.853824347667945,0.7234487798010959,-0.7234487798010959,0.006905420683324337,0.014178862795233727,-0.01268717646598816,0.014243930578231812,-0.0007319425931200385,0.008604408241808414,0.9944208153637567,-0.10548415708802317,-0.0005846333402556455,0.1054844075263841,0.9944208738843053,0.00041541956593672217,0.0005375514139693066,-0.0004747715615336782,0.9999997428151887,0.001477622427046299,-0.0003792592906393111,0.00013547124399337918,0.006905420683324337,0.014178862795233727,-0.01268717646598816,0.014243930578231812,-0.0007319425931200385,0.008604408241808414,0.9944208153637567,-0.10548415708802317,-0.0005846333402556455,0.1054844075263841,0.9944208738843053,0.00041541956593672217,0.0005375514139693066,-0.0004747715615336782,0.9999997428151887,0.001477622427046299,-0.0003792592906393111,0.00013547124399337918,44.853824347667945,0.00035477210998204826,0.0021095142373235656,-0.002959712583778003,-1.3640225625233262,0.005667740283051433,0.03381994693735598,-0.0005535511386029041,44.853824347667945,0.00035477210998204826,0.0021095142373235656,-0.002959712583778003,-0.013603147119283676,0.016239190474152565,-0.0009212768077850042,0.0,0.0,0.0,0.9944421163780932,-0.10528216284681347,-0.0007413692875324028,0.1052823060956225,0.9944423651984833,0.00015681294416752464,0.0007207394202557345,-0.00023399446156740014,0.9999997128905996,0.0,0.0,0.0
