step,timestamp_ns,experiment_time_s,reference_index,tick_dt_ms,solver_ms,px4_collective_command_newton,px4_collective_normalized,px4_thrust_body_z,state_raw_0,state_raw_1,state_raw_2,state_raw_3,state_raw_4,state_raw_5,state_raw_6,state_raw_7,state_raw_8,state_raw_9,state_raw_10,state_raw_11,state_raw_12,state_raw_13,state_raw_14,state_raw_15,state_raw_16,state_raw_17,state_used_0,state_used_1,state_used_2,state_used_3,state_used_4,state_used_5,state_used_6,state_used_7,state_used_8,state_used_9,state_used_10,state_used_11,state_used_12,state_used_13,state_used_14,state_used_15,state_used_16,state_used_17,control_raw_0,control_raw_1,control_raw_2,control_raw_3,control_used_0,control_used_1,control_used_2,control_used_3,reference_0,reference_1,reference_2,reference_3,reference_4,reference_5,reference_6,reference_7,reference_8,reference_9,reference_10,reference_11,reference_12,reference_13,reference_14,reference_15,reference_16,reference_17
0,1774985816768757873,0.0,0,0.0,0.7029059997876175,42.474516379428934,0.6850728448294989,-0.6850728448294989,0.0021757367067039013,-0.0020557688549160957,0.02961866557598114,0.008928420022130013,0.004373632837086916,0.016463935375213623,0.9944323361675544,-0.10537639009322275,-0.000559928492791871,0.1053766015953026,0.9944324052779137,0.00036262114713561666,0.00051859931853801,-0.0004196054816158132,0.9999997774929855,0.0008767007966525853,0.0002643265761435032,0.0009296204661950469,0.0021757367067039013,-0.0020557688549160957,0.02961866557598114,0.008928420022130013,0.004373632837086916,0.016463935375213623,0.9944323361675544,-0.10537639009322275,-0.000559928492791871,0.1053766015953026,0.9944324052779137,0.00036262114713561666,0.00051859931853801,-0.0004196054816158132,0.9999997774929855,0.0008767007966525853,0.0002643265761435032,0.0009296204661950469,42.474516379428934,-0.000568078563816571,-0.003129923270436347,-0.00016426363109724713,42.474516379428934,-0.000568078563816571,-0.003129923270436347,-0.00016426363109724713,0.003045808058232069,0.0019735959358513355,0.03436318039894104,0.0,0.0,0.0,0.9944291162493704,-0.10540746062540508,0.0,0.10540746062540508,0.9944291162493704,0.0,0.0,0.0,1.0,0.0,0.0,0.0
1,1774985816778796414,0.010038541,10,10.038541,0.45125199903850444,42.48358131246737,0.685219053426893,-0.685219053426893,0.0021831875201314688,-0.0022333681117743254,0.029354557394981384,0.008958128280937672,0.004222009796649218,0.016271991655230522,0.9944329079667311,-0.10537036257045074,-0.0005554456847221213,0.10537057788004467,0.9944329700605665,0.00037369647845590485,0.0005129769666319482,-0.0004301436950506841,0.9999997759154946,0.0008260892354883254,-0.0007906176615506411,0.0007128373254090548,0.0021831875201314688,-0.0022333681117743254,0.029354557394981384,0.008958128280937672,0.004222009796649218,0.016271991655230522,0.9944329079667311,-0.10537036257045074,-0.0005554456847221213,0.10537057788004467,0.9944329700605665,0.00037369647845590485,0.0005129769666319482,-0.0004301436950506841,0.9999997759154946,0.0008260892354883254,-0.0007906176615506411,0.0007128373254090548,42.48358131246737,-0.000635895826796588,-0.002867254563594583,-0.0001365861201730048,42.48358131246737,-0.000635895826796588,-0.002867254563594583,-0.0001365861201730048,0.003045808058232069,0.0019735959358513355,0.03436318039894104,0.0,0.0,0.0,0.9944291162493704,-0.10540746062540508,0.0,0.10540746062540508,0.9944291162493704,0.0,0.0,0.0,1.0,0.0,0.0,0.0
2,1774985816788764405,0.020006532,20,9.967991,0.3452559976722114,42.494222129459224,0.6853906795074068,-0.6853906795074068,0.0022069260012358427,-0.0024243234656751156,0.02903662621974945,0.008952086791396141,0.004026075825095177,0.01605883054435253,0.9944327422516287,-0.10537195704022917,-0.0005469310481499806,0.1053721705468742,0.9944327984271873,0.00037737603548302105,0.0005041213197929215,-0.00043290638539707606,0.9999997792268566,-0.0006128346431069076,-0.0008288917597383261,-0.000217427485040389,0.0022069260012358427,-0.0024243234656751156,0.02903662621974945,0.008952086791396141,0.004026075825095177,0.01605883054435253,0.9944327422516287,-0.10537195704022917,-0.0005469310481499806,0.1053721705468742,0.9944327984271873,0.00037737603548302105,0.0005041213197929215,-0.00043290638539707606,0.9999997792268566,-0.0006128346431069076,-0.0008288917597383261,-0.000217427485040389,42.494222129459224,-0.0003493030002146984,-0.002844526969250447,4.24030620488386e-06,42.494222129459224,-0.0003493030002146984,-0.002844526969250447,4.24030620488386e-06,0.003045808058232069,0.0019735959358513355,0.03436318039894104,0.0,0.0,0.0,0.9944291162493704,-0.10540746062540508,0.0,0.10540746062540508,0.9944291162493704,0.0,0.0,0.0,1.0,0.0,0.0,0.0
3,1774985816798775235,0.030017362,30,10.01083,0.6580160006706137,42.51459046271036,0.6857192010114574,-0.6857192010114574,0.0022570565342903137,-0.0027935930993407965,0.02842479944229126,0.008951191790401936,0.0037457707803696394,0.01563981920480728,0.9944340068167574,-0.10536096663874583,-0.0005481493966239316,0.10536119080620887,0.9944340547067045,0.00039747197326777057,0.0005032203848639081,-0.0004530132170367392,0.999999770774132,0.0004529735306277871,0.0004909692797809839,0.0008898753440007567,0.0022570565342903137,-0.0027935930993407965,0.02842479944229126,0.008951191790401936,0.0037457707803696394,0.01563981920480728,0.9944340068167574,-0.10536096663874583,-0.0005481493966239316,0.10536119080620887,0.9944340547067045,0.00039747197326777057,0.0005032203848639081,-0.0004530132170367392,0.999999770774132,0.0004529735306277871,0.0004909692797809839,0.0008898753440007567,42.51459046271036,-0.0007693065640903909,-0.0031939310578505925,-0.000170692947386303,42.51459046271036,-0.0007693065640903909,-0.0031939310578505925,-0.000170692947386303,0.003045808058232069,0.0019735959358513355,0.03436318039894104,0.0,0.0,0.0,0.9944291162493704,-0.10540746062540508,0.0,0.10540746062540508,0.9944291162493704,0.0,0.0,0.0,1.0,0.0,0.0,0.0
4,1774985816808741420,0.039983547,39,9.966185,0.52226600018912,42.52481366037589,0.6858840912963854,-0.6858840912963854,0.0022837992291897535,-0.0029718365985900164,0.028130516409873962,0.00900914054363966,0.0036066274624317884,0.015418916940689087,0.9944335456442377,-0.10536486590740068,-0.0005547854301329244,0.1053650976225391,0.9944335928119199,0.00040638322647161074,0.0005088787478969756,-0.0004625760696188863,0.9999997635328869,0.0007509225397370756,0.0007866601226851344,-0.00103382661473006,0.0022837992291897535,-0.0029718365985900164,0.028130516409873962,0.00900914054363966,0.0036066274624317884,0.015418916940689087,0.9944335456442377,-0.10536486590740068,-0.0005547854301329244,0.1053650976225391,0.9944335928119199,0.00040638322647161074,0.0005088787478969756,-0.0004625760696188863,0.9999997635328869,0.0007509225397370756,0.0007866601226851344,-0.00103382661473006,42.52481366037589,-0.0009154681333997287,-0.003304511600740367,0.00012101193551115832,42.52481366037589,-0.0009154681333997287,-0.003304511600740367,0.00012101193551115832,0.003045808058232069,0.0019735959358513355,0.03436318039894104,0.0,0.0,0.0,0.9944291162493704,-0.10540746062540508,0.0,0.10540746062540508,0.9944291162493704,0.0,0.0,0.0,1.0,0.0,0.0,0.0
5,1774985816818770258,0.050012385,50,10.028838,0.34390799919492565,42.534619698783345,0.686042253206183,-0.686042253206183,0.002311727963387966,-0.0031458993908017874,0.027843639254570007,0.00904309842735529,0.003498046426102519,0.015217835083603859,0.9944329888659199,-0.1053707145489573,-0.0005508078569710466,0.10537094787752399,0.9944330308305821,0.0004132253737498242,0.0005041996630029705,-0.0004689639694469179,0.9999997629277474,-0.00012419807899277657,-0.0009067814098671079,-0.0003088415542151779,0.002311727963387966,-0.0031458993908017874,0.027843639254570007,0.00904309842735529,0.003498046426102519,0.015217835083603859,0.9944329888659199,-0.1053707145489573,-0.0005508078569710466,0.10537094787752399,0.9944330308305821,0.0004132253737498242,0.0005041996630029705,-0.0004689639694469179,0.9999997629277474,-0.00012419807899277657,-0.0009067814098671079,-0.0003088415542151779,42.534619698783345,-0.0007568065181809067,-0.0028859607071335643,1.6967031937789126e-05,42.534619698783345,-0.0007568065181809067,-0.0028859607071335643,1.6967031937789126e-05,0.003045808058232069,0.0019735959358513355,0.03436318039894104,0.0,0.0,0.0,0.9944291162493704,-0.10540746062540508,0.0,0.10540746062540508,0.9944291162493704,0.0,0.0,0.0,1.0,0.0,0.0,0.0
6,1774985816828770859,0.060012986,60,10.000601,0.3559519973350689,42.55616205635383,0.686389710586352,-0.686389710586352,0.0023978250101208687,-0.0035009030252695084,0.027204439043998718,0.009204973466694355,0.0032426973339170218,0.014763648621737957,0.994432906615758,-0.10537071353267535,-0.0005527729140324341,0.10537096212938213,0.9944329358336701,0.00044165339643508243,0.0005031582554912884,-0.0004974408376897863,0.9999997496921713,0.0018452121876180172,0.0003634874592535198,-0.0002642426698002964,0.0023978250101208687,-0.0035009030252695084,0.027204439043998718,0.009204973466694355,0.0032426973339170218,0.014763648621737957,0.994432906615758,-0.10537071353267535,-0.0005527729140324341,0.10537096212938213,0.9944329358336701,0.00044165339643508243,0.0005031582554912884,-0.0004974408376897863,0.9999997496921713,0.0018452121876180172,0.0003634874592535198,-0.0002642426698002964,42.55616205635383,-0.0014125325950118312,-0.003261539667537942,1.030462503614233e-05,42.55616205635383,-0.0014125325950118312,-0.003261539667537942,1.030462503614233e-05,0.003045808058232069,0.0019735959358513355,0.03436318039894104,0.0,0.0,0.0,0.9944291162493704,-0.10540746062540508,0.0,0.10540746062540508,0.9944291162493704,0.0,0.0,0.0,1.0,0.0,0.0,0.0
7,1774985816838757560,0.069999687,69,9.986701,0.5130630015628412,42.56622113124076,0.6865519537296897,-0.6865519537296897,0.00244279601611197,-0.00367254251614213,0.02689717710018158,0.00925381202250719,0.0030921848956495523,0.01458416972309351,0.9944334413174588,-0.10536539591016547,-0.00054822921747713,0.10536564397954251,0.994433466528018,0.000445127980008949,0.0004982763944677872,-0.0005004146562588027,0.9999997506528763,-0.0007279153214767575,-0.0005712293786928058,0.0007311378722079098,0.00244279601611197,-0.00367254251614213,0.02689717710018158,0.00925381202250719,0.0030921848956495523,0.01458416972309351,0.9944334413174588,-0.10536539591016547,-0.00054822921747713,0.10536564397954251,0.994433466528018,0.000445127980008949,0.0004982763944677872,-0.0005004146562588027,0.9999997506528763,-0.0007279153214767575,-0.0005712293786928058,0.0007311378722079098,42.56622113124076,-0.0008286127479193899,-0.0030372225471780364,-0.00014327504354813426,42.56622113124076,-0.0008286127479193899,-0.0030372225471780364,-0.00014327504354813426,0.003045808058232069,0.0019735959358513355,0.03436318039894104,0.0,0.0,0.0,0.9944291162493704,-0.10540746062540508,0.0,0.10540746062540508,0.9944291162493704,0.0,0.0,0.0,1.0,0.0,0.0,0.0
8,1774985816848816620,0.080058747,80,10.05906,0.4777350004587788,42.57660126877597,0.6867193753028382,-0.6867193753028382,0.0024887751787900925,-0.0038404068909585476,0.026597633957862854,0.00929806288331747,0.002967595588415861,0.014367286115884781,0.9944329538048611,-0.10536982700683639,-0.0005485231292692815,0.10537007678390631,0.9944329775890277,0.0004482589755235981,0.0004982365179894018,-0.0005035614209037732,0.9999997490931024,-0.0005771745927631855,-9.888934437185526e-05,-0.00017012591706588864,0.0024887751787900925,-0.0038404068909585476,0.026597633957862854,0.00929806288331747,0.002967595588415861,0.014367286115884781,0.9944329538048611,-0.10536982700683639,-0.0005485231292692815,0.10537007678390631,0.9944329775890277,0.0004482589755235981,0.0004982365179894018,-0.0005035614209037732,0.9999997490931024,-0.0005771745927631855,-9.888934437185526e-05,-0.00017012591706588864,42.57660126877597,-0.0009190860745805375,-0.003175361669366974,-4.515908992722531e-06,42.57660126877597,-0.0009190860745805375,-0.003175361669366974,-4.515908992722531e-06,0.003045808058232069,0.0019735959358513355,0.03436318039894104,0.0,0.0,0.0,0.9944291162493704,-0.10540746062540508,0.0,0.10540746062540508,0.9944291162493704,0.0,0.0,0.0,1.0,0.0,0.0,0.0
9,1774985816858704384,0.089946511,89,9.887764,0.5560550016525667,42.59811209159772,0.6870663240580277,-0.6870663240580277,0.002615945413708687,-0.0041982922703027725,0.025942474603652954,0.009460841305553913,0.00268294895067811,0.013949418440461159,0.9944332642129767,-0.10536716830464288,-0.0005591554211489779,0.10536742827893053,0.9944332885036102,0.0004577754866966423,0.0005078082559059473,-0.0005141439063670779,0.9999997388933836,0.000612514209933579,0.0005188940558582544,0.00040867223287932575,0.002615945413708687,-0.0041982922703027725,0.025942474603652954,0.009460841305553913,0.00268294895067811,0.013949418440461159,0.9944332642129767,-0.10536716830464288,-0.0005591554211489779,0.10536742827893053,0.9944332885036102,0.0004577754866966423,0.0005078082559059473,-0.0005141439063670779,0.9999997388933836,0.000612514209933579,0.0005188940558582544,0.00040867223287932575,42.59811209159772,-0.0013381176254954475,-0.0034154800916833816,-9.346217087502189e-05,42.59811209159772,-0.0013381176254954475,-0.0034154800916833816,-9.346217087502189e-05,0.003045808058232069,0.0019735959358513355,0.03436318039894104,0.0,0.0,0.0,0.9944291162493704,-0.10540746062540508,0.0,0.10540746062540508,0.9944291162493704,0.0,0.0,0.0,1.0,0.0,0.0,0.0
10,1774985816868772213,0.10001434,100,10.067829,0.36740699943038635,42.60915274893803,0.6872443991764199,-0.6872443991764199,0.0026808155234903097,-0.004371382296085358,0.025626733899116516,0.009477565996348858,0.0025785304605960846,0.013715431094169617,0.9944336839478332,-0.10536415488405737,-0.0005587447396754972,0.10536441965166965,0.9944337029065189,0.00046764873076728607,0.000506361182442886,-0.0005239173335730887,0.9999997345544873,0.0010238110553473234,-0.0010050543351098895,0.0006777980015613139,0.0026808155234903097,-0.004371382296085358,0.025626733899116516,0.009477565996348858,0.0025785304605960846,0.013715431094169617,0.9944336839478332,-0.10536415488405737,-0.0005587447396754972,0.10536441965166965,0.9944337029065189,0.00046764873076728607,0.000506361182442886,-0.0005239173335730887,0.9999997345544873,0.0010238110553473234,-0.0010050543351098895,0.0006777980015613139,42.60915274893803,-0.001507501051556513,-0.0030491694462133935,-0.00013625941398042092,42.60915274893803,-0.001507501051556513,-0.0030491694462133935,-0.00013625941398042092,0.003045808058232069,0.0019735959358513355,0.03436318039894104,0.0,0.0,0.0,0.9944291162493704,-0.10540746062540508,0.0,0.10540746062540508,0.9944291162493704,0.0,0.0,0.0,1.0,0.0,0.0,0.0
11,1774985816878732592,0.109974719,109,9.960379,0.39166199712781236,42.620769515721896,0.6874317663826113,-0.6874317663826113,0.0027461720164865255,-0.004540085326880217,0.02531813085079193,0.009542659856379032,0.0024443974252790213,0.013424931094050407,0.9944331328401417,-0.10536805437423569,-0.0005657935485464492,0.10536832449953404,0.9944331536873976,0.00047088715074458936,0.0005130273998618693,-0.0005278825014187442,0.9999997290714395,-0.0009555657161399722,0.0005159839056432247,-0.0006878050626255572,0.0027461720164865255,-0.004540085326880217,0.02531813085079193,0.009542659856379032,0.0024443974252790213,0.013424931094050407,0.9944331328401417,-0.10536805437423569,-0.0005657935485464492,0.10536832449953404,0.9944331536873976,0.00047088715074458936,0.0005130273998618693,-0.0005278825014187442,0.9999997290714395,-0.0009555657161399722,0.0005159839056432247,-0.0006878050626255572,42.620769515721896,-0.001066956814977597,-0.003473125559918489,7.173763756282115e-05,42.620769515721896,-0.001066956814977597,-0.003473125559918489,7.173763756282115e-05,0.003045808058232069,0.0019735959358513355,0.03436318039894104,0.0,0.0,0.0,0.9944291162493704,-0.10540746062540508,0.0,0.10540746062540508,0.9944291162493704,0.0,0.0,0.0,1.0,0.0,0.0,0.0
12,1774985816888722780,0.119964907,119,9.990188,0.32478099819854833,42.631259271059086,0.687600955984824,-0.687600955984824,0.0028291759081184864,-0.004716398660093546,0.025012299418449402,0.009597893804311752,0.002320162020623684,0.013217246159911156,0.994433079732148,-0.10536911782879388,-0.0005704049007973474,0.10536939320630911,0.9944331000637437,0.00047633214414350127,0.0005170388136417807,-0.0005337835962128069,0.9999997238729464,0.0005935243680141866,0.0005182699533179402,0.00031215010676532984,0.0028291759081184864,-0.004716398660093546,0.025012299418449402,0.009597893804311752,0.002320162020623684,0.013217246159911156,0.994433079732148,-0.10536911782879388,-0.0005704049007973474,0.10536939320630911,0.9944331000637437,0.00047633214414350127,0.0005170388136417807,-0.0005337835962128069,0.9999997238729464,0.0005935243680141866,0.0005182699533179402,0.00031215010676532984,42.631259271059086,-0.0015129495757944336,-0.0035114414189184756,-7.739568810513571e-05,42.631259271059086,-0.0015129495757944336,-0.0035114414189184756,-7.739568810513571e-05,0.003045808058232069,0.0019735959358513355,0.03436318039894104,0.0,0.0,0.0,0.9944291162493704,-0.10540746062540508,0.0,0.10540746062540508,0.9944291162493704,0.0,0.0,0.0,1.0,0.0,0.0,0.0
13,1774985816898791061,0.130033188,130,10.068281,0.334363998263143,42.65105013313081,0.6879201634375937,-0.6879201634375937,0.002996547147631645,-0.005057410802692175,0.02441944181919098,0.009711762890219688,0.0020800631027668715,0.01282398123294115,0.9944334059168217,-0.10536610479379305,-0.0005864569172949058,0.10536639260718617,0.9944334307761561,0.00048356821263770104,0.0005322406618046022,-0.0005426691533876454,0.999999711115013,-0.0006023492896929383,-0.0001805414940463379,0.00019253989739809185,0.002996547147631645,-0.005057410802692175,0.02441944181919098,0.009711762890219688,0.0020800631027668715,0.01282398123294115,0.9944334059168217,-0.10536610479379305,-0.0005864569172949058,0.10536639260718617,0.9944334307761561,0.00048356821263770104,0.0005322406618046022,-0.0005426691533876454,0.999999711115013,-0.0006023492896929383,-0.0001805414940463379,0.00019253989739809185,42.65105013313081,-0.0013190395932751182,-0.0034298814656992353,-6.186487119105777e-05,42.65105013313081,-0.0013190395932751182,-0.0034298814656992353,-6.186487119105777e-05,0.003045808058232069,0.0019735959358513355,0.03436318039894104,0.0,0.0,0.0,0.9944291162493704,-0.10540746062540508,0.0,0.10540746062540508,0.9944291162493704,0.0,0.0,0.0,1.0,0.0,0.0,0.0
14,1774985816908694386,0.139936513,139,9.903325,0.47177099986583926,42.66055783160343,0.6880735134129585,-0.6880735134129585,0.0030812257900834084,-0.005222789943218231,0.024133875966072083,0.009769761003553867,0.0018916609697043896,0.012657741084694862,0.9944332652108854,-0.1053671681674131,-0.000585478670178786,0.105367457443869,0.9944332875057016,0.00048732260352644355,0.0005308716740260583,-0.0005463001545477371,0.9999997098656747,2.2070904378779233e-05,-0.0005388131830841303,-9.046471677720547e-05,0.0030812257900834084,-0.005222789943218231,0.024133875966072083,0.009769761003553867,0.0018916609697043896,0.012657741084694862,0.9944332652108854,-0.1053671681674131,-0.000585478670178786,0.105367457443869,0.9944332875057016,0.00048732260352644355,0.0005308716740260583,-0.0005463001545477371,0.9999997098656747,2.2070904378779233e-05,-0.0005388131830841303,-9.046471677720547e-05,42.66055783160343,-0.0015411229590756759,-0.003366125656962213,-1.854996773268148e-05,42.66055783160343,-0.0015411229590756759,-0.003366125656962213,-1.854996773268148e-05,0.003045808058232069,0.0019735959358513355,0.03436318039894104,0.0,0.0,0.0,0.9944291162493704,-0.10540746062540508,0.0,0.10540746062540508,0.9944291162493704,0.0,0.0,0.0,1.0,0.0,0.0,0.0
15,1774985816918772765,0.150014892,150,10.078379,0.6813210020482074,42.6698801792301,0.68822387385855,-0.68822387385855,0.0031718614045530558,-0.005412057042121887,0.023852333426475525,0.009840398095548153,0.001681176363490522,0.012500151991844177,0.9944335681461812,-0.1053646866173854,-0.0005923741363715016,0.10536498552442675,0.9944335880979306,0.0004982340881667957,0.0005365804560786953,-0.0005578760957485632,0.9999997004278188,0.001261493656784296,0.0004123820981476456,0.0005574898677878082,0.0031718614045530558,-0.005412057042121887,0.023852333426475525,0.009840398095548153,0.001681176363490522,0.012500151991844177,0.9944335681461812,-0.1053646866173854,-0.0005923741363715016,0.10536498552442675,0.9944335880979306,0.0004982340881667957,0.0005365804560786953,-0.0005578760957485632,0.9999997004278188,0.001261493656784296,0.0004123820981476456,0.0005574898677878082,42.6698801792301,-0.0019419578611366386,-0.0036535553997240184,-0.00011772877706113531,42.6698801792301,-0.0019419578611366386,-0.0036535553997240184,-0.00011772877706113531,0.003045808058232069,0.0019735959358513355,0.03436318039894104,0.0,0.0,0.0,0.9944291162493704,-0.10540746062540508,0.0,0.10540746062540508,0.9944291162493704,0.0,0.0,0.0,1.0,0.0,0.0,0.0
16,1774985816928782230,0.160024357,160,10.009465,0.4038420011056587,42.679936721337675,0.6883860761506077,-0.6883860761506077,0.0032634565141052008,-0.005598250776529312,0.023577392101287842,0.00998690165579319,0.0014383650850504637,0.012274888344109058,0.9944320391916154,-0.10537922102520936,-0.0005993351287860676,0.10537952360644587,0.9944320631160576,0.0004978439021264759,0.0005435356614715346,-0.0005582294619511136,0.9999996964744104,-0.0006661989027634263,-0.00012329986202530563,-0.0015305018750950694,0.0032634565141052008,-0.005598250776529312,0.023577392101287842,0.00998690165579319,0.0014383650850504637,0.012274888344109058,0.9944320391916154,-0.10537922102520936,-0.0005993351287860676,0.10537952360644587,0.9944320631160576,0.0004978439021264759,0.0005435356614715346,-0.0005582294619511136,0.9999996964744104,-0.0006661989027634263,-0.00012329986202530563,-0.0015305018750950694,42.679936721337675,-0.0015272413268987396,-0.003585466445277031,0.0002071690492734221,42.679936721337675,-0.0015272413268987396,-0.003585466445277031,0.0002071690492734221,0.003045808058232069,0.0019735959358513355,0.03436318039894104,0.0,0.0,0.0,0.9944291162493704,-0.10540746062540508,0.0,0.10540746062540508,0.9944291162493704,0.0,0.0,0.0,1.0,0.0,0.0,0.0
17,1774985816938746313,0.16998844,169,9.964083,0.37642900133505464,42.69855305374515,0.6886863395765347,-0.6886863395765347,0.003448515897616744,-0.00596094224601984,0.02304708957672119,0.010072922334074974,0.0010834799613803625,0.011862186715006828,0.9944321468873055,-0.10537709396413941,-0.0006097654366608166,0.10537740983314148,0.9944321689031029,0.0005113283080735991,0.0005524880745621248,-0.0005727368102804305,0.9999996833646865,0.0005505905719473958,0.00027239220798946917,0.0008316052262671292,0.003448515897616744,-0.00596094224601984,0.02304708957672119,0.010072922334074974,0.0010834799613803625,0.011862186715006828,0.9944321468873055,-0.10537709396413941,-0.0006097654366608166,0.10537740983314148,0.9944321689031029,0.0005113283080735991,0.0005524880745621248,-0.0005727368102804305,0.9999996833646865,0.0005505905719473958,0.00027239220798946917,0.0008316052262671292,42.69855305374515,-0.0019781968241695683,-0.0037627423485407058,-0.00014882845762154102,42.69855305374515,-0.0019781968241695683,-0.0037627423485407058,-0.00014882845762154102,0.003045808058232069,0.0019735959358513355,0.03436318039894104,0.0,0.0,0.0,0.9944291162493704,-0.10540746062540508,0.0,0.10540746062540508,0.9944291162493704,0.0,0.0,0.0,1.0,0.0,0.0,0.0
18,1774985816948782406,0.180024533,180,10.036093,0.48224399870377965,42.70754384076894,0.6888313522704668,-0.6888313522704668,0.0035403852816671133,-0.006147419568151236,0.02278873324394226,0.010148776695132256,0.0009155204170383513,0.01169163454324007,0.994431960357979,-0.1053790436799289,-0.0006194571237207798,0.10537937023463217,0.9944319824923364,0.0005204620697682878,0.0005611621794997522,-0.0005828420905313887,0.9999996726960068,0.00028852533432655036,0.0007310964865610003,-0.0005584417376667261,0.0035403852816671133,-0.006147419568151236,0.02278873324394226,0.010148776695132256,0.0009155204170383513,0.01169163454324007,0.994431960357979,-0.1053790436799289,-0.0006194571237207798,0.10537937023463217,0.9944319824923364,0.0005204620697682878,0.0005611621794997522,-0.0005828420905313887,0.9999996726960068,0.00028852533432655036,0.0007310964865610003,-0.0005584417376667261,42.70754384076894,-0.001990076535621142,-0.003934185794976224,6.12582650158842e-05,42.70754384076894,-0.001990076535621142,-0.003934185794976224,6.12582650158842e-05,0.003045808058232069,0.0019735959358513355,0.03436318039894104,0.0,0.0,0.0,0.9944291162493704,-0.10540746062540508,0.0,0.10540746062540508,0.9944291162493704,0.0,0.0,0.0,1.0,0.0,0.0,0.0
19,1774985816958707605,0.189949732,189,9.925199,0.48892199993133545,42.71647092547489,0.6889753375076595,-0.6889753375076595,0.0036327247507870197,-0.006330443546175957,0.022530019283294678,0.010175937786698341,0.0007710297941230237,0.011527164839208126,0.9944309217476018,-0.10538914680202294,-0.0006272935998532639,0.10538948256432956,0.9944309435133277,0.0005286177796688734,0.0005680895873663298,-0.0005917839454774601,0.9999996635329536,0.0009589743567630649,8.396623888984323e-05,-0.00041446133400313556,0.0036327247507870197,-0.006330443546175957,0.022530019283294678,0.010175937786698341,0.0007710297941230237,0.011527164839208126,0.9944309217476018,-0.10538914680202294,-0.0006272935998532639,0.10538948256432956,0.9944309435133277,0.0005286177796688734,0.0005680895873663298,-0.0005917839454774601,0.9999996635329536,0.0009589743567630649,8.396623888984323e-05,-0.00041446133400313556,42.71647092547489,-0.0022284195029362882,-0.003814212062076691,4.779658438480003e-05,42.71647092547489,-0.0022284195029362882,-0.003814212062076691,4.779658438480003e-05,0.003045808058232069,0.0019735959358513355,0.03436318039894104,0.0,0.0,0.0,0.9944291162493704,-0.10540746062540508,0.0,0.10540746062540508,0.9944291162493704,0.0,0.0,0.0,1.0,0.0,0.0,0.0
20,1774985816968765082,0.200007209,200,10.057477,0.3283500009274576,42.72507962197213,0.6891141874511634,-0.6891141874511634,0.0037254816852509975,-0.006509783212095499,0.022277742624282837,0.01022050715982914,0.0006740697426721454,0.011377022601664066,0.9944307354459712,-0.10539109652077183,-0.0006310523815888638,0.10539143691465669,0.9944307568515454,0.0005328276950004899,0.0005713825994554571,-0.0005963676600118728,0.9999996589337374,-0.00023611346841789782,-0.00032753334380686283,0.0001087782220565714,0.0037254816852509975,-0.006509783212095499,0.022277742624282837,0.01022050715982914,0.0006740697426721454,0.011377022601664066,0.9944307354459712,-0.10539109652077183,-0.0006310523815888638,0.10539143691465669,0.9944307568515454,0.0005328276950004899,0.0005713825994554571,-0.0005963676600118728,0.9999996589337374,-0.00023611346841789782,-0.00032753334380686283,0.0001087782220565714,42.72507962197213,-0.001980074737893925,-0.003745498500446369,-2.9114723819399575e-05,42.72507962197213,-0.001980074737893925,-0.003745498500446369,-2.9114723819399575e-05,0.003045808058232069,0.0019735959358513355,0.03436318039894104,0.0,0.0,0.0,0.9944291162493704,-0.10540746062540508,0.0,0.10540746062540508,0.9944291162493704,0.0,0.0,0.0,1.0,0.0,0.0,0.0
21,1774985816978827367,0.210069494,210,10.062285,0.5354309978429228,42.733744531306854,0.6892539440533364,-0.6892539440533364,0.0038187087047845125,-0.006685428787022829,0.022031858563423157,0.010276207700371742,0.000553158693946898,0.011211838573217392,0.9944310546347642,-0.10538826056233663,-0.0006369885531083745,0.10538860701756492,0.9944310768347387,0.0005371936775551933,0.0005768273017062983,-0.0006013332919459928,0.9999996528342413,0.0005347020924091339,0.00025489076506346464,0.0009865608299151063,0.0038187087047845125,-0.006685428787022829,0.022031858563423157,0.010276207700371742,0.000553158693946898,0.011211838573217392,0.9944310546347642,-0.10538826056233663,-0.0006369885531083745,0.10538860701756492,0.9944310768347387,0.0005371936775551933,0.0005768273017062983,-0.0006013332919459928,0.9999996528342413,0.0005347020924091339,0.00025489076506346464,0.0009865608299151063,42.733744531306854,-0.002227692012687177,-0.003933478954028437,-0.00016305619522089497,42.733744531306854,-0.002227692012687177,-0.003933478954028437,-0.00016305619522089497,0.003045808058232069,0.0019735959358513355,0.03436318039894104,0.0,0.0,0.0,0.9944291162493704,-0.10540746062540508,0.0,0.10540746062540508,0.9944291162493704,0.0,0.0,0.0,1.0,0.0,0.0,0.0
22,1774985816988721844,0.219963971,219,9.894477,0.4357229991001077,42.75083868524432,0.6895296562136181,-0.6895296562136181,0.003984637092798948,-0.007052434142678976,0.021534308791160583,0.010399704799056053,0.00020131074415985495,0.010861680842936039,0.9944306831145786,-0.10539038747011276,-0.0006435313278235879,0.10539074362867584,0.9944307031037249,0.0005470881115578374,0.0005822894838314291,-0.0006118634886293174,0.9999996432809395,-0.0009119434980675578,-0.000217296983464621,0.00028600101359188557,0.003984637092798948,-0.007052434142678976,0.021534308791160583,0.010399704799056053,0.00020131074415985495,0.010861680842936039,0.9944306831145786,-0.10539038747011276,-0.0006435313278235879,0.10539074362867584,0.9944307031037249,0.0005470881115578374,0.0005822894838314291,-0.0006118634886293174,0.9999996432809395,-0.0009119434980675578,-0.000217296983464621,0.00028600101359188557,42.75083868524432,-0.0020029730725670777,-0.003889145320103622,-5.6228927192685325e-05,42.75083868524432,-0.0020029730725670777,-0.003889145320103622,-5.6228927192685325e-05,0.003045808058232069,0.0019735959358513355,0.03436318039894104,0.0,0.0,0.0,0.9944291162493704,-0.10540746062540508,0.0,0.10540746062540508,0.9944291162493704,0.0,0.0,0.0,1.0,0.0,0.0,0.0
23,1774985816998780076,0.230022203,230,10.058232,0.34438000147929415,42.75968458893947,0.6896723320796689,-0.6896723320796689,0.00406884727999568,-0.007231239229440689,0.021294504404067993,0.010488287545740604,4.945340333506465e-05,0.010674423538148403,0.9944310540807482,-0.10538826058830475,-0.0006460015721899158,0.10538861646087283,0.9944310773887548,0.0005440146902760584,0.0005850712733230329,-0.0006090661865841542,0.9999996433649653,-0.0004694896924775094,-4.1360341128893197e-05,0.0009039945434778929,0.00406884727999568,-0.007231239229440689,0.021294504404067993,0.010488287545740604,4.945340333506465e-05,0.010674423538148403,0.9944310540807482,-0.10538826058830475,-0.0006460015721899158,0.10538861646087283,0.9944310773887548,0.0005440146902760584,0.0005850712733230329,-0.0006090661865841542,0.9999996433649653,-0.0004694896924775094,-4.1360341128893197e-05,0.0009039945434778929,42.75968458893947,-0.0021559156916431815,-0.003972959321068551,-0.0001506462512238149,42.75968458893947,-0.0021559156916431815,-0.003972959321068551,-0.0001506462512238149,0.003045808058232069,0.0019735959358513355,0.03436318039894104,0.0,0.0,0.0,0.9944291162493704,-0.10540746062540508,0.0,0.10540746062540508,0.9944291162493704,0.0,0.0,0.0,1.0,0.0,0.0,0.0
24,1774985817008737623,0.23997975,239,9.957547,0.5667410005116835,42.76794189711105,0.6898055144695331,-0.6898055144695331,0.0041537806391716,-0.007406619377434254,0.021060645580291748,0.010518836788833141,-7.111522427294403e-05,0.010521885938942432,0.9944313032117623,-0.10538507009172471,-0.0006468175702846269,0.10538542765409376,0.99443132575616,0.0005460509832376574,0.000585670031934958,-0.0006111753097246533,0.9999996417276209,-0.00044114707270637155,-0.0005421099485829473,0.0004877327592112124,0.0041537806391716,-0.007406619377434254,0.021060645580291748,0.010518836788833141,-7.111522427294403e-05,0.010521885938942432,0.9944313032117623,-0.10538507009172471,-0.0006468175702846269,0.10538542765409376,0.99443132575616,0.0005460509832376574,0.000585670031934958,-0.0006111753097246533,0.9999996417276209,-0.00044114707270637155,-0.0005421099485829473,0.0004877327592112124,42.76794189711105,-0.0022125964477165143,-0.0038711698695500303,-9.075895180319606e-05,42.76794189711105,-0.0022125964477165143,-0.0038711698695500303,-9.075895180319606e-05,0.003045808058232069,0.0019735959358513355,0.03436318039894104,0.0,0.0,0.0,0.9944291162493704,-0.10540746062540508,0.0,0.10540746062540508,0.9944291162493704,0.0,0.0,0.0,1.0,0.0,0.0,0.0
25,1774985817018717559,0.249959686,249,9.979936,0.33841899858089164,42.77645615431479,0.6899428411986257,-0.6899428411986257,0.004237024579197168,-0.007584509905427694,0.020825982093811035,0.01057157851755619,-0.00025372541858814657,0.010352068580687046,0.9944310852287,-0.10538755192015459,-0.0006614026600030309,0.10538791743837472,0.9944311174083086,0.0005444358998316059,0.000600342615617174,-0.0006111077413668276,0.9999996330679949,-0.0006227106205187738,0.0013066793326288462,9.70772816799581e-06,0.004237024579197168,-0.007584509905427694,0.020825982093811035,0.01057157851755619,-0.00025372541858814657,0.010352068580687046,0.9944310852287,-0.10538755192015459,-0.0006614026600030309,0.10538791743837472,0.9944311174083086,0.0005444358998316059,0.000600342615617174,-0.0006111077413668276,0.9999996330679949,-0.0006227106205187738,0.0013066793326288462,9.70772816799581e-06,42.77645615431479,-0.0022200030328013635,-0.004396789192741666,-1.705836348605096e-05,42.77645615431479,-0.0022200030328013635,-0.004396789192741666,-1.705836348605096e-05,0.003045808058232069,0.0019735959358513355,0.03436318039894104,0.0,0.0,0.0,0.9944291162493704,-0.10540746062540508,0.0,0.10540746062540508,0.9944291162493704,0.0,0.0,0.0,1.0,0.0,0.0,0.0
26,1774985817028815803,0.26005793,260,10.098244,0.4113360009796452,42.792210212096414,0.6901969389047808,-0.6901969389047808,0.004405055195093155,-0.007932121865451336,0.020373672246932983,0.010611888021230698,-0.0006013740785419941,0.01002760510891676,0.9944313336061871,-0.10538436145653218,-0.0006735494235495989,0.10538474096796535,0.9944313665271377,0.000555161498139689,0.0006112933338352556,-0.0006230518236786404,0.999999619063369,0.000210591679206118,-0.00047154532512649894,0.00015450417413376272,0.004405055195093155,-0.007932121865451336,0.020373672246932983,0.010611888021230698,-0.0006013740785419941,0.01002760510891676,0.9944313336061871,-0.10538436145653218,-0.0006735494235495989,0.10538474096796535,0.9944313665271377,0.000555161498139689,0.0006112933338352556,-0.0006230518236786404,0.999999619063369,0.000210591679206118,-0.00047154532512649894,0.00015450417413376272,42.792210212096414,-0.002565615036364017,-0.004023104063534266,-4.13157367942903e-05,42.792210212096414,-0.002565615036364017,-0.004023104063534266,-4.13157367942903e-05,0.003045808058232069,0.0019735959358513355,0.03436318039894104,0.0,0.0,0.0,0.9944291162493704,-0.10540746062540508,0.0,0.10540746062540508,0.9944291162493704,0.0,0.0,0.0,1.0,0.0,0.0,0.0
27,1774985817038676465,0.269918592,269,9.860662,0.40944500142359175,42.79988849950232,0.6903207822500375,-0.6903207822500375,0.004489715211093426,-0.00810153502970934,0.020156100392341614,0.010650532320141792,-0.0007487243274226785,0.009892730042338371,0.9944311561119487,-0.10538613392983942,-0.0006741085282264011,0.10538651429545975,0.9944311888587071,0.0005559881736992987,0.0006117611006061434,-0.0006239339010714246,0.9999996182273513,-0.00011168004130013287,-0.0002587864873930812,0.00020798423793166876,0.004489715211093426,-0.00810153502970934,0.020156100392341614,0.010650532320141792,-0.0007487243274226785,0.009892730042338371,0.9944311561119487,-0.10538613392983942,-0.0006741085282264011,0.10538651429545975,0.9944311888587071,0.0005559881736992987,0.0006117611006061434,-0.0006239339010714246,0.9999996182273513,-0.00011168004130013287,-0.0002587864873930812,0.00020798423793166876,42.79988849950232,-0.002536023832701911,-0.004101124749153137,-4.7905545870913924e-05,42.79988849950232,-0.002536023832701911,-0.004101124749153137,-4.7905545870913924e-05,0.003045808058232069,0.0019735959358513355,0.03436318039894104,0.0,0.0,0.0,0.9944291162493704,-0.10540746062540508,0.0,0.10540746062540508,0.9944291162493704,0.0,0.0,0.0,1.0,0.0,0.0,0.0
28,1774985817048801507,0.280043634,280,10.125042,0.5191880009078886,42.80754955680815,0.690444347690454,-0.690444347690454,0.004569394513964653,-0.008246470242738724,0.019950389862060547,0.010685361921787262,-0.0008722142083570361,0.00973967369645834,0.9944302840233177,-0.10539464201105964,-0.0006886059418294175,0.10539503647057846,0.9944303206732088,0.0005640378151146317,0.0006253240613258162,-0.0006334718765099627,0.9999996038415385,0.0003710301825776696,0.0014965585432946682,-0.0006125663639977574,0.004569394513964653,-0.008246470242738724,0.019950389862060547,0.010685361921787262,-0.0008722142083570361,0.00973967369645834,0.9944302840233177,-0.10539464201105964,-0.0006886059418294175,0.10539503647057846,0.9944303206732088,0.0005640378151146317,0.0006253240613258162,-0.0006334718765099627,0.9999996038415385,0.0003710301825776696,0.0014965585432946682,-0.0006125663639977574,42.80754955680815,-0.002718014356081401,-0.004597387813491914,8.20319186419528e-05,42.80754955680815,-0.002718014356081401,-0.004597387813491914,8.20319186419528e-05,0.003045808058232069,0.0019735959358513355,0.03436318039894104,0.0,0.0,0.0,0.9944291162493704,-0.10540746062540508,0.0,0.10540746062540508,0.9944291162493704,0.0,0.0,0.0,1.0,0.0,0.0,0.0
29,1774985817058685736,0.289927863,289,9.884229,0.6977269986236934,42.82102085677352,0.6906616267221536,-0.6906616267221536,0.004730343818664551,-0.008528861217200756,0.019554659724235535,0.010719993151724339,-0.001103207003325224,0.009488916024565697,0.9944290841067677,-0.10540616332634478,-0.000696408013923123,0.10540656514686475,0.9944291232335182,0.0005678536225535561,0.0006326731346874156,-0.0006380960453946918,0.9999995962790162,-0.00037248735316097736,0.0003167395479977131,-0.0005765886744484305,0.004730343818664551,-0.008528861217200756,0.019554659724235535,0.010719993151724339,-0.001103207003325224,0.009488916024565697,0.9944290841067677,-0.10540616332634478,-0.000696408013923123,0.10540656514686475,0.9944291232335182,0.0005678536225535561,0.0006326731346874156,-0.0006380960453946918,0.9999995962790162,-0.00037248735316097736,0.0003167395479977131,-0.0005765886744484305,42.82102085677352,-0.00262049823817925,-0.004357138722412965,8.591325116095597e-05,42.82102085677352,-0.00262049823817925,-0.004357138722412965,8.591325116095597e-05,0.003045808058232069,0.0019735959358513355,0.03436318039894104,0.0,0.0,0.0,0.9944291162493704,-0.10540746062540508,0.0,0.10540746062540508,0.9944291162493704,0.0,0.0,0.0,1.0,0.0,0.0,0.0
30,1774985817068758227,0.300000354,300,10.072491,0.33260599957429804,42.82750478477793,0.6907662062060956,-0.6907662062060956,0.004811455029994249,-0.00866618286818266,0.019364729523658752,0.010725370608270168,-0.001194830285385251,0.009399466216564178,0.9944287472532438,-0.10540935375974692,-0.0007007609337540133,0.10540976219912168,0.9944287852725551,0.0005738851127559952,0.0006363639808346921,-0.0006445548020261593,0.9999995897949404,-9.084216435439885e-05,-0.00015288357099052519,0.00011055584764108062,0.004811455029994249,-0.00866618286818266,0.019364729523658752,0.010725370608270168,-0.001194830285385251,0.009399466216564178,0.9944287472532438,-0.10540935375974692,-0.0007007609337540133,0.10540976219912168,0.9944287852725551,0.0005738851127559952,0.0006363639808346921,-0.0006445548020261593,0.9999995897949404,-9.084216435439885e-05,-0.00015288357099052519,0.00011055584764108062,42.82750478477793,-0.0027403481359330756,-0.004265310147753603,-1.4583010984878283e-05,42.82750478477793,-0.0027403481359330756,-0.004265310147753603,-1.4583010984878283e-05,0.003045808058232069,0.0019735959358513355,0.03436318039894104,0.0,0.0,0.0,0.9944291162493704,-0.10540746062540508,0.0,0.10540746062540508,0.9944291162493704,0.0,0.0,0.0,1.0,0.0,0.0,0.0
