step,timestamp_ns,experiment_time_s,reference_index,tick_dt_ms,solver_ms,px4_collective_command_newton,px4_collective_normalized,px4_thrust_body_z,state_raw_0,state_raw_1,state_raw_2,state_raw_3,state_raw_4,state_raw_5,state_raw_6,state_raw_7,state_raw_8,state_raw_9,state_raw_10,state_raw_11,state_raw_12,state_raw_13,state_raw_14,state_raw_15,state_raw_16,state_raw_17,state_used_0,state_used_1,state_used_2,state_used_3,state_used_4,state_used_5,state_used_6,state_used_7,state_used_8,state_used_9,state_used_10,state_used_11,state_used_12,state_used_13,state_used_14,state_used_15,state_used_16,state_used_17,control_raw_0,control_raw_1,control_raw_2,control_raw_3,control_used_0,control_used_1,control_used_2,control_used_3,reference_0,reference_1,reference_2,reference_3,reference_4,reference_5,reference_6,reference_7,reference_8,reference_9,reference_10,reference_11,reference_12,reference_13,reference_14,reference_15,reference_16,reference_17
0,1775067996151447050,0.0,0,0.0,0.5333549997885711,43.04454501975583,0.6942668551573521,-0.6942668551573521,0.025748562067747116,0.049205563962459564,-0.04861532151699066,0.007087215315550566,-0.0014120892155915499,-0.027885006740689278,0.9945560426095978,-0.10420183437270447,0.000517451874197702,0.10420154588214059,0.9945560518393579,0.0005563450549808584,-0.0005726070621912078,-0.0004993970510937394,0.9999997113618287,0.0004617416125256568,-0.00078210310311988,0.0005498262471519411,0.025748562067747116,0.049205563962459564,-0.04861532151699066,0.007087215315550566,-0.0014120892155915499,-0.027885006740689278,0.9945560426095978,-0.10420183437270447,0.000517451874197702,0.10420154588214059,0.9945560518393579,0.0005563450549808584,-0.0005726070621912078,-0.0004993970510937394,0.9999997113618287,0.0004617416125256568,-0.00078210310311988,0.0005498262471519411,43.04454501975583,-0.0014333305705749508,0.00014882043567582368,-6.531508013448106e-05,43.04454501975583,-0.0014333305705749508,0.00014882043567582368,-6.531508013448106e-05,0.02645079232752323,0.04747840017080307,-0.044180840253829956,0.0,0.0,0.0,0.9945584057546477,-0.10418050461949979,0.0,0.10418050461949979,0.9945584057546477,0.0,0.0,0.0,1.0,0.0,0.0,0.0
1,1775067996161424250,0.0099772,9,9.9772,0.44650899872067384,43.05152228709663,0.6943793917273651,-0.6943793917273651,0.025703029707074165,0.04934968426823616,-0.04892107844352722,0.00700164632871747,-0.0012457157718017697,-0.027841398492455482,0.9945558276244432,-0.10420431554176446,0.0005247188980020236,0.10420402617075175,0.994555843393537,0.0005516074128091504,-0.0005793420632421929,-0.0004939265467098742,0.9999997101996424,0.0005751650896854699,-0.0005545755848288536,-0.000665855361148715,0.025703029707074165,0.04934968426823616,-0.04892107844352722,0.00700164632871747,-0.0012457157718017697,-0.027841398492455482,0.9945558276244432,-0.10420431554176446,0.0005247188980020236,0.10420402617075175,0.994555843393537,0.0005516074128091504,-0.0005793420632421929,-0.0004939265467098742,0.9999997101996424,0.0005751650896854699,-0.0005545755848288536,-0.000665855361148715,43.05152228709663,-0.0014007800641580635,0.00013861247322949696,0.00011901698347164661,43.05152228709663,-0.0014007800641580635,0.00013861247322949696,0.00011901698347164661,0.02645079232752323,0.04747840017080307,-0.044180840253829956,0.0,0.0,0.0,0.9945584057546477,-0.10418050461949979,0.0,0.10418050461949979,0.9945584057546477,0.0,0.0,0.0,1.0,0.0,0.0,0.0
2,1775067996171495588,0.020048538,20,10.071338,0.4313530007493682,43.05594347506496,0.6944507012107252,-0.6944507012107252,0.025683622807264328,0.04942107945680618,-0.04907664656639099,0.006962709594517946,-0.0011446422431617975,-0.02787601947784424,0.994555871600508,-0.1042034263394116,0.0005217862520522662,0.10420314040609102,0.9945558873744206,0.000548156179869455,-0.0005760653369396977,-0.0004908001812717452,0.9999997136319149,0.0006173296715132892,-4.129605076741427e-05,0.0012703086249530315,0.025683622807264328,0.04942107945680618,-0.04907664656639099,0.006962709594517946,-0.0011446422431617975,-0.02787601947784424,0.994555871600508,-0.1042034263394116,0.0005217862520522662,0.10420314040609102,0.9945558873744206,0.000548156179869455,-0.0005760653369396977,-0.0004908001812717452,0.9999997136319149,0.0006173296715132892,-4.129605076741427e-05,0.0012703086249530315,43.05594347506496,-0.0013745898989849922,1.632906641940001e-05,-0.00017212309446619031,43.05594347506496,-0.0013745898989849922,1.632906641940001e-05,-0.00017212309446619031,0.02645079232752323,0.04747840017080307,-0.044180840253829956,0.0,0.0,0.0,0.9945584057546477,-0.10418050461949979,0.0,0.10418050461949979,0.9945584057546477,0.0,0.0,0.0,1.0,0.0,0.0,0.0
3,1775067996181371205,0.029924155,29,9.875617,0.44356100261211395,43.06053370795584,0.6945247372250942,-0.6945247372250942,0.025666510686278343,0.04949188232421875,-0.04923437535762787,0.0069605084136128426,-0.001068043289706111,-0.02791941910982132,0.9945560472020604,-0.10420165209604892,0.0005212952760057701,0.10420136892936194,0.9945560648379298,0.000543766346414001,-0.0005751187365221639,-0.0004864864265110725,0.999999716284656,-6.872804078739136e-05,-0.00047071135486476123,0.0001631629711482674,0.025666510686278343,0.04949188232421875,-0.04923437535762787,0.0069605084136128426,-0.001068043289706111,-0.02791941910982132,0.9945560472020604,-0.10420165209604892,0.0005212952760057701,0.10420136892936194,0.9945560648379298,0.000543766346414001,-0.0005751187365221639,-0.0004864864265110725,0.999999716284656,-6.872804078739136e-05,-0.00047071135486476123,0.0001631629711482674,43.06053370795584,-0.0011681632696420691,0.00012776030120352434,-7.481670551865907e-06,43.06053370795584,-0.0011681632696420691,0.00012776030120352434,-7.481670551865907e-06,0.02645079232752323,0.04747840017080307,-0.044180840253829956,0.0,0.0,0.0,0.9945584057546477,-0.10418050461949979,0.0,0.10418050461949979,0.9945584057546477,0.0,0.0,0.0,1.0,0.0,0.0,0.0
4,1775067996191452742,0.040005692,40,10.081537,0.3598889998102095,43.06463381871379,0.6945908680437708,-0.6945908680437708,0.025637108832597733,0.04953411594033241,-0.04938337206840515,0.006974442396312952,-0.0011000065132975578,-0.027940180152654648,0.9945565315346316,-0.10419722006063381,0.0005210777777783055,0.10419694019094217,0.9945565517308053,0.0005382125788757085,-0.0005743215589664997,-0.000480988126111973,0.9999997194025487,-0.0004265134921297431,0.00011297466699033976,0.0006766885635443032,0.025637108832597733,0.04953411594033241,-0.04938337206840515,0.006974442396312952,-0.0011000065132975578,-0.027940180152654648,0.9945565315346316,-0.10419722006063381,0.0005210777777783055,0.10419694019094217,0.9945565517308053,0.0005382125788757085,-0.0005743215589664997,-0.000480988126111973,0.9999997194025487,-0.0004265134921297431,0.00011297466699033976,0.0006766885635443032,43.06463381871379,-0.0010660559868181686,-1.7796371410047124e-05,-8.807721344086403e-05,43.06463381871379,-0.0010660559868181686,-1.7796371410047124e-05,-8.807721344086403e-05,0.02645079232752323,0.04747840017080307,-0.044180840253829956,0.0,0.0,0.0,0.9945584057546477,-0.10418050461949979,0.0,0.10418050461949979,0.9945584057546477,0.0,0.0,0.0,1.0,0.0,0.0,0.0
5,1775067996201365283,0.049918233,49,9.912541,0.46672800090163946,43.071760147995825,0.6947058088386423,-0.6947058088386423,0.025586050003767014,0.0496172197163105,-0.04966305196285248,0.006921233609318733,-0.000960041768848896,-0.027952995151281357,0.994556118754594,-0.10420182000207712,0.0005298112730252706,0.104201546868115,0.9945561528476724,0.000519429512873257,-0.0005810524756595407,-0.0004613946514626342,0.9999997247464818,-0.0003023142635356635,-0.0007311886874958873,-0.0005753223085775971,0.025586050003767014,0.0496172197163105,-0.04966305196285248,0.006921233609318733,-0.000960041768848896,-0.027952995151281357,0.994556118754594,-0.10420182000207712,0.0005298112730252706,0.104201546868115,0.9945561528476724,0.000519429512873257,-0.0005810524756595407,-0.0004613946514626342,0.9999997247464818,-0.0003023142635356635,-0.0007311886874958873,-0.0005753223085775971,43.071760147995825,-0.0010134765411375587,0.00023635905292978542,0.00010340977312010838,43.071760147995825,-0.0010134765411375587,0.00023635905292978542,0.00010340977312010838,0.02645079232752323,0.04747840017080307,-0.044180840253829956,0.0,0.0,0.0,0.9945584057546477,-0.10418050461949979,0.0,0.10418050461949979,0.9945584057546477,0.0,0.0,0.0,1.0,0.0,0.0,0.0
6,1775067996211441780,0.05999473,59,10.076497,0.4108749999431893,43.07616644787896,0.6947768781915962,-0.6947768781915962,0.025564253330230713,0.04965890198945999,-0.04980650544166565,0.006905390415340662,-0.0008899358217604458,-0.02800573781132698,0.9945561165899558,-0.10420182146959278,0.0005353769179863022,0.10420154714718799,0.9945561550123106,0.0005170800099496419,-0.0005863430003426174,-0.00045847798960391845,0.9999997229998931,0.0004282174340914935,-0.0006174463778734207,-0.0006747387233190238,0.025564253330230713,0.04965890198945999,-0.04980650544166565,0.006905390415340662,-0.0008899358217604458,-0.02800573781132698,0.9945561165899558,-0.10420182146959278,0.0005353769179863022,0.10420154714718799,0.9945561550123106,0.0005170800099496419,-0.0005863430003426174,-0.00045847798960391845,0.9999997229998931,0.0004282174340914935,-0.0006174463778734207,-0.0006747387233190238,43.07616644787896,-0.0011716052533328905,0.00022991733184146308,0.00011831739211159761,43.07616644787896,-0.0011716052533328905,0.00022991733184146308,0.00011831739211159761,0.02645079232752323,0.04747840017080307,-0.044180840253829956,0.0,0.0,0.0,0.9945584057546477,-0.10418050461949979,0.0,0.10418050461949979,0.9945584057546477,0.0,0.0,0.0,1.0,0.0,0.0,0.0
7,1775067996221478085,0.070031035,70,10.036305,0.43689700032700785,43.085046774584974,0.6949201092674996,-0.6949201092674996,0.02549038454890251,0.04969475418329239,-0.050097331404685974,0.006804392207413912,-0.0008278067107312381,-0.02813085913658142,0.9945546294023001,-0.10421563762047392,0.0005416625040790103,0.10421536576037949,0.9945546756230516,0.0005080592368614514,-0.0005916606418761997,-0.0004488431143952502,0.9999997242387466,-0.000532770121935755,-0.0006164442747831345,-9.265393600799143e-05,0.02549038454890251,0.04969475418329239,-0.050097331404685974,0.006804392207413912,-0.0008278067107312381,-0.02813085913658142,0.9945546294023001,-0.10421563762047392,0.0005416625040790103,0.10421536576037949,0.9945546756230516,0.0005080592368614514,-0.0005916606418761997,-0.0004488431143952502,0.9999997242387466,-0.000532770121935755,-0.0006164442747831345,-9.265393600799143e-05,43.085046774584974,-0.0008950053010410438,0.0002768940350904932,4.211709563558246e-05,43.085046774584974,-0.0008950053010410438,0.0002768940350904932,4.211709563558246e-05,0.02645079232752323,0.04747840017080307,-0.044180840253829956,0.0,0.0,0.0,0.9945584057546477,-0.10418050461949979,0.0,0.10418050461949979,0.9945584057546477,0.0,0.0,0.0,1.0,0.0,0.0,0.0
8,1775067996231423210,0.07997616,79,9.945125,0.3920300005120225,43.09011554574811,0.6950018636410986,-0.6950018636410986,0.025457240641117096,0.0497129000723362,-0.050246745347976685,0.006808459758758545,-0.0008125916356220841,-0.028222106397151947,0.9945548611917356,-0.10421279805423311,0.0005324685627832557,0.10421253092678073,0.994554902478237,0.0005070261566405508,-0.000582407852391766,-0.00044877543085887093,0.999999729700812,0.0008374849567189813,0.001242204918526113,0.00018599146278575063,0.025457240641117096,0.0497129000723362,-0.050246745347976685,0.006808459758758545,-0.0008125916356220841,-0.028222106397151947,0.9945548611917356,-0.10421279805423311,0.0005324685627832557,0.10421253092678073,0.994554902478237,0.0005070261566405508,-0.000582407852391766,-0.00044877543085887093,0.999999729700812,0.0008374849567189813,0.001242204918526113,0.00018599146278575063,43.09011554574811,-0.0012300387128184645,-0.00020672374069637207,-1.9553759157850555e-06,43.09011554574811,-0.0012300387128184645,-0.00020672374069637207,-1.9553759157850555e-06,0.02645079232752323,0.04747840017080307,-0.044180840253829956,0.0,0.0,0.0,0.9945584057546477,-0.10418050461949979,0.0,0.10418050461949979,0.9945584057546477,0.0,0.0,0.0,1.0,0.0,0.0,0.0
9,1775067996241371972,0.089924922,89,9.948762,0.5034399982832838,43.095012433643085,0.6950808457039207,-0.6950808457039207,0.025426818057894707,0.04973095282912254,-0.05039900541305542,0.006799673195928335,-0.0007850649417378008,-0.028294319286942482,0.9945544927326816,-0.10421669025014446,0.000523562092478576,0.10421642802448505,0.9945545295773789,0.0005054558826302622,-0.0005733879742791383,-0.000448139648902157,0.9999997351985117,-0.0005762616638094187,0.0010935092577710748,-0.0005564949824474752,0.025426818057894707,0.04973095282912254,-0.05039900541305542,0.006799673195928335,-0.0007850649417378008,-0.028294319286942482,0.9945544927326816,-0.10421669025014446,0.000523562092478576,0.10421642802448505,0.9945545295773789,0.0005054558826302622,-0.0005733879742791383,-0.000448139648902157,0.9999997351985117,-0.0005762616638094187,0.0010935092577710748,-0.0005564949824474752,43.095012433643085,-0.0008655536300031606,-0.00018529937071031983,0.00011254152984986203,43.095012433643085,-0.0008655536300031606,-0.00018529937071031983,0.00011254152984986203,0.02645079232752323,0.04747840017080307,-0.044180840253829956,0.0,0.0,0.0,0.9945584057546477,-0.10418050461949979,0.0,0.10418050461949979,0.9945584057546477,0.0,0.0,0.0,1.0,0.0,0.0,0.0
10,1775067996251387871,0.099940821,99,10.015899,0.429188999987673,43.09955241565296,0.695154071220209,-0.695154071220209,0.025380143895745277,0.04973404109477997,-0.05054067075252533,0.006753407418727875,-0.0006839075940661132,-0.028357800096273422,0.9945543230664002,-0.10421827956717555,0.0005231929431577978,0.10421802272846059,0.9945543637458014,0.0004963361880220018,-0.0005720711161790587,-0.000439107168404225,0.9999997399597355,-0.0007123284740373492,-0.00034278695238754153,-0.00039343140088021755,0.025380143895745277,0.04973404109477997,-0.05054067075252533,0.006753407418727875,-0.0006839075940661132,-0.028357800096273422,0.9945543230664002,-0.10421827956717555,0.0005231929431577978,0.10421802272846059,0.9945543637458014,0.0004963361880220018,-0.0005720711161790587,-0.000439107168404225,0.9999997399597355,-0.0007123284740373492,-0.00034278695238754153,-0.00039343140088021755,43.09955241565296,-0.0007896577418711335,0.0001902566399701983,8.935891182198357e-05,43.09955241565296,-0.0007896577418711335,0.0001902566399701983,8.935891182198357e-05,0.02645079232752323,0.04747840017080307,-0.044180840253829956,0.0,0.0,0.0,0.9945584057546477,-0.10418050461949979,0.0,0.10418050461949979,0.9945584057546477,0.0,0.0,0.0,1.0,0.0,0.0,0.0
11,1775067996261404930,0.10995788,109,10.017059,0.4572729994833935,43.10762135383538,0.6952842153844415,-0.6952842153844415,0.02529437281191349,0.04974254220724106,-0.050831884145736694,0.0066568125039339066,-0.0005766609101556242,-0.028416981920599937,0.9945543481108655,-0.10421773581236393,0.0005155005147666524,0.10421749157440363,0.9945543914827101,0.0004799763233120022,-0.0005627153683652394,-0.0004236383668535749,0.9999997519409382,-0.00021799597016070038,0.00030443695141002536,0.0002964475133921951,0.02529437281191349,0.04974254220724106,-0.050831884145736694,0.0066568125039339066,-0.0005766609101556242,-0.028416981920599937,0.9945543481108655,-0.10421773581236393,0.0005155005147666524,0.10421749157440363,0.9945543914827101,0.0004799763233120022,-0.0005627153683652394,-0.0004236383668535749,0.9999997519409382,-0.00021799597016070038,0.00030443695141002536,0.0002964475133921951,43.10762135383538,-0.0008530058472158888,4.190403650803797e-05,-1.4561319884354541e-05,43.10762135383538,-0.0008530058472158888,4.190403650803797e-05,-1.4561319884354541e-05,0.02645079232752323,0.04747840017080307,-0.044180840253829956,0.0,0.0,0.0,0.9945584057546477,-0.10418050461949979,0.0,0.10418050461949979,0.9945584057546477,0.0,0.0,0.0,1.0,0.0,0.0,0.0
12,1775067996271436130,0.11998908,119,10.0312,0.41885600148816593,43.111484185117526,0.6953465191147988,-0.6953465191147988,0.025255102664232254,0.049747664481401443,-0.05098126828670502,0.006573757156729698,-0.0004992057220079005,-0.028412513434886932,0.9945537406864675,-0.10422464143390364,0.0005095692300154699,0.10422440039949543,0.9945537812638632,0.00047873933362468576,-0.000556690356152089,-0.00042302245461113205,0.9999997555739151,0.000373208022210747,0.0006235475302673876,-0.0012298707151785493,0.025255102664232254,0.049747664481401443,-0.05098126828670502,0.006573757156729698,-0.0004992057220079005,-0.028412513434886932,0.9945537406864675,-0.10422464143390364,0.0005095692300154699,0.10422440039949543,0.9945537812638632,0.00047873933362468576,-0.000556690356152089,-0.00042302245461113205,0.9999997555739151,0.000373208022210747,0.0006235475302673876,-0.0012298707151785493,43.111484185117526,-0.0009838845271559374,-2.933189211246274e-05,0.0002199301549739643,43.111484185117526,-0.0009838845271559374,-2.933189211246274e-05,0.0002199301549739643,0.02645079232752323,0.04747840017080307,-0.044180840253829956,0.0,0.0,0.0,0.9945584057546477,-0.10418050461949979,0.0,0.10418050461949979,0.9945584057546477,0.0,0.0,0.0,1.0,0.0,0.0,0.0
13,1775067996281380669,0.129933619,129,9.944539,0.3261919991928153,43.11565382093443,0.6954137713053941,-0.6954137713053941,0.025201477110385895,0.04974234104156494,-0.05112467706203461,0.006486993748694658,-0.0004998712101951241,-0.028442243114113808,0.9945536369053274,-0.10422676520034835,0.0005039060254887404,0.10422652598860194,0.9945536739041598,0.0004797822647603458,-0.0005511675513921364,-0.0004246488365636039,0.9999997579438635,-0.00011999786511296406,0.0006905276095494628,-4.896679820376448e-05,0.025201477110385895,0.04974234104156494,-0.05112467706203461,0.006486993748694658,-0.0004998712101951241,-0.028442243114113808,0.9945536369053274,-0.10422676520034835,0.0005039060254887404,0.10422652598860194,0.9945536739041598,0.0004797822647603458,-0.0005511675513921364,-0.0004246488365636039,0.9999997579438635,-0.00011999786511296406,0.0006905276095494628,-4.896679820376448e-05,43.11565382093443,-0.0008665014143471607,-3.61493883948668e-05,4.449266757762317e-05,43.11565382093443,-0.0008665014143471607,-3.61493883948668e-05,4.449266757762317e-05,0.02645079232752323,0.04747840017080307,-0.044180840253829956,0.0,0.0,0.0,0.9945584057546477,-0.10418050461949979,0.0,0.10418050461949979,0.9945584057546477,0.0,0.0,0.0,1.0,0.0,0.0,0.0
14,1775067996291426698,0.139979648,139,10.046029,0.4457400027604308,43.119610969453554,0.695477596281509,-0.695477596281509,0.025150099769234657,0.049737151712179184,-0.05127061903476715,0.006401022430509329,-0.0005149784265086055,-0.02845013700425625,0.9945536289894334,-0.1042251663202296,0.0004967274395694284,0.10422493139521061,0.9945536630208835,0.00047751028852133746,-0.0005437906592920764,-0.00042313820878244965,0.999999762622865,-0.00022833369439467788,0.001118294196203351,4.287459887564182e-05,0.025150099769234657,0.049737151712179184,-0.05127061903476715,0.006401022430509329,-0.0005149784265086055,-0.02845013700425625,0.9945536289894334,-0.1042251663202296,0.0004967274395694284,0.10422493139521061,0.9945536630208835,0.00047751028852133746,-0.0005437906592920764,-0.00042313820878244965,0.999999762622865,-0.00022833369439467788,0.001118294196203351,4.287459887564182e-05,43.119610969453554,-0.0008399140295794481,-0.00013767897803372976,2.9445912303088912e-05,43.119610969453554,-0.0008399140295794481,-0.00013767897803372976,2.9445912303088912e-05,0.02645079232752323,0.04747840017080307,-0.044180840253829956,0.0,0.0,0.0,0.9945584057546477,-0.10418050461949979,0.0,0.10418050461949979,0.9945584057546477,0.0,0.0,0.0,1.0,0.0,0.0,0.0
15,1775067996301311600,0.14986455,149,9.884902,0.3254269977333024,43.12819503786821,0.6956160489978743,-0.6956160489978743,0.025055043399333954,0.0497281514108181,-0.05157008767127991,0.006288641132414341,-0.00044741237070411444,-0.02853121981024742,0.9945548648465382,-0.10421454320661216,0.000503478053739053,0.10421430216188576,0.9945549000472448,0.00048343840253189463,-0.0005511177354320987,-0.0004283364114007239,0.999999756398584,0.0007061060750856996,-9.615361341275275e-05,0.0004731541848741472,0.025055043399333954,0.0497281514108181,-0.05157008767127991,0.006288641132414341,-0.00044741237070411444,-0.02853121981024742,0.9945548648465382,-0.10421454320661216,0.000503478053739053,0.10421430216188576,0.9945549000472448,0.00048343840253189463,-0.0005511177354320987,-0.0004283364114007239,0.999999756398584,0.0007061060750856996,-9.615361341275275e-05,0.0004731541848741472,43.12819503786821,-0.0010796247522050204,0.00021868701254556093,-4.3655961678670455e-05,43.12819503786821,-0.0010796247522050204,0.00021868701254556093,-4.3655961678670455e-05,0.02645079232752323,0.04747840017080307,-0.044180840253829956,0.0,0.0,0.0,0.9945584057546477,-0.10418050461949979,0.0,0.10418050461949979,0.9945584057546477,0.0,0.0,0.0,1.0,0.0,0.0,0.0
16,1775067996311414064,0.159967014,159,10.102464,0.3649870013759937,43.13252266448803,0.6956858494272262,-0.6956858494272262,0.024981895461678505,0.04971596226096153,-0.051705121994018555,0.006149002350866795,-0.00041992709157057106,-0.028585657477378845,0.9945557217961345,-0.10420621512307715,0.0005004719884556163,0.10420597584152524,0.9945557557140581,0.00048257104571834556,-0.0005480340731263147,-0.0004277916316233843,0.9999997583264876,-0.0005384215037338436,0.0009473952231928706,0.0006215940811671317,0.024981895461678505,0.04971596226096153,-0.051705121994018555,0.006149002350866795,-0.00041992709157057106,-0.028585657477378845,0.9945557217961345,-0.10420621512307715,0.0005004719884556163,0.10420597584152524,0.9945557557140581,0.00048257104571834556,-0.0005480340731263147,-0.0004277916316233843,0.9999997583264876,-0.0005384215037338436,0.0009473952231928706,0.0006215940811671317,43.13252266448803,-0.0007662414235828765,-1.2063014092702363e-05,-7.262210807848636e-05,43.13252266448803,-0.0007662414235828765,-1.2063014092702363e-05,-7.262210807848636e-05,0.02645079232752323,0.04747840017080307,-0.044180840253829956,0.0,0.0,0.0,0.9945584057546477,-0.10418050461949979,0.0,0.10418050461949979,0.9945584057546477,0.0,0.0,0.0,1.0,0.0,0.0,0.0
17,1775067996321457513,0.170010463,170,10.043449,0.31309499900089577,43.13704405566706,0.6957587750914043,-0.6957587750914043,0.02491139806807041,0.04970433935523033,-0.051843270659446716,0.006131984293460846,-0.00041263303137384355,-0.028648873791098595,0.9945563668498831,-0.10420036715299696,0.0004977185895015009,0.10420012971907333,0.9945563997861431,0.00048134305394427306,-0.0005451651775361544,-0.0004268604679725403,0.9999997602925422,0.000161638468853198,0.00030528087518177927,0.0002661474281921983,0.02491139806807041,0.04970433935523033,-0.051843270659446716,0.006131984293460846,-0.00041263303137384355,-0.028648873791098595,0.9945563668498831,-0.10420036715299696,0.0004977185895015009,0.10420012971907333,0.9945563997861431,0.00048134305394427306,-0.0005451651775361544,-0.0004268604679725403,0.9999997602925422,0.000161638468853198,0.00030528087518177927,0.0002661474281921983,43.13704405566706,-0.0009395268070315427,0.00015388809172221736,-2.4010201905799495e-05,43.13704405566706,-0.0009395268070315427,0.00015388809172221736,-2.4010201905799495e-05,0.02645079232752323,0.04747840017080307,-0.044180840253829956,0.0,0.0,0.0,0.9945584057546477,-0.10418050461949979,0.0,0.10418050461949979,0.9945584057546477,0.0,0.0,0.0,1.0,0.0,0.0,0.0
18,1775067996331406331,0.179959281,179,9.948818,0.28311799906077795,43.14093691039814,0.6958215630709377,-0.6958215630709377,0.024843936786055565,0.04969317093491554,-0.05198436975479126,0.006105925887823105,-0.0003941518079955131,-0.028658142313361168,0.9945561528214962,-0.1042010806908249,0.0005057117171149436,0.10420083854982543,0.9945561891446805,0.00048369006811932436,-0.0005533597168463913,-0.00042836135049313575,0.9999997551497655,0.00012591171253006905,-0.0012791902991011739,-0.0005934628425166011,0.024843936786055565,0.04969317093491554,-0.05198436975479126,0.006105925887823105,-0.0003941518079955131,-0.028658142313361168,0.9945561528214962,-0.1042010806908249,0.0005057117171149436,0.10420083854982543,0.9945561891446805,0.00048369006811932436,-0.0005533597168463913,-0.00042836135049313575,0.9999997551497655,0.00012591171253006905,-0.0012791902991011739,-0.0005934628425166011,43.14093691039814,-0.0009355817612157827,0.0005839802082519269,0.0001055134226507586,43.14093691039814,-0.0009355817612157827,0.0005839802082519269,0.0001055134226507586,0.02645079232752323,0.04747840017080307,-0.044180840253829956,0.0,0.0,0.0,0.9945584057546477,-0.10418050461949979,0.0,0.10418050461949979,0.9945584057546477,0.0,0.0,0.0,1.0,0.0,0.0,0.0
19,1775067996341405416,0.189958366,189,9.999085,0.29859799906262197,43.14519632058852,0.6958902632352987,-0.6958902632352987,0.024779314175248146,0.04968278855085373,-0.0521281361579895,0.006054314319044352,-0.00031871319515630603,-0.028689930215477943,0.9945560962976271,-0.10420214468350308,0.0005146242828515642,0.10420190207826141,0.9945561401225137,0.00047772943067336685,-0.0005616030866833223,-0.0004215038961382809,0.999999753468209,-0.0008152230293489993,-0.0005221504834480584,-0.00017707754159346223,0.024779314175248146,0.04968278855085373,-0.0521281361579895,0.006054314319044352,-0.00031871319515630603,-0.028689930215477943,0.9945560962976271,-0.10420214468350308,0.0005146242828515642,0.10420190207826141,0.9945561401225137,0.00047772943067336685,-0.0005616030866833223,-0.0004215038961382809,0.999999753468209,-0.0008152230293489993,-0.0005221504834480584,-0.00017707754159346223,43.14519632058852,-0.000673593214672884,0.00043694211535002836,4.390362758990086e-05,43.14519632058852,-0.000673593214672884,0.00043694211535002836,4.390362758990086e-05,0.02645079232752323,0.04747840017080307,-0.044180840253829956,0.0,0.0,0.0,0.9945584057546477,-0.10418050461949979,0.0,0.10418050461949979,0.9945584057546477,0.0,0.0,0.0,1.0,0.0,0.0,0.0
20,1775067996351403456,0.199956406,199,9.99804,0.30934599999454804,43.1484344120394,0.6959424905167645,-0.6959424905167645,0.02469955012202263,0.04966744780540466,-0.05225439369678497,0.005932599771767855,-0.0002938677789643407,-0.02867489866912365,0.9945561577791022,-0.10420090647370261,0.0005164119218440035,0.10420066200589373,0.994556201777981,0.00047969784642304045,-0.0005635856079735692,-0.0004232759848734422,0.999999751604326,0.0001672336074989289,-9.872193913906813e-05,-0.0002506368618924171,0.02469955012202263,0.04966744780540466,-0.05225439369678497,0.005932599771767855,-0.0002938677789643407,-0.02867489866912365,0.9945561577791022,-0.10420090647370261,0.0005164119218440035,0.10420066200589373,0.994556201777981,0.00047969784642304045,-0.0005635856079735692,-0.0004232759848734422,0.999999751604326,0.0001672336074989289,-9.872193913906813e-05,-0.0002506368618924171,43.1484344120394,-0.000924700566217926,0.0003702826212053038,5.3943710128528783e-05,43.1484344120394,-0.000924700566217926,0.0003702826212053038,5.3943710128528783e-05,0.02645079232752323,0.04747840017080307,-0.044180840253829956,0.0,0.0,0.0,0.9945584057546477,-0.10418050461949979,0.0,0.10418050461949979,0.9945584057546477,0.0,0.0,0.0,1.0,0.0,0.0,0.0
21,1775067996361392492,0.209945442,209,9.989036,0.293637000140734,43.15580523951045,0.6960613748308137,-0.6960613748308137,0.024547409266233444,0.049638621509075165,-0.05251583456993103,0.005745354108512402,-0.00023614795645698905,-0.028728457167744637,0.9945563066312892,-0.10419967618697834,0.0005274345243078717,0.10419942208696908,0.9945563532144839,0.0004883463378514055,-0.0005754488402325928,-0.0004307295617898936,0.9999997416653165,0.0006258671055547893,-9.229473653249443e-05,-0.00016970670549198985,0.024547409266233444,0.049638621509075165,-0.05251583456993103,0.005745354108512402,-0.00023614795645698905,-0.028728457167744637,0.9945563066312892,-0.10419967618697834,0.0005274345243078717,0.10419942208696908,0.9945563532144839,0.0004883463378514055,-0.0005754488402325928,-0.0004307295617898936,0.9999997416653165,0.0006258671055547893,-9.229473653249443e-05,-0.00016970670549198985,43.15580523951045,-0.0010590102321370394,0.00045370583848036115,4.080600894273832e-05,43.15580523951045,-0.0010590102321370394,0.00045370583848036115,4.080600894273832e-05,0.02645079232752323,0.04747840017080307,-0.044180840253829956,0.0,0.0,0.0,0.9945584057546477,-0.10418050461949979,0.0,0.10418050461949979,0.9945584057546477,0.0,0.0,0.0,1.0,0.0,0.0,0.0
22,1775067996371442619,0.219995569,219,10.050127,0.3834409981209319,43.15884175249922,0.6961103508467616,-0.6961103508467616,0.02447507344186306,0.04962567612528801,-0.05263683199882507,0.005681294482201338,-0.00016908789984881878,-0.028705867007374763,0.9945563228028508,-0.10419932413178756,0.0005322566488913877,0.10419906802582735,0.9945563722242238,0.0004882258863221547,-0.0005802320193533054,-0.00043010749828540414,0.9999997391691451,-0.000311018229695037,-0.0002369418361922726,-5.186742055229843e-05,0.02447507344186306,0.04962567612528801,-0.05263683199882507,0.005681294482201338,-0.00016908789984881878,-0.028705867007374763,0.9945563228028508,-0.10419932413178756,0.0005322566488913877,0.10419906802582735,0.9945563722242238,0.0004882258863221547,-0.0005802320193533054,-0.00043010749828540414,0.9999997391691451,-0.000311018229695037,-0.0002369418361922726,-5.186742055229843e-05,43.15884175249922,-0.0008150051114138501,0.0005250704073822838,2.2845137260566044e-05,43.15884175249922,-0.0008150051114138501,0.0005250704073822838,2.2845137260566044e-05,0.02645079232752323,0.04747840017080307,-0.044180840253829956,0.0,0.0,0.0,0.9945584057546477,-0.10418050461949979,0.0,0.10418050461949979,0.9945584057546477,0.0,0.0,0.0,1.0,0.0,0.0,0.0
23,1775067996381390545,0.229943495,229,9.947926,0.3003250021720305,43.16471350031363,0.6962050564566715,-0.6962050564566715,0.024294424802064896,0.049591708928346634,-0.05282486975193024,0.005407988093793392,-0.00010175636998610571,-0.028777776286005974,0.9945565685075984,-0.10419791145095414,0.000539734097336644,0.10419765111319856,0.994556621549541,0.0004899588135806373,-0.0005878486765968031,-0.0004310527441700549,0.999999734313729,-0.0006967019289731979,0.000959638156928122,-0.0003240901278331876,0.024294424802064896,0.049591708928346634,-0.05282486975193024,0.005407988093793392,-0.00010175636998610571,-0.028777776286005974,0.9945565685075984,-0.10419791145095414,0.000539734097336644,0.10419765111319856,0.994556621549541,0.0004899588135806373,-0.0005878486765968031,-0.0004310527441700549,0.999999734313729,-0.0006967019289731979,0.000959638156928122,-0.0003240901278331876,43.16471350031363,-0.0007218511845671458,0.0003229304190144254,6.252558138398042e-05,43.16471350031363,-0.0007218511845671458,0.0003229304190144254,6.252558138398042e-05,0.02645079232752323,0.04747840017080307,-0.044180840253829956,0.0,0.0,0.0,0.9945584057546477,-0.10418050461949979,0.0,0.10418050461949979,0.9945584057546477,0.0,0.0,0.0,1.0,0.0,0.0,0.0
24,1775067996391438755,0.239991705,239,10.04821,0.44246899778954685,43.16744196844062,0.6962490640071067,-0.6962490640071067,0.0242078248411417,0.04957600310444832,-0.05292476713657379,0.0053467536345124245,-0.00010487025429029018,-0.02876906841993332,0.9945567774013548,-0.10419543328727743,0.0005470962708745281,0.10419517154577873,0.9945568360709294,0.0004869890233247416,-0.0005948602846564226,-0.00042733345315114357,0.9999997317636656,8.168270869646221e-05,-0.0009389315964654088,-6.664204556727782e-05,0.0242078248411417,0.04957600310444832,-0.05292476713657379,0.0053467536345124245,-0.00010487025429029018,-0.02876906841993332,0.9945567774013548,-0.10419543328727743,0.0005470962708745281,0.10419517154577873,0.9945568360709294,0.0004869890233247416,-0.0005948602846564226,-0.00042733345315114357,0.9999997317636656,8.168270869646221e-05,-0.0009389315964654088,-6.664204556727782e-05,43.16744196844062,-0.0009140288516411699,0.0008388380130413971,2.191852843292118e-05,43.16744196844062,-0.0009140288516411699,0.0008388380130413971,2.191852843292118e-05,0.02645079232752323,0.04747840017080307,-0.044180840253829956,0.0,0.0,0.0,0.9945584057546477,-0.10418050461949979,0.0,0.10418050461949979,0.9945584057546477,0.0,0.0,0.0,1.0,0.0,0.0,0.0
25,1775067996401358021,0.249910971,249,9.919266,0.32359400211134925,43.171298329701585,0.6963112633822837,-0.6963112633822837,0.02412380278110504,0.049561191350221634,-0.05302836000919342,0.005252587143331766,-3.5236043913755566e-05,-0.028840256854891777,0.9945573314957503,-0.10418959218430324,0.0005548241744050622,0.10418932586905849,0.9945573938865433,0.0004891031450391936,-0.000602763910248931,-0.0004286343657395053,0.9999997264740951,-0.00024116827989928424,-0.00018858838302548975,0.00031615179614163935,0.02412380278110504,0.049561191350221634,-0.05302836000919342,0.005252587143331766,-3.5236043913755566e-05,-0.028840256854891777,0.9945573314957503,-0.10418959218430324,0.0005548241744050622,0.10418932586905849,0.9945573938865433,0.0004891031450391936,-0.000602763910248931,-0.0004286343657395053,0.9999997264740951,-0.00024116827989928424,-0.00018858838302548975,0.00031615179614163935,43.171298329701585,-0.000829642300107746,0.0007012354021425434,-4.019897473703083e-05,43.171298329701585,-0.000829642300107746,0.0007012354021425434,-4.019897473703083e-05,0.02645079232752323,0.04747840017080307,-0.044180840253829956,0.0,0.0,0.0,0.9945584057546477,-0.10418050461949979,0.0,0.10418050461949979,0.9945584057546477,0.0,0.0,0.0,1.0,0.0,0.0,0.0
26,1775067996411371701,0.259924651,259,10.01368,0.37878800139878877,43.17390594341276,0.6963533216679478,-0.6963533216679478,0.024016980081796646,0.04953419789671898,-0.05310627818107605,0.005141542758792639,9.339297321275808e-06,-0.028861964121460915,0.9945573644230761,-0.10418888622811773,0.0005614567948393433,0.1041886177584721,0.9945574313148855,0.00048797672251903136,-0.0006092427836761551,-0.0004268234350761611,0.9999997233224535,-0.0001080303845810704,-0.0006162011995911598,7.947582344058901e-05,0.024016980081796646,0.04953419789671898,-0.05310627818107605,0.005141542758792639,9.339297321275808e-06,-0.028861964121460915,0.9945573644230761,-0.10418888622811773,0.0005614567948393433,0.1041886177584721,0.9945574313148855,0.00048797672251903136,-0.0006092427836761551,-0.0004268234350761611,0.9999997233224535,-0.0001080303845810704,-0.0006162011995911598,7.947582344058901e-05,43.17390594341276,-0.0008583157313786911,0.0008608938467099256,-5.265787160740126e-06,43.17390594341276,-0.0008583157313786911,0.0008608938467099256,-5.265787160740126e-06,0.02645079232752323,0.04747840017080307,-0.044180840253829956,0.0,0.0,0.0,0.9945584057546477,-0.10418050461949979,0.0,0.10418050461949979,0.9945584057546477,0.0,0.0,0.0,1.0,0.0,0.0,0.0
27,1775067996421440158,0.269993108,269,10.068457,0.3200860010110773,43.17632400117171,0.6963923225995436,-0.6963923225995436,0.023912914097309113,0.04950862005352974,-0.05318845808506012,0.005049679894000292,6.776970985811204e-05,-0.028860781341791153,0.9945575898260821,-0.10418783220859007,0.0005773256581728206,0.10418755586097905,0.9945576657489048,0.0004897648945565258,-0.0006252110818834905,-0.0004269492600002026,0.999999713412706,9.974097338272259e-05,-0.0010626240400597453,-0.0004198724636808038,0.023912914097309113,0.04950862005352974,-0.05318845808506012,0.005049679894000292,6.776970985811204e-05,-0.028860781341791153,0.9945575898260821,-0.10418783220859007,0.0005773256581728206,0.10418755586097905,0.9945576657489048,0.0004897648945565258,-0.0006252110818834905,-0.0004269492600002026,0.999999713412706,9.974097338272259e-05,-0.0010626240400597453,-0.0004198724636808038,43.17632400117171,-0.0009095223247645223,0.0010444723397133636,6.877191159248282e-05,43.17632400117171,-0.0009095223247645223,0.0010444723397133636,6.877191159248282e-05,0.02645079232752323,0.04747840017080307,-0.044180840253829956,0.0,0.0,0.0,0.9945584057546477,-0.10418050461949979,0.0,0.10418050461949979,0.9945584057546477,0.0,0.0,0.0,1.0,0.0,0.0,0.0
28,1775067996431332587,0.279885537,279,9.892429,0.44387899833964184,43.179113461884356,0.6964373139013605,-0.6964373139013605,0.023811696097254753,0.049484021961688995,-0.05327466130256653,0.004968300461769104,5.160117871128023e-05,-0.028881052508950233,0.9945582232176939,-0.10418040225437752,0.000588464713429061,0.10418011574679564,0.9945583025107687,0.0004982614090742743,-0.0006371715601029629,-0.0004342436570864156,0.9999997027223754,0.0010349940275773406,-0.0009401025017723441,0.0006289063021540642,0.023811696097254753,0.049484021961688995,-0.05327466130256653,0.004968300461769104,5.160117871128023e-05,-0.028881052508950233,0.9945582232176939,-0.10418040225437752,0.000588464713429061,0.10418011574679564,0.9945583025107687,0.0004982614090742743,-0.0006371715601029629,-0.0004342436570864156,0.9999997027223754,0.0010349940275773406,-0.0009401025017723441,0.0006289063021540642,43.179113461884356,-0.0011739972795204666,0.001069945599445624,-9.451574159661352e-05,43.179113461884356,-0.0011739972795204666,0.001069945599445624,-9.451574159661352e-05,0.02645079232752323,0.04747840017080307,-0.044180840253829956,0.0,0.0,0.0,0.9945584057546477,-0.10418050461949979,0.0,0.10418050461949979,0.9945584057546477,0.0,0.0,0.0,1.0,0.0,0.0,0.0
29,1775067996441391337,0.289944287,289,10.05875,0.4194249995634891,43.18048851558349,0.6964594921868305,-0.6964594921868305,0.023617224767804146,0.04943650960922241,-0.05336751043796539,0.004772707354277372,-3.89481101592537e-06,-0.028779562562704086,0.9945591984336674,-0.1041713766775536,0.0006042252287341964,0.10417108218135107,0.9945592871216987,0.0005000331754845913,-0.0006530269361420447,-0.0004343698013179898,0.9999996924393064,-8.991825598059222e-05,-0.0007925319951027632,0.0009574763244017959,0.023617224767804146,0.04943650960922241,-0.05336751043796539,0.004772707354277372,-3.89481101592537e-06,-0.028779562562704086,0.9945591984336674,-0.1041713766775536,0.0006042252287341964,0.10417108218135107,0.9945592871216987,0.0005000331754845913,-0.0006530269361420447,-0.0004343698013179898,0.9999996924393064,-8.991825598059222e-05,-0.0007925319951027632,0.0009574763244017959,43.18048851558349,-0.0009209007097828347,0.001134127456324106,-0.00015106577328134556,43.18048851558349,-0.0009209007097828347,0.001134127456324106,-0.00015106577328134556,0.02645079232752323,0.04747840017080307,-0.044180840253829956,0.0,0.0,0.0,0.9945584057546477,-0.10418050461949979,0.0,0.10418050461949979,0.9945584057546477,0.0,0.0,0.0,1.0,0.0,0.0,0.0
30,1775067996451350036,0.299902986,299,9.958699,0.3079879970755428,43.18143685835703,0.6964747880380167,-0.6964747880380167,0.0235104002058506,0.049394845962524414,-0.05339522659778595,0.004615673795342445,-1.2792627785529476e-05,-0.028764938935637474,0.9945598691319091,-0.10416500537468942,0.000608892120898024,0.10416470466951067,0.9945599580985018,0.0005063893852784969,-0.0006583277476587572,-0.0004402094968046187,0.9999996864100461,0.0007239101105369627,-9.458047134103253e-05,0.0004560542292892933,0.0235104002058506,0.049394845962524414,-0.05339522659778595,0.004615673795342445,-1.2792627785529476e-05,-0.028764938935637474,0.9945598691319091,-0.10416500537468942,0.000608892120898024,0.10416470466951067,0.9945599580985018,0.0005063893852784969,-0.0006583277476587572,-0.0004402094968046187,0.9999996864100461,0.0007239101105369627,-9.458047134103253e-05,0.0004560542292892933,43.18143685835703,-0.0011518947878852073,0.0010153010968134797,-8.098130801619369e-05,43.18143685835703,-0.0011518947878852073,0.0010153010968134797,-8.098130801619369e-05,0.02645079232752323,0.04747840017080307,-0.044180840253829956,0.0,0.0,0.0,0.9945584057546477,-0.10418050461949979,0.0,0.10418050461949979,0.9945584057546477,0.0,0.0,0.0,1.0,0.0,0.0,0.0
