step,timestamp_ns,experiment_time_s,reference_index,tick_dt_ms,solver_ms,px4_collective_command_newton,px4_collective_normalized,px4_thrust_body_z,state_raw_0,state_raw_1,state_raw_2,state_raw_3,state_raw_4,state_raw_5,state_raw_6,state_raw_7,state_raw_8,state_raw_9,state_raw_10,state_raw_11,state_raw_12,state_raw_13,state_raw_14,state_raw_15,state_raw_16,state_raw_17,state_used_0,state_used_1,state_used_2,state_used_3,state_used_4,state_used_5,state_used_6,state_used_7,state_used_8,state_used_9,state_used_10,state_used_11,state_used_12,state_used_13,state_used_14,state_used_15,state_used_16,state_used_17,control_raw_0,control_raw_1,control_raw_2,control_raw_3,control_used_0,control_used_1,control_used_2,control_used_3,reference_0,reference_1,reference_2,reference_3,reference_4,reference_5,reference_6,reference_7,reference_8,reference_9,reference_10,reference_11,reference_12,reference_13,reference_14,reference_15,reference_16,reference_17
0,1775071047260540708,0.0,0,0.0,0.42617299914127216,42.44714341942712,0.684631345474631,-0.684631345474631,-0.011534054763615131,-0.011790676973760128,0.008108526468276978,0.004003534093499184,-0.00396451260894537,0.009407487697899342,0.9946184175072874,-0.10360636185821104,0.0005085738748331929,0.1036062326545335,0.9946185231895539,0.0002742132528476158,-0.0005342471117352173,-0.0002200461719791937,0.9999998330798642,-0.0008840580121614039,0.0002557476982474327,0.0003156621241942048,-0.011534054763615131,-0.011790676973760128,0.008108526468276978,0.004003534093499184,-0.00396451260894537,0.009407487697899342,0.9946184175072874,-0.10360636185821104,0.0005085738748331929,0.1036062326545335,0.9946185231895539,0.0002742132528476158,-0.0005342471117352173,-0.0002200461719791937,0.9999998330798642,-0.0008840580121614039,0.0002557476982474327,0.0003156621241942048,42.44714341942712,-0.0010340480352756737,0.0008106184423463333,-0.00013976235729310437,42.44714341942712,-0.0010340480352756737,0.0008106184423463333,-0.00013976235729310437,-0.0077549172565341,-0.013380350545048714,0.007867544889450073,0.0,0.0,0.0,0.9946064026819543,-0.10372127912854787,0.0,0.10372127912854787,0.9946064026819543,0.0,0.0,0.0,1.0,0.0,0.0,0.0
1,1775071047270595469,0.010054761,10,10.054761,0.2977740005007945,42.45035429110971,0.6846831337275759,-0.6846831337275759,-0.011729464866220951,-0.011744147166609764,0.008012592792510986,0.003789156675338745,-0.0039109098725020885,0.00933612510561943,0.9946201142960933,-0.10358989238830008,0.0005148780466172082,0.10358976315554713,0.994620223912126,0.0002717004432841036,-0.0005402534263536513,-0.00021690267191132144,0.999999830539742,-5.526289533008821e-05,0.00018927556811831892,0.0007204376743175089,-0.011729464866220951,-0.011744147166609764,0.008012592792510986,0.003789156675338745,-0.0039109098725020885,0.00933612510561943,0.9946201142960933,-0.10358989238830008,0.0005148780466172082,0.10358976315554713,0.994620223912126,0.0002717004432841036,-0.0005402534263536513,-0.00021690267191132144,0.999999830539742,-5.526289533008821e-05,0.00018927556811831892,0.0007204376743175089,42.45035429110971,-0.0012252502241774587,0.0009132022076531896,-0.00021372983260102408,42.45035429110971,-0.0012252502241774587,0.0009132022076531896,-0.00021372983260102408,-0.0077549172565341,-0.013380350545048714,0.007867544889450073,0.0,0.0,0.0,0.9946064026819543,-0.10372127912854787,0.0,0.10372127912854787,0.9946064026819543,0.0,0.0,0.0,1.0,0.0,0.0,0.0
2,1775071047280602419,0.020061711,20,10.00695,0.3371299972059205,42.45932137981063,0.6848277641904941,-0.6848277641904941,-0.012133564800024033,-0.011674445122480392,0.00772760808467865,0.0033536404371261597,-0.0037768399342894554,0.00917033664882183,0.99462158493222,-0.10357431084936497,0.000536741291388837,0.10357418304254562,0.9946217088854881,0.0002607546626365309,-0.0005608620163279898,-0.0002037596785650908,0.9999998219578821,-0.0005633446271531284,-0.000311549985781312,0.0005687926895916462,-0.012133564800024033,-0.011674445122480392,0.00772760808467865,0.0033536404371261597,-0.0037768399342894554,0.00917033664882183,0.99462158493222,-0.10357431084936497,0.000536741291388837,0.10357418304254562,0.9946217088854881,0.0002607546626365309,-0.0005608620163279898,-0.0002037596785650908,0.9999998219578821,-0.0005633446271531284,-0.000311549985781312,0.0005687926895916462,42.45932137981063,-0.0010492417549115448,0.0012368233241839622,-0.00020351456268126428,42.45932137981063,-0.0010492417549115448,0.0012368233241839622,-0.00020351456268126428,-0.0077549172565341,-0.013380350545048714,0.007867544889450073,0.0,0.0,0.0,0.9946064026819543,-0.10372127912854787,0.0,0.10372127912854787,0.9946064026819543,0.0,0.0,0.0,1.0,0.0,0.0,0.0
3,1775071047290571992,0.030031284,30,9.969573,0.2924760046880692,42.46432052043279,0.6849083954908515,-0.6849083954908515,-0.012330830097198486,-0.011641072109341621,0.007596567273139954,0.003119932021945715,-0.003698998596519232,0.009027631022036076,0.9946226833678005,-0.10356457527514151,0.000546038912714937,0.10356444337862891,0.9946228117882974,0.00026460946749233896,-0.0005705068495148076,-0.000206636393556843,0.9999998159116676,0.0007257957477122545,0.00019472470739856362,6.197740731295198e-05,-0.012330830097198486,-0.011641072109341621,0.007596567273139954,0.003119932021945715,-0.003698998596519232,0.009027631022036076,0.9946226833678005,-0.10356457527514151,0.000546038912714937,0.10356444337862891,0.9946228117882974,0.00026460946749233896,-0.0005705068495148076,-0.000206636393556843,0.9999998159116676,0.0007257957477122545,0.00019472470739856362,6.197740731295198e-05,42.46432052043279,-0.001368596704194945,0.0012081695415614641,-0.00013533775902821785,42.46432052043279,-0.001368596704194945,0.0012081695415614641,-0.00013533775902821785,-0.0077549172565341,-0.013380350545048714,0.007867544889450073,0.0,0.0,0.0,0.9946064026819543,-0.10372127912854787,0.0,0.10372127912854787,0.9946064026819543,0.0,0.0,0.0,1.0,0.0,0.0,0.0
4,1775071047300599776,0.040059068,40,10.027784,0.2837790016201325,42.4688857538631,0.6849820282881145,-0.6849820282881145,-0.012525166384875774,-0.011608820408582687,0.007469162344932556,0.0029255065601319075,-0.0036481411661952734,0.008912118151783943,0.9946233779096735,-0.10355767071817068,0.0005491263149828528,0.10355753647089494,0.9946235074751565,0.0002675941131534002,-0.0005738853048105749,-0.000209289216452916,0.9999998134268362,0.00017785168893169612,0.0004240116977598518,-0.00021226814715191722,-0.012525166384875774,-0.011608820408582687,0.007469162344932556,0.0029255065601319075,-0.0036481411661952734,0.008912118151783943,0.9946233779096735,-0.10355767071817068,0.0005491263149828528,0.10355753647089494,0.9946235074751565,0.0002675941131534002,-0.0005738853048105749,-0.000209289216452916,0.9999998134268362,0.00017785168893169612,0.0004240116977598518,-0.00021226814715191722,42.4688857538631,-0.0012312819904595153,0.0012243002947691514,-9.975897998286137e-05,42.4688857538631,-0.0012312819904595153,0.0012243002947691514,-9.975897998286137e-05,-0.0077549172565341,-0.013380350545048714,0.007867544889450073,0.0,0.0,0.0,0.9946064026819543,-0.10372127912854787,0.0,0.10372127912854787,0.9946064026819543,0.0,0.0,0.0,1.0,0.0,0.0,0.0
5,1775071047310571173,0.050030465,50,9.971397,0.28629299777094275,42.47442216459492,0.6850713252354019,-0.6850713252354019,-0.012718944810330868,-0.01159689575433731,0.0073036253452301025,0.002733841771259904,-0.003607671009376645,0.008792565204203129,0.9946245969386707,-0.10354545410038729,0.0005615002844215214,0.10354531914860088,0.99462473434172,0.00026438779712867084,-0.0005858582006272135,-0.00020482589053594843,0.9999998074082488,-0.0007147073629312217,-0.0002578261191956699,0.0006279097869992256,-0.012718944810330868,-0.01159689575433731,0.0073036253452301025,0.002733841771259904,-0.003607671009376645,0.008792565204203129,0.9946245969386707,-0.10354545410038729,0.0005615002844215214,0.10354531914860088,0.99462473434172,0.00026438779712867084,-0.0005858582006272135,-0.00020482589053594843,0.9999998074082488,-0.0007147073629312217,-0.0002578261191956699,0.0006279097869992256,42.47442216459492,-0.0009969575142748709,0.0014903120879132007,-0.00023561189207533536,42.47442216459492,-0.0009969575142748709,0.0014903120879132007,-0.00023561189207533536,-0.0077549172565341,-0.013380350545048714,0.007867544889450073,0.0,0.0,0.0,0.9946064026819543,-0.10372127912854787,0.0,0.10372127912854787,0.9946064026819543,0.0,0.0,0.0,1.0,0.0,0.0,0.0
6,1775071047320600041,0.060059333,60,10.028868,0.2986149993375875,42.48021855178172,0.685164815351318,-0.685164815351318,-0.012909573502838612,-0.011585811153054237,0.007142499089241028,0.002549127209931612,-0.0035821429919451475,0.008645625784993172,0.9946251849103341,-0.1035406739137068,0.000568148975341333,0.10354053903052574,0.9946253267194002,0.00026197565325480204,-0.0005922203982237986,-0.000201741173307117,0.9999998042877527,-0.0003229949506931007,0.00028099113842472434,-0.000341863080393523,-0.012909573502838612,-0.011585811153054237,0.007142499089241028,0.002549127209931612,-0.0035821429919451475,0.008645625784993172,0.9946251849103341,-0.1035406739137068,0.000568148975341333,0.10354053903052574,0.9946253267194002,0.00026197565325480204,-0.0005922203982237986,-0.000201741173307117,0.9999998042877527,-0.0003229949506931007,0.00028099113842472434,-0.000341863080393523,42.48021855178172,-0.0010886245503977056,0.0014346356852455162,-9.400323947721214e-05,42.48021855178172,-0.0010886245503977056,0.0014346356852455162,-9.400323947721214e-05,-0.0077549172565341,-0.013380350545048714,0.007867544889450073,0.0,0.0,0.0,0.9946064026819543,-0.10372127912854787,0.0,0.10372127912854787,0.9946064026819543,0.0,0.0,0.0,1.0,0.0,0.0,0.0
7,1775071047330618113,0.070077405,70,10.018072,0.3231730006518774,42.485610559951844,0.6852517832250298,-0.6852517832250298,-0.013097450137138367,-0.01157579105347395,0.006985470652580261,0.0022856288123875856,-0.0035630925558507442,0.008522842079401016,0.9946253864370904,-0.10353837438948976,0.0005714809399508195,0.10353823676476037,0.9946255295189443,0.0002654497986695828,-0.0005958937025433431,-0.00020485300976549013,0.9999998014729664,0.00018150464165955782,0.0006782938726246357,-0.0003154158475808799,-0.013097450137138367,-0.01157579105347395,0.006985470652580261,0.0022856288123875856,-0.0035630925558507442,0.008522842079401016,0.9946253864370904,-0.10353837438948976,0.0005714809399508195,0.10353823676476037,0.9946255295189443,0.0002654497986695828,-0.0005958937025433431,-0.00020485300976549013,0.9999998014729664,0.00018150464165955782,0.0006782938726246357,-0.0003154158475808799,42.485610559951844,-0.0012262992533991644,0.001421578385395044,-9.982277313007902e-05,42.485610559951844,-0.0012262992533991644,0.001421578385395044,-9.982277313007902e-05,-0.0077549172565341,-0.013380350545048714,0.007867544889450073,0.0,0.0,0.0,0.9946064026819543,-0.10372127912854787,0.0,0.10372127912854787,0.9946064026819543,0.0,0.0,0.0,1.0,0.0,0.0,0.0
8,1775071047340555934,0.080015226,80,9.937821,0.28373799432301894,42.49626026222264,0.6854235526164942,-0.6854235526164942,-0.013462494127452374,-0.011574761942029,0.006652355194091797,0.00202884036116302,-0.0035023344680666924,0.00832032598555088,0.9946260871954137,-0.10353129744675105,0.000583352387250732,0.1035311540527073,0.9946262362855834,0.0002709493445997996,-0.0006082692774771817,-0.0002090981614638835,0.9999997931432126,0.0006240044021978974,-0.000613408163189888,-0.0003459151485003531,-0.013462494127452374,-0.011574761942029,0.006652355194091797,0.00202884036116302,-0.0035023344680666924,0.00832032598555088,0.9946260871954137,-0.10353129744675105,0.000583352387250732,0.1035311540527073,0.9946262362855834,0.0002709493445997996,-0.0006082692774771817,-0.0002090981614638835,0.9999997931432126,0.0006240044021978974,-0.000613408163189888,-0.0003459151485003531,42.49626026222264,-0.0013483184599077742,0.0018739658754168202,-0.00010094782269683459,42.49626026222264,-0.0013483184599077742,0.0018739658754168202,-0.00010094782269683459,-0.0077549172565341,-0.013380350545048714,0.007867544889450073,0.0,0.0,0.0,0.9946064026819543,-0.10372127912854787,0.0,0.10372127912854787,0.9946064026819543,0.0,0.0,0.0,1.0,0.0,0.0,0.0
9,1775071047350635850,0.090095142,90,10.079916,0.4051770010846667,42.501366181225016,0.6855059061487906,-0.6855059061487906,-0.013639628887176514,-0.0115836001932621,0.00649067759513855,0.0018346515716984868,-0.0035353349521756172,0.008230043575167656,0.9946265867966371,-0.1035265223117765,0.0005921912744053168,0.10352637288147992,0.9946267398651731,0.0002777379480600681,-0.0006177624642482796,-0.00021493815631549312,0.999999786085554,0.00038723647594451904,0.00023097128723748028,-0.0004315077094361186,-0.013639628887176514,-0.0115836001932621,0.00649067759513855,0.0018346515716984868,-0.0035353349521756172,0.008230043575167656,0.9946265867966371,-0.1035265223117765,0.0005921912744053168,0.10352637288147992,0.9946267398651731,0.0002777379480600681,-0.0006177624642482796,-0.00021493815631549312,0.999999786085554,0.00038723647594451904,0.00023097128723748028,-0.0004315077094361186,42.501366181225016,-0.001320335719663432,0.0017460503094727578,-9.195451277947599e-05,42.501366181225016,-0.001320335719663432,0.0017460503094727578,-9.195451277947599e-05,-0.0077549172565341,-0.013380350545048714,0.007867544889450073,0.0,0.0,0.0,0.9946064026819543,-0.10372127912854787,0.0,0.10372127912854787,0.9946064026819543,0.0,0.0,0.0,1.0,0.0,0.0,0.0
10,1775071047360559184,0.100018476,100,9.923334,0.4896850005025044,42.512110938744236,0.6856792086894231,-0.6856792086894231,-0.013985496945679188,-0.011603206396102905,0.006179556250572205,0.0015041281003504992,-0.003463861532509327,0.007981739938259125,0.9946277423316241,-0.1035155517604478,0.0006124625380790928,0.1035153961918931,0.9946279075210276,0.00028055994874126404,-0.0006382145713253757,-0.0002156534403526915,0.9999997730878711,-0.0006761897820979357,-0.000452111242339015,0.0004443003563210368,-0.013985496945679188,-0.011603206396102905,0.006179556250572205,0.0015041281003504992,-0.003463861532509327,0.007981739938259125,0.9946277423316241,-0.1035155517604478,0.0006124625380790928,0.1035153961918931,0.9946279075210276,0.00028055994874126404,-0.0006382145713253757,-0.0002156534403526915,0.9999997730878711,-0.0006761897820979357,-0.000452111242339015,0.0004443003563210368,42.512110938744236,-0.0010609573106794127,0.0020796968350951014,-0.00023216041457802688,42.512110938744236,-0.0010609573106794127,0.0020796968350951014,-0.00023216041457802688,-0.0077549172565341,-0.013380350545048714,0.007867544889450073,0.0,0.0,0.0,0.9946064026819543,-0.10372127912854787,0.0,0.10372127912854787,0.9946064026819543,0.0,0.0,0.0,1.0,0.0,0.0,0.0
11,1775071047370624804,0.110084096,110,10.06562,0.4257239997969009,42.51815505849952,0.6857766944919277,-0.6857766944919277,-0.014151535928249359,-0.01160898432135582,0.006004735827445984,0.001291662105359137,-0.0035255542024970055,0.007845456711947918,0.9946281093149113,-0.10351165678901397,0.0006187243922473433,0.10351150184633284,0.9946282791740001,0.0002774946881803145,-0.0006441246616265203,-0.00021195894841844962,0.9999997700883985,-0.0009504646877758205,-0.00021678672055713832,-0.0003987350210081786,-0.014151535928249359,-0.01160898432135582,0.006004735827445984,0.001291662105359137,-0.0035255542024970055,0.007845456711947918,0.9946281093149113,-0.10351165678901397,0.0006187243922473433,0.10351150184633284,0.9946282791740001,0.0002774946881803145,-0.0006441246616265203,-0.00021195894841844962,0.9999997700883985,-0.0009504646877758205,-0.00021678672055713832,-0.0003987350210081786,42.51815505849952,-0.0010045881433725,0.002099251995815177,-0.00010883776131934863,42.51815505849952,-0.0010045881433725,0.002099251995815177,-0.00010883776131934863,-0.0077549172565341,-0.013380350545048714,0.007867544889450073,0.0,0.0,0.0,0.9946064026819543,-0.10372127912854787,0.0,0.10372127912854787,0.9946064026819543,0.0,0.0,0.0,1.0,0.0,0.0,0.0
12,1775071047380651815,0.120111107,120,10.027011,0.3030869993381202,42.52481323528639,0.6858840844401031,-0.6858840844401031,-0.014315083622932434,-0.011616166681051254,0.005833938717842102,0.001135877799242735,-0.003550818655639887,0.007655293680727482,0.9946286689433078,-0.10350563812720592,0.0006274995136513403,0.1035054827358084,0.9946288449450821,0.0002753371296037241,-0.0006526280617816446,-0.00020890856264457053,0.9999997652168852,-0.0005244443891569972,-9.365627192892134e-06,-0.00010328816279070452,-0.014315083622932434,-0.011616166681051254,0.005833938717842102,0.001135877799242735,-0.003550818655639887,0.007655293680727482,0.9946286689433078,-0.10350563812720592,0.0006274995136513403,0.1035054827358084,0.9946288449450821,0.0002753371296037241,-0.0006526280617816446,-0.00020890856264457053,0.9999997652168852,-0.0005244443891569972,-9.365627192892134e-06,-0.00010328816279070452,42.52481323528639,-0.001117120506458153,0.0021210243206507694,-0.00015799353523797573,42.52481323528639,-0.001117120506458153,0.0021210243206507694,-0.00015799353523797573,-0.0077549172565341,-0.013380350545048714,0.007867544889450073,0.0,0.0,0.0,0.9946064026819543,-0.10372127912854787,0.0,0.10372127912854787,0.9946064026819543,0.0,0.0,0.0,1.0,0.0,0.0,0.0
13,1775071047390570578,0.13002987,130,9.918763,0.29553200147347525,42.530079146529665,0.685969018492414,-0.685969018492414,-0.014475974254310131,-0.011624453589320183,0.005667075514793396,0.0010036355815827847,-0.0035795015282928944,0.007565428037196398,0.9946295747573958,-0.10349802714641831,0.0006324359781865515,0.10349786773308067,0.9946297530339491,0.00027988362335991564,-0.0006580069448038055,-0.00021292479827351475,0.999999760844942,0.00045542363659478724,-0.0003656783956103027,0.00025446093059144914,-0.014475974254310131,-0.011624453589320183,0.005667075514793396,0.0010036355815827847,-0.0035795015282928944,0.007565428037196398,0.9946295747573958,-0.10349802714641831,0.0006324359781865515,0.10349786773308067,0.9946297530339491,0.00027988362335991564,-0.0006580069448038055,-0.00021292479827351475,0.999999760844942,0.00045542363659478724,-0.0003656783956103027,0.00025446093059144914,42.530079146529665,-0.0013851912323493306,0.002268910541360689,-0.00021779207123019133,42.530079146529665,-0.0013851912323493306,0.002268910541360689,-0.00021779207123019133,-0.0077549172565341,-0.013380350545048714,0.007867544889450073,0.0,0.0,0.0,0.9946064026819543,-0.10372127912854787,0.0,0.10372127912854787,0.9946064026819543,0.0,0.0,0.0,1.0,0.0,0.0,0.0
14,1775071047400553635,0.140012927,140,9.983057,0.34548399708000943,42.535611827758586,0.6860582552864288,-0.6860582552864288,-0.01463385485112667,-0.011633903719484806,0.0055044591426849365,0.0008891684701666236,-0.003589725587517023,0.007447982206940651,0.9946305385276109,-0.10348917755209341,0.0006452323887725427,0.10348901572557212,0.99463072540029,0.00027942935687184055,-0.0006706857292765409,-0.00021115457264223904,0.9999997527972064,-0.000838886946439743,-0.0009314448689110577,0.0002915342338383198,-0.01463385485112667,-0.011633903719484806,0.0055044591426849365,0.0008891684701666236,-0.003589725587517023,0.007447982206940651,0.9946305385276109,-0.10348917755209341,0.0006452323887725427,0.10348901572557212,0.99463072540029,0.00027942935687184055,-0.0006706857292765409,-0.00021115457264223904,0.9999997527972064,-0.000838886946439743,-0.0009314448689110577,0.0002915342338383198,42.535611827758586,-0.001068201405735558,0.0024852047857566663,-0.00023047525228942026,42.535611827758586,-0.001068201405735558,0.0024852047857566663,-0.00023047525228942026,-0.0077549172565341,-0.013380350545048714,0.007867544889450073,0.0,0.0,0.0,0.9946064026819543,-0.10372127912854787,0.0,0.10372127912854787,0.9946064026819543,0.0,0.0,0.0,1.0,0.0,0.0,0.0
15,1775071047410586504,0.150045796,150,10.032869,0.40172100125346333,42.540831199904886,0.6861424387081433,-0.6861424387081433,-0.0147891566157341,-0.011644522659480572,0.005359619855880737,0.0007073869928717613,-0.003621153999119997,0.007322633173316717,0.99463094024724,-0.10348457727758609,0.0006531403302410879,0.10348441262333563,0.9946311320929562,0.00028113907466009724,-0.0006787271810387088,-0.00021203981703307728,0.9999997471842549,5.41223053005524e-05,-0.00010242528514936566,-3.4947261156048626e-05,-0.0147891566157341,-0.011644522659480572,0.005359619855880737,0.0007073869928717613,-0.003621153999119997,0.007322633173316717,0.99463094024724,-0.10348457727758609,0.0006531403302410879,0.10348441262333563,0.9946311320929562,0.00028113907466009724,-0.0006787271810387088,-0.00021203981703307728,0.9999997471842549,5.41223053005524e-05,-0.00010242528514936566,-3.4947261156048626e-05,42.540831199904886,-0.0013092663941167949,0.002353411508039943,-0.00018520324135267184,42.540831199904886,-0.0013092663941167949,0.002353411508039943,-0.00018520324135267184,-0.0077549172565341,-0.013380350545048714,0.007867544889450073,0.0,0.0,0.0,0.9946064026819543,-0.10372127912854787,0.0,0.10372127912854787,0.9946064026819543,0.0,0.0,0.0,1.0,0.0,0.0,0.0
16,1775071047420606819,0.160066111,160,10.020315,0.4578750013024546,42.55082892783205,0.6863036923843879,-0.6863036923843879,-0.015075940638780594,-0.011645494028925896,0.005046769976615906,0.0003072796098422259,-0.003563166130334139,0.007139468099921942,0.9946319192697973,-0.10347360483751111,0.0006688224287577319,0.10347343597190539,0.9946321216073483,0.00028243031244594083,-0.000694456402948327,-0.00021170882598931483,0.9999997364547907,-0.0005716618616133928,-0.0006775590009056032,0.0007096777553670108,-0.015075940638780594,-0.011645494028925896,0.005046769976615906,0.0003072796098422259,-0.003563166130334139,0.007139468099921942,0.9946319192697973,-0.10347360483751111,0.0006688224287577319,0.10347343597190539,0.9946321216073483,0.00028243031244594083,-0.000694456402948327,-0.00021170882598931483,0.9999997364547907,-0.0005716618616133928,-0.0006775590009056032,0.0007096777553670108,42.55082892783205,-0.001156546037727451,0.0026550169118116787,-0.0003057184820706088,42.55082892783205,-0.001156546037727451,0.0026550169118116787,-0.0003057184820706088,-0.0077549172565341,-0.013380350545048714,0.007867544889450073,0.0,0.0,0.0,0.9946064026819543,-0.10372127912854787,0.0,0.10372127912854787,0.9946064026819543,0.0,0.0,0.0,1.0,0.0,0.0,0.0
17,1775071047430643784,0.170103076,170,10.036965,0.4599329986376688,42.55512227710933,0.6863729399533762,-0.6863729399533762,-0.01521635428071022,-0.011647644452750683,0.004896417260169983,0.0001543203106848523,-0.0035739142913371325,0.007097193039953709,0.994632864647956,-0.10346511211624754,0.0006840417829702197,0.10346493851857641,0.9946330772159923,0.00028457226789555326,-0.0007098138703748626,-0.00021227059600367054,0.9999997255526981,-0.0001369398960378021,-0.0015954453265294433,0.0001280451542697847,-0.01521635428071022,-0.011647644452750683,0.004896417260169983,0.0001543203106848523,-0.0035739142913371325,0.007097193039953709,0.994632864647956,-0.10346511211624754,0.0006840417829702197,0.10346493851857641,0.9946330772159923,0.00028457226789555326,-0.0007098138703748626,-0.00021227059600367054,0.9999997255526981,-0.0001369398960378021,-0.0015954453265294433,0.0001280451542697847,42.55512227710933,-0.001278054965179045,0.0029710115291559053,-0.00022531475963439117,42.55512227710933,-0.001278054965179045,0.0029710115291559053,-0.00022531475963439117,-0.0077549172565341,-0.013380350545048714,0.007867544889450073,0.0,0.0,0.0,0.9946064026819543,-0.10372127912854787,0.0,0.10372127912854787,0.9946064026819543,0.0,0.0,0.0,1.0,0.0,0.0,0.0
18,1775071047440549552,0.180008844,180,9.905768,0.27368200244382024,42.55891620778711,0.686434132383663,-0.686434132383663,-0.015354673378169537,-0.0116511769592762,0.00475040078163147,1.4739387552253902e-05,-0.0036209486424922943,0.0070857880637049675,0.9946335762829747,-0.10345785407869901,0.0006867048645591532,0.10345767760692892,0.9946337900518686,0.00028781043188456576,-0.0007127961343252505,-0.00021522101802975632,0.9999997228007474,0.00020971815683878958,0.0005554462550207973,0.00046143907820805907,-0.015354673378169537,-0.0116511769592762,0.00475040078163147,1.4739387552253902e-05,-0.0036209486424922943,0.0070857880637049675,0.9946335762829747,-0.10345785407869901,0.0006867048645591532,0.10345767760692892,0.9946337900518686,0.00028781043188456576,-0.0007127961343252505,-0.00021522101802975632,0.9999997228007474,0.00020971815683878958,0.0005554462550207973,0.00046143907820805907,42.55891620778711,-0.0013875052228506687,0.0024846727053545667,-0.000281162673399341,42.55891620778711,-0.0013875052228506687,0.0024846727053545667,-0.000281162673399341,-0.0077549172565341,-0.013380350545048714,0.007867544889450073,0.0,0.0,0.0,0.9946064026819543,-0.10372127912854787,0.0,0.10372127912854787,0.9946064026819543,0.0,0.0,0.0,1.0,0.0,0.0,0.0
19,1775071047450729953,0.190189245,190,10.180401,0.3952950064558536,42.56401040801562,0.6865162969034777,-0.6865162969034777,-0.015477408654987812,-0.011633053421974182,0.004588723182678223,-7.567950524389744e-05,-0.003612630534917116,0.007004255428910255,0.9946343070577192,-0.10345201058052722,0.0006872582178768481,0.10345183351332699,0.9946345210765949,0.00028847639939346206,-0.0007134141231207557,-0.0002158304426583997,0.9999997222287406,-0.00034152274020016193,0.00028889052919112146,-9.130437683779746e-05,-0.015477408654987812,-0.011633053421974182,0.004588723182678223,-7.567950524389744e-05,-0.003612630534917116,0.007004255428910255,0.9946343070577192,-0.10345201058052722,0.0006872582178768481,0.10345183351332699,0.9946345210765949,0.00028847639939346206,-0.0007134141231207557,-0.0002158304426583997,0.9999997222287406,-0.00034152274020016193,0.00028889052919112146,-9.130437683779746e-05,42.56401040801562,-0.0012508496980885475,0.0025869032371954137,-0.00020296512940055374,42.56401040801562,-0.0012508496980885475,0.0025869032371954137,-0.00020296512940055374,-0.0077549172565341,-0.013380350545048714,0.007867544889450073,0.0,0.0,0.0,0.9946064026819543,-0.10372127912854787,0.0,0.10372127912854787,0.9946064026819543,0.0,0.0,0.0,1.0,0.0,0.0,0.0
20,1775071047460549388,0.20000868,200,9.819435,0.2754880042630248,42.57343272521122,0.6866682697614713,-0.6866682697614713,-0.015716221183538437,-0.011601641774177551,0.0042779892683029175,-0.00023875475744716823,-0.0036265531089156866,0.006864252034574747,0.994635251587726,-0.10344174402652118,0.0006996691961897276,0.10344156545309002,0.9946354748792435,0.00028686856318072343,-0.0007255900025358482,-0.00021295470142304943,0.9999997140846766,-0.0007345865597017109,0.00011478402302600443,0.00025703685241751373,-0.015716221183538437,-0.011601641774177551,0.0042779892683029175,-0.00023875475744716823,-0.0036265531089156866,0.006864252034574747,0.994635251587726,-0.10344174402652118,0.0006996691961897276,0.10344156545309002,0.9946354748792435,0.00028686856318072343,-0.0007255900025358482,-0.00021295470142304943,0.9999997140846766,-0.0007345865597017109,0.00011478402302600443,0.00025703685241751373,42.57343272521122,-0.0011538715514446776,0.002724718754468124,-0.00026346827950269306,42.57343272521122,-0.0011538715514446776,0.002724718754468124,-0.00026346827950269306,-0.0077549172565341,-0.013380350545048714,0.007867544889450073,0.0,0.0,0.0,0.9946064026819543,-0.10372127912854787,0.0,0.10372127912854787,0.9946064026819543,0.0,0.0,0.0,1.0,0.0,0.0,0.0
21,1775071047470607356,0.210066648,210,10.057968,0.2992450026795268,42.577633782153356,0.686736028744409,-0.686736028744409,-0.015832096338272095,-0.011588423512876034,0.004149720072746277,-0.0003119660832453519,-0.003643043339252472,0.006791671738028526,0.9946354824972042,-0.10344068458549871,0.0006980055663672532,0.10344050084125156,0.9946357029281335,0.0002944962954033112,-0.0007247240606567049,-0.0002207144639374617,0.9999997130300662,0.0005237571895122528,0.0006576468585990369,-0.0003581945493351668,-0.015832096338272095,-0.011588423512876034,0.004149720072746277,-0.0003119660832453519,-0.003643043339252472,0.006791671738028526,0.9946354824972042,-0.10344068458549871,0.0006980055663672532,0.10344050084125156,0.9946357029281335,0.0002944962954033112,-0.0007247240606567049,-0.0002207144639374617,0.9999997130300662,0.0005237571895122528,0.0006576468585990369,-0.0003581945493351668,42.577633782153356,-0.0014922233463962125,0.0026140976293497226,-0.00017205026715851532,42.577633782153356,-0.0014922233463962125,0.0026140976293497226,-0.00017205026715851532,-0.0077549172565341,-0.013380350545048714,0.007867544889450073,0.0,0.0,0.0,0.9946064026819543,-0.10372127912854787,0.0,0.10372127912854787,0.9946064026819543,0.0,0.0,0.0,1.0,0.0,0.0,0.0
22,1775071047480603963,0.220063255,220,9.996607,0.3195079989382066,42.58497881019172,0.6868544969385761,-0.6868544969385761,-0.016053657978773117,-0.011524097062647343,0.0038828998804092407,-0.0005749696283601224,-0.003616579109802842,0.006732481066137552,0.9946355248313219,-0.10343963080203955,0.00072353121081567,0.10343944592436705,0.9946357653666971,0.0002885387338237705,-0.0007494963089479806,-0.00021214923241522077,0.9999996966239618,-7.689104677410796e-05,-0.000999585259705782,-0.0004940360086038709,-0.016053657978773117,-0.011524097062647343,0.0038828998804092407,-0.0005749696283601224,-0.003616579109802842,0.006732481066137552,0.9946355248313219,-0.10343963080203955,0.00072353121081567,0.10343944592436705,0.9946357653666971,0.0002885387338237705,-0.0007494963089479806,-0.00021214923241522077,0.9999996966239618,-7.689104677410796e-05,-0.000999585259705782,-0.0004940360086038709,42.58497881019172,-0.001321990683069527,0.0031748308681519397,-0.00015252181333620231,42.58497881019172,-0.001321990683069527,0.0031748308681519397,-0.00015252181333620231,-0.0077549172565341,-0.013380350545048714,0.007867544889450073,0.0,0.0,0.0,0.9946064026819543,-0.10372127912854787,0.0,0.10372127912854787,0.9946064026819543,0.0,0.0,0.0,1.0,0.0,0.0,0.0
23,1775071047490561311,0.230020603,230,9.957348,0.30224000511225313,42.58864140069275,0.6869135709789154,-0.6869135709789154,-0.016161834821105003,-0.011494624428451061,0.003755435347557068,-0.0006809361511841416,-0.0035857248585671186,0.006701199803501368,0.9946361116248308,-0.10343307801527368,0.0007273680311222566,0.10343289548960466,0.9946363559236862,0.00028433365710932995,-0.0007528762283655413,-0.00020757472395720872,0.9999996950450025,-0.0006956015713512897,0.00016713005607016385,0.0006059331353753805,-0.016161834821105003,-0.011494624428451061,0.003755435347557068,-0.0006809361511841416,-0.0035857248585671186,0.006701199803501368,0.9946361116248308,-0.10343307801527368,0.0007273680311222566,0.10343289548960466,0.9946363559236862,0.00028433365710932995,-0.0007528762283655413,-0.00020757472395720872,0.9999996950450025,-0.0006956015713512897,0.00016713005607016385,0.0006059331353753805,42.58864140069275,-0.0011504471405301502,0.0029289016020959038,-0.0003227817705381927,42.58864140069275,-0.0011504471405301502,0.0029289016020959038,-0.0003227817705381927,-0.0077549172565341,-0.013380350545048714,0.007867544889450073,0.0,0.0,0.0,0.9946064026819543,-0.10372127912854787,0.0,0.10372127912854787,0.9946064026819543,0.0,0.0,0.0,1.0,0.0,0.0,0.0
24,1775071047500605534,0.240064826,240,10.044223,0.2984329985338263,42.59311711241838,0.6869857598777158,-0.6869857598777158,-0.016268350183963776,-0.011466813273727894,0.0036312490701675415,-0.000807391363196075,-0.0035410569980740547,0.0066021210514009,0.9946361919709857,-0.10343325149191629,0.0007246996430573006,0.10343307296395543,0.9946364352082327,0.00027974234492265243,-0.0007497472752643411,-0.00020328397729260303,0.9999996982772944,-0.000989230116829276,0.0002847748401109129,-0.0004576838982757181,-0.016268350183963776,-0.011466813273727894,0.0036312490701675415,-0.000807391363196075,-0.0035410569980740547,0.0066021210514009,0.9946361919709857,-0.10343325149191629,0.0007246996430573006,0.10343307296395543,0.9946364352082327,0.00027974234492265243,-0.0007497472752643411,-0.00020328397729260303,0.9999996982772944,-0.000989230116829276,0.0002847748401109129,-0.0004576838982757181,42.59311711241838,-0.001057005979115815,0.002933086103860756,-0.00016310974761546884,42.59311711241838,-0.001057005979115815,0.002933086103860756,-0.00016310974761546884,-0.0077549172565341,-0.013380350545048714,0.007867544889450073,0.0,0.0,0.0,0.9946064026819543,-0.10372127912854787,0.0,0.10372127912854787,0.9946064026819543,0.0,0.0,0.0,1.0,0.0,0.0,0.0
25,1775071047510583930,0.250043222,250,9.978396,0.7710360005148686,42.59770976924068,0.6870598349877529,-0.6870598349877529,-0.016379784792661667,-0.011414949782192707,0.0034881681203842163,-0.000936445954721421,-0.0034949511755257845,0.006529131904244423,0.9946360757775835,-0.10343378322554919,0.00072801214195857,0.10343360560248782,0.9946363219269699,0.00027764710959546357,-0.0007528254097916853,-0.00020085691095354796,0.9999996964551559,-0.0003633464511949569,-0.0008047506562434137,-0.0005631139501929283,-0.016379784792661667,-0.011414949782192707,0.0034881681203842163,-0.000936445954721421,-0.0034949511755257845,0.006529131904244423,0.9946360757775835,-0.10343378322554919,0.00072801214195857,0.10343360560248782,0.9946363219269699,0.00027764710959546357,-0.0007528254097916853,-0.00020085691095354796,0.9999996964551559,-0.0003633464511949569,-0.0008047506562434137,-0.0005631139501929283,42.59770976924068,-0.0011964234741513127,0.003255562894753518,-0.00014686404040133036,42.59770976924068,-0.0011964234741513127,0.003255562894753518,-0.00014686404040133036,-0.0077549172565341,-0.013380350545048714,0.007867544889450073,0.0,0.0,0.0,0.9946064026819543,-0.10372127912854787,0.0,0.10372127912854787,0.9946064026819543,0.0,0.0,0.0,1.0,0.0,0.0,0.0
26,1775071047520593112,0.260052404,260,10.009182,0.4545900010270998,42.60189186457469,0.6871272881383015,-0.6871272881383015,-0.016489336267113686,-0.011364913545548916,0.003349006175994873,-0.0010107250418514013,-0.0034136923495680094,0.0064811380580067635,0.9946363503959047,-0.10343183399098654,0.0007242981990679756,0.10343165639251306,0.9946365935615263,0.00027861031377775236,-0.0007492306046980382,-0.00020220061597399364,0.9999996988841795,-5.6633518397575244e-05,0.0016959337517619133,0.0002196985442424193,-0.016489336267113686,-0.011364913545548916,0.003349006175994873,-0.0010107250418514013,-0.0034136923495680094,0.0064811380580067635,0.9946363503959047,-0.10343183399098654,0.0007242981990679756,0.10343165639251306,0.9946365935615263,0.00027861031377775236,-0.0007492306046980382,-0.00020220061597399364,0.9999996988841795,-5.6633518397575244e-05,0.0016959337517619133,0.0002196985442424193,42.60189186457469,-0.001255662943129215,0.002652300227760394,-0.00026586430836579843,42.60189186457469,-0.001255662943129215,0.002652300227760394,-0.00026586430836579843,-0.0077549172565341,-0.013380350545048714,0.007867544889450073,0.0,0.0,0.0,0.9946064026819543,-0.10372127912854787,0.0,0.10372127912854787,0.9946064026819543,0.0,0.0,0.0,1.0,0.0,0.0,0.0
27,1775071047531028891,0.270488183,270,10.435779,0.3157399987685494,42.60630669719915,0.6871984951161153,-0.6871984951161153,-0.016596641391515732,-0.011316549964249134,0.0031997859477996826,-0.0010463594226166606,-0.003356755245476961,0.006435064133256674,0.9946369291405442,-0.10342723403366416,0.0007313312726253199,0.10342705333824354,0.9946371771503199,0.0002808265857074804,-0.000756454225813448,-0.00020368113758732764,0.9999996931455006,0.00020153203513473272,-0.0014520485419780016,0.00033330568112432957,-0.016596641391515732,-0.011316549964249134,0.0031997859477996826,-0.0010463594226166606,-0.003356755245476961,0.006435064133256674,0.9946369291405442,-0.10342723403366416,0.0007313312726253199,0.10342705333824354,0.9946371771503199,0.0002808265857074804,-0.000756454225813448,-0.00020368113758732764,0.9999996931455006,0.00020153203513473272,-0.0014520485419780016,0.00033330568112432957,42.60630669719915,-0.0013102400511300109,0.003479390953770543,-0.0002866175973288385,42.60630669719915,-0.0013102400511300109,0.003479390953770543,-0.0002866175973288385,-0.0077549172565341,-0.013380350545048714,0.007867544889450073,0.0,0.0,0.0,0.9946064026819543,-0.10372127912854787,0.0,0.10372127912854787,0.9946064026819543,0.0,0.0,0.0,1.0,0.0,0.0,0.0
28,1775071047540509661,0.279968953,279,9.48077,0.27891199715668336,42.615867196289564,0.6873526967143478,-0.6873526967143478,-0.016818871721625328,-0.01119267102330923,0.0029095113277435303,-0.0012436934048309922,-0.0032410388812422752,0.006251701153814793,0.9946376842164846,-0.10341908328114746,0.0007308708702407438,0.10341890906025553,0.9946379335622602,0.0002723788368734475,-0.0007551209854162969,-0.0001953324272283407,0.9999996958187465,-0.0007588023436255753,-0.00023712575784884393,0.0003962644259445369,-0.016818871721625328,-0.01119267102330923,0.0029095113277435303,-0.0012436934048309922,-0.0032410388812422752,0.006251701153814793,0.9946376842164846,-0.10341908328114746,0.0007308708702407438,0.10341890906025553,0.9946379335622602,0.0002723788368734475,-0.0007551209854162969,-0.0001953324272283407,0.9999996958187465,-0.0007588023436255753,-0.00023712575784884393,0.0003962644259445369,42.615867196289564,-0.0010168587253206202,0.003246432296229967,-0.00030261077433326486,42.615867196289564,-0.0010168587253206202,0.003246432296229967,-0.00030261077433326486,-0.0077549172565341,-0.013380350545048714,0.007867544889450073,0.0,0.0,0.0,0.9946064026819543,-0.10372127912854787,0.0,0.10372127912854787,0.9946064026819543,0.0,0.0,0.0,1.0,0.0,0.0,0.0
29,1775071047550679740,0.290139032,290,10.170079,0.3018930001417175,42.62033901422052,0.6874248228100084,-0.6874248228100084,-0.016934534534811974,-0.011117772199213505,0.0027681738138198853,-0.0014193197712302208,-0.003201329382136464,0.006188069935888052,0.9946379306274784,-0.1034176637227271,0.0007308284206223696,0.1034174936583514,0.9946381809995282,0.0002668825195382245,-0.0007545100508009085,-0.0001898711217243644,0.9999996973317739,-0.0007606697035953403,0.0003814883530139923,-0.0006055815611034632,-0.016934534534811974,-0.011117772199213505,0.0027681738138198853,-0.0014193197712302208,-0.003201329382136464,0.006188069935888052,0.9946379306274784,-0.1034176637227271,0.0007308284206223696,0.1034174936583514,0.9946381809995282,0.0002668825195382245,-0.0007545100508009085,-0.0001898711217243644,0.9999996973317739,-0.0007606697035953403,0.0003814883530139923,-0.0006055815611034632,42.62033901422052,-0.0009903068300642272,0.0031435329017179526,-0.00015348648063608515,42.62033901422052,-0.0009903068300642272,0.0031435329017179526,-0.00015348648063608515,-0.0077549172565341,-0.013380350545048714,0.007867544889450073,0.0,0.0,0.0,0.9946064026819543,-0.10372127912854787,0.0,0.10372127912854787,0.9946064026819543,0.0,0.0,0.0,1.0,0.0,0.0,0.0
30,1775071047560541758,0.30000105,300,9.862018,0.33986199559876695,42.62553971264122,0.6875087050426003,-0.6875087050426003,-0.017048483714461327,-0.011045224033296108,0.0026305168867111206,-0.0015119053423404694,-0.0031346874311566353,0.006061644293367863,0.9946383856455675,-0.10341199203204643,0.000731967765913848,0.10341182966786722,0.9946386388120821,0.0002563966565331099,-0.0007545578682503582,-0.00017932785416588902,0.9999996992419397,-0.0012638223124668002,0.00022518058540299535,0.00028168968856334686,-0.017048483714461327,-0.011045224033296108,0.0026305168867111206,-0.0015119053423404694,-0.0031346874311566353,0.006061644293367863,0.9946383856455675,-0.10341199203204643,0.000731967765913848,0.10341182966786722,0.9946386388120821,0.0002563966565331099,-0.0007545578682503582,-0.00017932785416588902,0.9999996992419397,-0.0012638223124668002,0.00022518058540299535,0.00028168968856334686,42.62553971264122,-0.0008190007008586662,0.0032208734855091637,-0.00029112549613369596,42.62553971264122,-0.0008190007008586662,0.0032208734855091637,-0.00029112549613369596,-0.0077549172565341,-0.013380350545048714,0.007867544889450073,0.0,0.0,0.0,0.9946064026819543,-0.10372127912854787,0.0,0.10372127912854787,0.9946064026819543,0.0,0.0,0.0,1.0,0.0,0.0,0.0
