step,timestamp_ns,experiment_time_s,reference_index,tick_dt_ms,solver_ms,px4_collective_command_newton,px4_collective_normalized,px4_thrust_body_z,state_raw_0,state_raw_1,state_raw_2,state_raw_3,state_raw_4,state_raw_5,state_raw_6,state_raw_7,state_raw_8,state_raw_9,state_raw_10,state_raw_11,state_raw_12,state_raw_13,state_raw_14,state_raw_15,state_raw_16,state_raw_17,state_used_0,state_used_1,state_used_2,state_used_3,state_used_4,state_used_5,state_used_6,state_used_7,state_used_8,state_used_9,state_used_10,state_used_11,state_used_12,state_used_13,state_used_14,state_used_15,state_used_16,state_used_17,control_raw_0,control_raw_1,control_raw_2,control_raw_3,control_used_0,control_used_1,control_used_2,control_used_3,reference_0,reference_1,reference_2,reference_3,reference_4,reference_5,reference_6,reference_7,reference_8,reference_9,reference_10,reference_11,reference_12,reference_13,reference_14,reference_15,reference_16,reference_17
0,1774038315427130394,0.0,0,0.0,33.19668899348471,80.0,1.0,-1.0,-0.023621726781129837,-0.017383895814418793,0.006015270948410034,-0.0058877491392195225,-0.02328532561659813,-0.017684591934084892,0.9944380079908596,-0.10531936992847268,-0.0010448373509547339,0.10532077827794684,0.9944374231365801,0.0013993686885605608,0.000891644783247679,-0.0015016282485958397,0.999998475040076,-0.00022262247512117028,-7.033822475932539e-05,0.0003508842783048749,-0.023621726781129837,-0.017383895814418793,0.006015270948410034,-0.0058877491392195225,-0.02328532561659813,-0.017684591934084892,0.9944380079908596,-0.10531936992847268,-0.0010448373509547339,0.10532077827794684,0.9944374231365801,0.0013993686885605608,0.000891644783247679,-0.0015016282485958397,0.999998475040076,-0.00022262247512117028,-7.033822475932539e-05,0.0003508842783048749,40.00019965989175,-0.02100176015521289,-0.00029839820934864986,-0.0001123352155138978,40.00019965989175,-0.02100176015521289,-0.00029839820934864986,-0.0001123352155138978,-0.027665825560688972,-0.0018778147641569376,0.00019524991512298584,0.0,0.0,0.0,0.9944643689771906,-0.10507083181458188,-0.0008949077072479619,0.10507160089719925,0.994464317974604,0.0008606296898600024,0.0007995267070470841,-0.0009498948953851546,0.9999992292280907,0.0,0.0,0.0
1,1774038315489056792,0.061926398,61,61.926398,17.35724699392449,80.0,1.0,-1.0,-0.023621726781129837,-0.017383895814418793,0.006015270948410034,-0.0058877491392195225,-0.02328532561659813,-0.017684591934084892,0.9944380079908596,-0.10531936992847268,-0.0010448373509547339,0.10532077827794684,0.9944374231365801,0.0013993686885605608,0.000891644783247679,-0.0015016282485958397,0.999998475040076,-0.00022262247512117028,-7.033822475932539e-05,0.0003508842783048749,-0.023621726781129837,-0.017383895814418793,0.006015270948410034,-0.0058877491392195225,-0.02328532561659813,-0.017684591934084892,0.9944380079908596,-0.10531936992847268,-0.0010448373509547339,0.10532077827794684,0.9944374231365801,0.0013993686885605608,0.000891644783247679,-0.0015016282485958397,0.999998475040076,-0.00022262247512117028,-7.033822475932539e-05,0.0003508842783048749,40.00019965989175,-0.02100176015521289,-0.00029839820934864986,-0.0001123352155138978,40.00019965989175,-0.02100176015521289,-0.00029839820934864986,-0.0001123352155138978,-0.027665825560688972,-0.0018778147641569376,0.00019524991512298584,0.0,0.0,0.0,0.9944643689771906,-0.10507083181458188,-0.0008949077072479619,0.10507160089719925,0.994464317974604,0.0008606296898600024,0.0007995267070470841,-0.0009498948953851546,0.9999992292280907,0.0,0.0,0.0
2,1774038315510490275,0.083359881,83,21.433483,19.65253599337302,80.0,1.0,-1.0,-0.023488538339734077,-0.01786976493895054,0.006148979067802429,-0.005819882266223431,-0.02364015206694603,-0.01760343462228775,0.9944373386735685,-0.10532575233306818,-0.0010464382728505792,0.10532717012150927,0.994436743368434,0.0014072522972123358,0.0008923968147565575,-0.001509642345692598,0.9999984623029341,0.0001444065128453076,-0.0003406477044336498,-6.54283503536135e-05,-0.023488538339734077,-0.01786976493895054,0.006148979067802429,-0.005819882266223431,-0.02364015206694603,-0.01760343462228775,0.9944373386735685,-0.10532575233306818,-0.0010464382728505792,0.10532717012150927,0.994436743368434,0.0014072522972123358,0.0008923968147565575,-0.001509642345692598,0.9999984623029341,0.0001444065128453076,-0.0003406477044336498,-6.54283503536135e-05,40.00014385639659,-0.022210809379527324,-9.652806006420198e-05,3.760905040928058e-05,40.00014385639659,-0.022210809379527324,-9.652806006420198e-05,3.760905040928058e-05,-0.027665825560688972,-0.0018778147641569376,0.00019524991512298584,0.0,0.0,0.0,0.9944643689771906,-0.10507083181458188,-0.0008949077072479619,0.10507160089719925,0.994464317974604,0.0008606296898600024,0.0007995267070470841,-0.0009498948953851546,0.9999992292280907,0.0,0.0,0.0
3,1774038315534263736,0.107133342,107,23.773461,15.992502987501211,80.0,1.0,-1.0,-0.023359524086117744,-0.01835150271654129,0.006275191903114319,-0.005762449000030756,-0.0239940844476223,-0.017551325261592865,0.9944364521937511,-0.10533302236452347,-0.0010504389018377545,0.10533445984114853,0.9944358373208094,0.0014224964214057077,0.0008947582430794999,-0.001525229701339257,0.9999984365398047,0.0006803034339100122,0.00022825453197583556,-0.00015780297690071166,-0.023359524086117744,-0.01835150271654129,0.006275191903114319,-0.005762449000030756,-0.0239940844476223,-0.017551325261592865,0.9944364521937511,-0.10533302236452347,-0.0010504389018377545,0.10533445984114853,0.9944358373208094,0.0014224964214057077,0.0008947582430794999,-0.001525229701339257,0.9999984365398047,0.0006803034339100122,0.00022825453197583556,-0.00015780297690071166,40.000000092421956,-0.023557997185306805,-0.000610841488240168,7.104290492646597e-05,40.000000092421956,-0.023557997185306805,-0.000610841488240168,7.104290492646597e-05,-0.027665825560688972,-0.0018778147641569376,0.00019524991512298584,0.0,0.0,0.0,0.9944643689771906,-0.10507083181458188,-0.0008949077072479619,0.10507160089719925,0.994464317974604,0.0008606296898600024,0.0007995267070470841,-0.0009498948953851546,0.9999992292280907,0.0,0.0,0.0
4,1774038315554071895,0.126941501,126,19.808159,14.255782007239759,79.9999999982519,0.9999999999781487,-0.9999999999781487,-0.023083657026290894,-0.01929612085223198,0.00654195249080658,-0.005472161807119846,-0.02474333345890045,-0.01749083213508129,0.9944357184834521,-0.10534082361795827,-0.0010702895752568407,0.10534231625724932,0.9944350795862741,0.0014497344919580483,0.0009116173302168747,-0.0015544142676019758,0.9999983763739169,0.0005606053746305406,0.000808530836366117,0.0008938347455114126,-0.023083657026290894,-0.01929612085223198,0.00654195249080658,-0.005472161807119846,-0.02474333345890045,-0.01749083213508129,0.9944357184834521,-0.10534082361795827,-0.0010702895752568407,0.10534231625724932,0.9944350795862741,0.0014497344919580483,0.0009116173302168747,-0.0015544142676019758,0.9999983763739169,0.0005606053746305406,0.000808530836366117,0.0008938347455114126,39.9999999982519,-0.02517525134110705,-0.0011611835236220586,-0.00030657469133217,39.9999999982519,-0.02517525134110705,-0.0011611835236220586,-0.00030657469133217,-0.027665825560688972,-0.0018778147641569376,0.00019524991512298584,0.0,0.0,0.0,0.9944643689771906,-0.10507083181458188,-0.0008949077072479619,0.10507160089719925,0.994464317974604,0.0008606296898600024,0.0007995267070470841,-0.0009498948953851546,0.9999992292280907,0.0,0.0,0.0
5,1774038315573040382,0.145909988,145,18.968487,13.845155001035891,80.0,1.0,-1.0,-0.022822588682174683,-0.020225882530212402,0.006779119372367859,-0.005328471772372723,-0.025403277948498726,-0.017497438937425613,0.9944353419921387,-0.10534330911947731,-0.00107913012658278,0.1053448365219023,0.9944346753641381,0.0014726006672813752,0.0009179957964996609,-0.001578086902862156,0.9999983334613538,0.00020905621931888163,0.0005731190321967006,0.0006779184332117438,-0.022822588682174683,-0.020225882530212402,0.006779119372367859,-0.005328471772372723,-0.025403277948498726,-0.017497438937425613,0.9944353419921387,-0.10534330911947731,-0.00107913012658278,0.1053448365219023,0.9944346753641381,0.0014726006672813752,0.0009179957964996609,-0.001578086902862156,0.9999983334613538,0.00020905621931888163,0.0005731190321967006,0.0006779184332117438,40.000662483970956,-0.02656780862739143,-0.0010131892088792737,-0.00022843457628659287,40.000662483970956,-0.02656780862739143,-0.0010131892088792737,-0.00022843457628659287,-0.027665825560688972,-0.0018778147641569376,0.00019524991512298584,0.0,0.0,0.0,0.9944643689771906,-0.10507083181458188,-0.0008949077072479619,0.10507160089719925,0.994464317974604,0.0008606296898600024,0.0007995267070470841,-0.0009498948953851546,0.9999992292280907,0.0,0.0,0.0
6,1774038315591177013,0.164046619,164,18.136631,15.093103997060098,79.99966690481845,0.9999958363102307,-0.9999958363102307,-0.0224263034760952,-0.021597953513264656,0.007154539227485657,-0.005048941355198622,-0.026409655809402466,-0.017394939437508583,0.9944335051518013,-0.105360680830618,-0.0010982770059378665,0.10536226007675209,0.994432819483566,0.0014957043701487073,0.0009345742879784229,-0.001603095394823218,0.9999982783266044,-0.0010305802570655942,-0.00011677414295263588,-0.001011429587379098,-0.0224263034760952,-0.021597953513264656,0.007154539227485657,-0.005048941355198622,-0.026409655809402466,-0.017394939437508583,0.9944335051518013,-0.105360680830618,-0.0010982770059378665,0.10536226007675209,0.994432819483566,0.0014957043701487073,0.0009345742879784229,-0.001603095394823218,0.9999982783266044,-0.0010305802570655942,-0.00011677414295263588,-0.001011429587379098,39.999666904818454,-0.02799128103486391,-0.0005019900783028299,0.0003796228401338505,39.999666904818454,-0.02799128103486391,-0.0005019900783028299,0.0003796228401338505,-0.027665825560688972,-0.0018778147641569376,0.00019524991512298584,0.0,0.0,0.0,0.9944643689771906,-0.10507083181458188,-0.0008949077072479619,0.10507160089719925,0.994464317974604,0.0008606296898600024,0.0007995267070470841,-0.0009498948953851546,0.9999992292280907,0.0,0.0,0.0
7,1774038315610749517,0.183619123,183,19.572504,15.516725004999898,80.0,1.0,-1.0,-0.022178510203957558,-0.022511564195156097,0.007402434945106506,-0.004805185832083225,-0.027021845802664757,-0.017337456345558167,0.994432296324469,-0.1053725576234803,-0.0011133399444032948,0.10537417810715399,0.994431595761746,0.0015137167487046937,0.0009476362653160902,-0.0016226058473242395,0.9999982345664937,-0.0001115267223212868,0.000724697660189122,-0.0003288831503596157,-0.022178510203957558,-0.022511564195156097,0.007402434945106506,-0.004805185832083225,-0.027021845802664757,-0.017337456345558167,0.994432296324469,-0.1053725576234803,-0.0011133399444032948,0.10537417810715399,0.994431595761746,0.0015137167487046937,0.0009476362653160902,-0.0016226058473242395,0.9999982345664937,-0.0001115267223212868,0.000724697660189122,-0.0003288831503596157,40.0000017505471,-0.030464679489155478,-0.0012757953178328479,0.00013467146389313693,40.0000017505471,-0.030464679489155478,-0.0012757953178328479,0.00013467146389313693,-0.027665825560688972,-0.0018778147641569376,0.00019524991512298584,0.0,0.0,0.0,0.9944643689771906,-0.10507083181458188,-0.0008949077072479619,0.10507160089719925,0.994464317974604,0.0008606296898600024,0.0007995267070470841,-0.0009498948953851546,0.9999992292280907,0.0,0.0,0.0
8,1774038315630608891,0.203478497,203,19.859374,18.660679997992702,79.99376812830002,0.9999221016037503,-0.9999221016037503,-0.021827634423971176,-0.0238789115101099,0.007811352610588074,-0.0044042435474693775,-0.02805381827056408,-0.0033917969558387995,0.9944303550056451,-0.10539079590283817,-0.0011346543517109682,0.10539240238010894,0.9944297548872095,0.0014636850906546185,0.0009740751649641964,-0.001575116540279236,0.9999982850914432,-0.007828530855476856,0.0010169378947466612,4.0716578951105475e-05,-0.021827634423971176,-0.0238789115101099,0.007811352610588074,-0.0044042435474693775,-0.02805381827056408,-0.0033917969558387995,0.9944303550056451,-0.10539079590283817,-0.0011346543517109682,0.10539240238010894,0.9944297548872095,0.0014636850906546185,0.0009740751649641964,-0.001575116540279236,0.9999982850914432,-0.007828530855476856,0.0010169378947466612,4.0716578951105475e-05,39.99376812830002,-0.026187011917722394,-0.0015920902636094335,2.5990965018557105e-06,39.99376812830002,-0.026187011917722394,-0.0015920902636094335,2.5990965018557105e-06,-0.027665825560688972,-0.0018778147641569376,0.00019524991512298584,0.0,0.0,0.0,0.9944643689771906,-0.10507083181458188,-0.0008949077072479619,0.10507160089719925,0.994464317974604,0.0008606296898600024,0.0007995267070470841,-0.0009498948953851546,0.9999992292280907,0.0,0.0,0.0
9,1774038315654472446,0.227342052,227,23.863555,14.833125998848118,0.00010739855392216668,1.3424819240270836e-06,-1.3424819240270836e-06,-0.02148749679327011,-0.02522474341094494,0.009355485439300537,-0.004086747765541077,-0.02900349162518978,0.07431405782699585,0.9944290837566806,-0.10540244091243367,-0.0011362673656442077,0.10540355440152949,0.994429142772565,0.0009690197579810824,0.0010278003301203568,-0.0010833878802119898,0.9999988849480544,-0.030278023332357407,-0.00011402077507227659,0.00042672612471506,-0.02148749679327011,-0.02522474341094494,0.009355485439300537,-0.004086747765541077,-0.02900349162518978,0.07431405782699585,0.9944290837566806,-0.10540244091243367,-0.0011362673656442077,0.10540355440152949,0.994429142772565,0.0009690197579810824,0.0010278003301203568,-0.0010833878802119898,0.9999988849480544,-0.030278023332357407,-0.00011402077507227659,0.00042672612471506,-39.99989260144608,-0.009360435159657385,-0.0006324452356588991,-0.00013413993684433998,-39.99989260144608,-0.009360435159657385,-0.0006324452356588991,-0.00013413993684433998,-0.027665825560688972,-0.0018778147641569376,0.00019524991512298584,0.0,0.0,0.0,0.9944643689771906,-0.10507083181458188,-0.0008949077072479619,0.10507160089719925,0.994464317974604,0.0008606296898600024,0.0007995267070470841,-0.0009498948953851546,0.9999992292280907,0.0,0.0,0.0
10,1774038315674592302,0.247461908,247,20.119856,17.955856004846282,0.0,0.0,-0.0,-0.021141137927770615,-0.026548851281404495,0.013054385781288147,-0.0037177582271397114,-0.029903944581747055,0.16882987320423126,0.9944276603328411,-0.10541449875722897,-0.0011526480277360522,0.10541444828796598,0.994428328200376,-0.00010462081632147194,0.0011572544496361824,-1.7467966362424286e-05,0.9999993302282549,-0.0551152229309082,0.0003079267335124314,-0.0008314886363223195,-0.021141137927770615,-0.026548851281404495,0.013054385781288147,-0.0037177582271397114,-0.029903944581747055,0.16882987320423126,0.9944276603328411,-0.10541449875722897,-0.0011526480277360522,0.10541444828796598,0.994428328200376,-0.00010462081632147194,0.0011572544496361824,-1.7467966362424286e-05,0.9999993302282549,-0.0551152229309082,0.0003079267335124314,-0.0008314886363223195,-40.00653541647269,0.009882078346169025,-0.001073839808256151,0.0003195024172043963,-40.00653541647269,0.009882078346169025,-0.001073839808256151,0.0003195024172043963,-0.027665825560688972,-0.0018778147641569376,0.00019524991512298584,0.0,0.0,0.0,0.9944643689771906,-0.10507083181458188,-0.0008949077072479619,0.10507160089719925,0.994464317974604,0.0008606296898600024,0.0007995267070470841,-0.0009498948953851546,0.9999992292280907,0.0,0.0,0.0
11,1774038315694828162,0.267697768,267,20.23586,14.44411500415299,0.007094977036331329,8.868721295414161e-05,-8.868721295414161e-05,-0.021014926955103874,-0.02698606811463833,0.014823958277702332,-0.0035412695724517107,-0.03011918067932129,0.201059490442276,0.9944272531132945,-0.10541878761619428,-0.0011582755878029576,0.10541814239733527,0.9944278121403649,-0.0006048259800405971,0.0012155814603093083,0.00047935218449971125,0.9999991462912432,-0.06568598747253418,4.498141061048955e-05,-0.0003708427830133587,-0.021014926955103874,-0.02698606811463833,0.014823958277702332,-0.0035412695724517107,-0.03011918067932129,0.201059490442276,0.9944272531132945,-0.10541878761619428,-0.0011582755878029576,0.10541814239733527,0.9944278121403649,-0.0006048259800405971,0.0012155814603093083,0.00047935218449971125,0.9999991462912432,-0.06568598747253418,4.498141061048955e-05,-0.0003708427830133587,-39.99290502296367,0.018348822556105277,-0.000886367094586374,0.00015410166515089215,-39.99290502296367,0.018348822556105277,-0.000886367094586374,0.00015410166515089215,-0.027665825560688972,-0.0018778147641569376,0.00019524991512298584,0.0,0.0,0.0,0.9944643689771906,-0.10507083181458188,-0.0008949077072479619,0.10507160089719925,0.994464317974604,0.0008606296898600024,0.0007995267070470841,-0.0009498948953851546,0.9999992292280907,0.0,0.0,0.0
12,1774038315710662562,0.283532168,283,15.8344,17.68171100411564,3.8193222451354814e-07,4.774152806419352e-09,-4.774152806419352e-09,-0.020611504092812538,-0.028262469917535782,0.021780401468276978,-0.00300380471162498,-0.030141187831759453,0.297991544008255,0.9944260893868283,-0.10543061322077407,-0.0011422106858903214,0.10542744404441184,0.9944238141428549,-0.002549119436701122,0.0014045964351585422,0.0024144904240583354,0.9999960986651061,-0.09445429593324661,-0.0010213847272098064,-0.0004806421638932079,-0.020611504092812538,-0.028262469917535782,0.021780401468276978,-0.00300380471162498,-0.030141187831759453,0.297991544008255,0.9944260893868283,-0.10543061322077407,-0.0011422106858903214,0.10542744404441184,0.9944238141428549,-0.002549119436701122,0.0014045964351585422,0.0024144904240583354,0.9999960986651061,-0.09445429593324661,-0.0010213847272098064,-0.0004806421638932079,-39.999999618067775,0.0412089601598283,-0.00012477895258119673,0.0001936605867181598,-39.999999618067775,0.0412089601598283,-0.00012477895258119673,0.0001936605867181598,-0.027665825560688972,-0.0018778147641569376,0.00019524991512298584,0.0,0.0,0.0,0.9944643689771906,-0.10507083181458188,-0.0008949077072479619,0.10507160089719925,0.994464317974604,0.0008606296898600024,0.0007995267070470841,-0.0009498948953851546,0.9999992292280907,0.0,0.0,0.0
13,1774038315729710854,0.30258046,302,19.048292,22.245234009460546,0.0,0.0,-0.0,-0.02030341513454914,-0.029075372964143753,0.02786034345626831,-0.002655256539583206,-0.02983684279024601,0.3627769947052002,0.9944260719352864,-0.10543143903439223,-0.0011128565924760914,0.10542588573873135,0.9944183026745255,-0.00422625747192501,0.0015522247452703364,0.00408537640304904,0.9999904501044263,-0.11225077509880066,-0.0029900958761572838,-0.00048044288996607065,-0.02030341513454914,-0.029075372964143753,0.02786034345626831,-0.002655256539583206,-0.02983684279024601,0.3627769947052002,0.9944260719352864,-0.10543143903439223,-0.0011128565924760914,0.10542588573873135,0.9944183026745255,-0.00422625747192501,0.0015522247452703364,0.00408537640304904,0.9999904501044263,-0.11225077509880066,-0.0029900958761572838,-0.00048044288996607065,-40.0001598897668,0.055291236123438205,0.001426516377893148,0.00019340952037052306,-40.0001598897668,0.055291236123438205,0.001426516377893148,0.00019340952037052306,-0.027665825560688972,-0.0018778147641569376,0.00019524991512298584,0.0,0.0,0.0,0.9944643689771906,-0.10507083181458188,-0.0008949077072479619,0.10507160089719925,0.994464317974604,0.0008606296898600024,0.0007995267070470841,-0.0009498948953851546,0.9999992292280907,0.0,0.0,0.0
14,1774038315753275207,0.326144813,326,23.564353,10.550567996688187,0.0,0.0,-0.0,-0.01980285532772541,-0.030213002115488052,0.0393843799829483,-0.0019224043935537338,-0.028601886704564095,0.46036043763160706,0.9944251593797268,-0.10543972804263091,-0.0010561064895766026,0.10542922270463673,0.9943996834824597,-0.007348313236979431,0.0018249959040241293,0.007196002938881285,0.9999724430867487,-0.14299865067005157,-0.004247918725013733,-6.403544102795422e-05,-0.01980285532772541,-0.030213002115488052,0.0393843799829483,-0.0019224043935537338,-0.028601886704564095,0.46036043763160706,0.9944251593797268,-0.10543972804263091,-0.0010561064895766026,0.10542922270463673,0.9943996834824597,-0.007348313236979431,0.0018249959040241293,0.007196002938881285,0.9999724430867487,-0.14299865067005157,-0.004247918725013733,-6.403544102795422e-05,-40.000012344598986,0.0800960430274754,0.0022690271730653523,4.267598324191938e-05,-40.000012344598986,0.0800960430274754,0.0022690271730653523,4.267598324191938e-05,-0.027665825560688972,-0.0018778147641569376,0.00019524991512298584,0.0,0.0,0.0,0.9944643689771906,-0.10507083181458188,-0.0008949077072479619,0.10507160089719925,0.994464317974604,0.0008606296898600024,0.0007995267070470841,-0.0009498948953851546,0.9999992292280907,0.0,0.0,0.0
15,1774038315765206449,0.338076055,338,11.931242,21.70810499228537,1.058159635647371e-05,1.3226995445592138e-07,-1.3226995445592138e-07,-0.0196311604231596,-0.030570723116397858,0.043806999921798706,-0.0016538784839212894,-0.027955252677202225,0.4928535521030426,0.9944255446476195,-0.10543585006767131,-0.0010309550045769778,0.10542325779079942,0.9943905283975522,-0.008564983716534746,0.001928228490836792,0.008408552144875653,0.999962788399583,-0.15507419407367706,-0.003974567167460918,0.00021349760936573148,-0.0196311604231596,-0.030570723116397858,0.043806999921798706,-0.0016538784839212894,-0.027955252677202225,0.4928535521030426,0.9944255446476195,-0.10543585006767131,-0.0010309550045769778,0.10542325779079942,0.9943905283975522,-0.008564983716534746,0.001928228490836792,0.008408552144875653,0.999962788399583,-0.15507419407367706,-0.003974567167460918,0.00021349760936573148,-39.99998941840364,0.08999879966155369,0.0019495786125437059,-5.765218280923523e-05,-39.99998941840364,0.08999879966155369,0.0019495786125437059,-5.765218280923523e-05,-0.027665825560688972,-0.0018778147641569376,0.00019524991512298584,0.0,0.0,0.0,0.9944643689771906,-0.10507083181458188,-0.0008949077072479619,0.10507160089719925,0.994464317974604,0.0008606296898600024,0.0007995267070470841,-0.0009498948953851546,0.9999992292280907,0.0,0.0,0.0
16,1774038315788273189,0.361142795,361,23.06674,23.83240600465797,0.0,0.0,-0.0,-0.018925372511148453,-0.03181472420692444,0.06475792825222015,-0.0004438777978066355,-0.024321919307112694,0.5730083584785461,0.9944257501281647,-0.10543685745676545,-0.0008472269841216518,0.10541424508090169,0.9943267765733105,-0.014223907364449229,0.0023421429117983505,0.014055308636090835,0.999898476189479,-0.19041882455348969,-0.006606116425246,-0.0010530872968956828,-0.018925372511148453,-0.03181472420692444,0.06475792825222015,-0.0004438777978066355,-0.024321919307112694,0.5730083584785461,0.9944257501281647,-0.10543685745676545,-0.0008472269841216518,0.10541424508090169,0.9943267765733105,-0.014223907364449229,0.0023421429117983505,0.014055308636090835,0.999898476189479,-0.19041882455348969,-0.006606116425246,-0.0010530872968956828,-40.000044449487376,0.11859737824488914,0.003763197569113108,0.0003944044580563205,-40.000044449487376,0.11859737824488914,0.003763197569113108,0.0003944044580563205,-0.027665825560688972,-0.0018778147641569376,0.00019524991512298584,0.0,0.0,0.0,0.9944643689771906,-0.10507083181458188,-0.0008949077072479619,0.10507160089719925,0.994464317974604,0.0008606296898600024,0.0007995267070470841,-0.0009498948953851546,0.9999992292280907,0.0,0.0,0.0
17,1774038315813538556,0.386408162,386,25.265367,11.729823992936872,1.9722267126098814e-06,2.4652833907623516e-08,-2.4652833907623516e-08,-0.01857876032590866,-0.03235097974538803,0.07537208497524261,-0.00011416840425226837,-0.023529624566435814,0.4834851026535034,0.9944261924188237,-0.1054326773075811,-0.0007405814893414742,0.10540408262373457,0.9942782960254323,-0.017340688899317225,0.0025646189074688963,0.017165974551557273,0.9998493646816895,-0.19551998376846313,-0.0083379615098238,-0.00048661083565093577,-0.01857876032590866,-0.03235097974538803,0.07537208497524261,-0.00011416840425226837,-0.023529624566435814,0.4834851026535034,0.9944261924188237,-0.1054326773075811,-0.0007405814893414742,0.10540408262373457,0.9942782960254323,-0.017340688899317225,0.0025646189074688963,0.017165974551557273,0.9998493646816895,-0.19551998376846313,-0.0083379615098238,-0.00048661083565093577,-39.99999802777329,0.1222204319869131,0.00496704268228656,0.00018799772729235394,-39.99999802777329,0.1222204319869131,0.00496704268228656,0.00018799772729235394,-0.027665825560688972,-0.0018778147641569376,0.00019524991512298584,0.0,0.0,0.0,0.9944643689771906,-0.10507083181458188,-0.0008949077072479619,0.10507160089719925,0.994464317974604,0.0008606296898600024,0.0007995267070470841,-0.0009498948953851546,0.9999992292280907,0.0,0.0,0.0
18,1774038315826599410,0.399469016,399,13.060854,11.186185001861304,4.8520935848728186e-05,6.065116981091023e-07,-6.065116981091023e-07,-0.018409140408039093,-0.03260181099176407,0.08019427955150604,-3.9904989534989e-06,-0.023290876299142838,0.42270997166633606,0.9944263669144687,-0.10543162233493053,-0.0006809186298552539,0.10539997498985532,0.9942500352727835,-0.018915667651435486,0.0026713120224608478,0.018738469119933543,0.9998208508936397,-0.19739258289337158,-0.008012412115931511,-0.0003806405875366181,-0.018409140408039093,-0.03260181099176407,0.08019427955150604,-3.9904989534989e-06,-0.023290876299142838,0.42270997166633606,0.9944263669144687,-0.10543162233493053,-0.0006809186298552539,0.10539997498985532,0.9942500352727835,-0.018915667651435486,0.0026713120224608478,0.018738469119933543,0.9998208508936397,-0.19739258289337158,-0.008012412115931511,-0.0003806405875366181,-39.99995147906415,0.12349081724029136,0.004549616812238248,0.00014838602441647156,-39.99995147906415,0.12349081724029136,0.004549616812238248,0.00014838602441647156,-0.027665825560688972,-0.0018778147641569376,0.00019524991512298584,0.0,0.0,0.0,0.9944643689771906,-0.10507083181458188,-0.0008949077072479619,0.10507160089719925,0.994464317974604,0.0008606296898600024,0.0007995267070470841,-0.0009498948953851546,0.9999992292280907,0.0,0.0,0.0
19,1774038315840575294,0.4134449,413,13.975884,17.466698001953773,3.0206984021674543e-05,3.775873002709318e-07,-3.775873002709318e-07,-0.01791471801698208,-0.03331698104739189,0.0916043072938919,0.0003181542851962149,-0.022992245852947235,0.2167607545852661,0.9944269830618231,-0.10542668483597062,-0.0004910806625937347,0.10538559316954754,0.9941496571013511,-0.023672509643199557,0.0029839212626812106,0.023488828981510945,0.9997196462709341,-0.19987070560455322,-0.00837662909179926,-0.0006759986863471568,-0.01791471801698208,-0.03331698104739189,0.0916043072938919,0.0003181542851962149,-0.022992245852947235,0.2167607545852661,0.9944269830618231,-0.10542668483597062,-0.0004910806625937347,0.10538559316954754,0.9941496571013511,-0.023672509643199557,0.0029839212626812106,0.023488828981510945,0.9997196462709341,-0.19987070560455322,-0.00837662909179926,-0.0006759986863471568,-39.99996979301598,0.12462515512130795,0.004446305336890858,0.00025058536836833963,-39.99996979301598,0.12462515512130795,0.004446305336890858,0.00025058536836833963,-0.027665825560688972,-0.0018778147641569376,0.00019524991512298584,0.0,0.0,0.0,0.9944643689771906,-0.10507083181458188,-0.0008949077072479619,0.10507160089719925,0.994464317974604,0.0008606296898600024,0.0007995267070470841,-0.0009498948953851546,0.9999992292280907,0.0,0.0,0.0
20,1774038315862382744,0.43525235,435,21.80745,14.965890004532412,0.0004481124253885582,5.601405317356978e-06,-5.601405317356978e-06,-0.017594223842024803,-0.0337572917342186,0.0965941995382309,0.00044004846131429076,-0.022832470014691353,0.0715135931968689,0.9944273926857637,-0.10542384700340146,-0.0003834986698577625,0.10537555255071385,0.9940695808592049,-0.026866991634179382,0.003213643611254313,0.02667685898753247,0.9996389436922227,-0.1998557448387146,-0.0074317483231425285,0.0008226140635088086,-0.017594223842024803,-0.0337572917342186,0.0965941995382309,0.00044004846131429076,-0.022832470014691353,0.0715135931968689,0.9944273926857637,-0.10542384700340146,-0.0003834986698577625,0.10537555255071385,0.9940695808592049,-0.026866991634179382,0.003213643611254313,0.02667685898753247,0.9996389436922227,-0.1998557448387146,-0.0074317483231425285,0.0008226140635088086,-39.99955188757461,0.12405058967273787,0.00336453695144008,-0.0002909265460921969,-39.99955188757461,0.12405058967273787,0.00336453695144008,-0.0002909265460921969,-0.027665825560688972,-0.0018778147641569376,0.00019524991512298584,0.0,0.0,0.0,0.9944643689771906,-0.10507083181458188,-0.0008949077072479619,0.10507160089719925,0.994464317974604,0.0008606296898600024,0.0007995267070470841,-0.0009498948953851546,0.9999992292280907,0.0,0.0,0.0
21,1774038315882793300,0.455662906,455,20.410556,17.600999999558553,80.0,1.0,-1.0,-0.017102768644690514,-0.03437919169664383,0.09930174052715302,0.0007380807655863464,-0.02275701053440571,-0.15053613483905792,0.994428704688653,-0.10541156871257806,-0.0002003320259331698,0.10535251367156584,0.9939317116704615,-0.03163365382540051,0.0035336680328843517,0.031436306677141035,0.9994995106814327,-0.19900402426719666,-0.008963390253484249,-0.00027699227211996913,-0.017102768644690514,-0.03437919169664383,0.09930174052715302,0.0007380807655863464,-0.02275701053440571,-0.15053613483905792,0.994428704688653,-0.10541156871257806,-0.0002003320259331698,0.10535251367156584,0.9939317116704615,-0.03163365382540051,0.0035336680328843517,0.031436306677141035,0.9994995106814327,-0.19900402426719666,-0.008963390253484249,-0.00027699227211996913,40.000000418307096,0.12272154560937255,0.004240145184084198,0.00010146395695226117,40.000000418307096,0.12272154560937255,0.004240145184084198,0.00010146395695226117,-0.027665825560688972,-0.0018778147641569376,0.00019524991512298584,0.0,0.0,0.0,0.9944643689771906,-0.10507083181458188,-0.0008949077072479619,0.10507160089719925,0.994464317974604,0.0008606296898600024,0.0007995267070470841,-0.0009498948953851546,0.9999992292280907,0.0,0.0,0.0
22,1774038315903433743,0.476303349,476,20.640443,16.344296993338503,79.99999754564976,0.9999999693206221,-0.9999999693206221,-0.01677880622446537,-0.034776706248521805,0.09797446429729462,0.0008948162430897355,-0.022694889456033707,-0.299879789352417,0.9944318675232412,-0.10538214573073912,-8.05831329619977e-05,0.10531546535210845,0.9938292653294011,-0.03481646739872446,0.003749117435105087,0.03461411582325269,0.999393719803296,-0.19845741987228394,-0.00816830713301897,0.00034248700831085443,-0.01677880622446537,-0.034776706248521805,0.09797446429729462,0.0008948162430897355,-0.022694889456033707,-0.299879789352417,0.9944318675232412,-0.10538214573073912,-8.05831329619977e-05,0.10531546535210845,0.9938292653294011,-0.03481646739872446,0.003749117435105087,0.03461411582325269,0.999393719803296,-0.19845741987228394,-0.00816830713301897,0.00034248700831085443,39.99999754564977,0.12158191679715581,0.0033220998963126064,-0.00012202620255299578,39.99999754564977,0.12158191679715581,0.0033220998963126064,-0.00012202620255299578,-0.027665825560688972,-0.0018778147641569376,0.00019524991512298584,0.0,0.0,0.0,0.9944643689771906,-0.10507083181458188,-0.0008949077072479619,0.10507160089719925,0.994464317974604,0.0008606296898600024,0.0007995267070470841,-0.0009498948953851546,0.9999992292280907,0.0,0.0,0.0
23,1774038315921927242,0.494796848,494,18.493499,18.178212994826026,79.99997425688001,0.9999996782110001,-0.9999996782110001,-0.01629003696143627,-0.03537958860397339,0.09047125279903412,0.001135513186454773,-0.02255966328084469,-0.525405764579773,0.9944340995923613,-0.10536049247333601,9.070860325077756e-05,0.10528144371114379,0.9936539175942085,-0.03959456645413961,0.00408156966608797,0.03938373661554795,0.999215823580407,-0.19877877831459045,-0.008303383365273476,-0.00044235377572476864,-0.01629003696143627,-0.03537958860397339,0.09047125279903412,0.001135513186454773,-0.02255966328084469,-0.525405764579773,0.9944340995923613,-0.10536049247333601,9.070860325077756e-05,0.10528144371114379,0.9936539175942085,-0.03959456645413961,0.00408156966608797,0.03938373661554795,0.999215823580407,-0.19877877831459045,-0.008303383365273476,-0.00044235377572476864,39.99997425688001,0.12077384702685924,0.0031046838087466764,0.0001603187899701553,39.99997425688001,0.12077384702685924,0.0031046838087466764,0.0001603187899701553,-0.027665825560688972,-0.0018778147641569376,0.00019524991512298584,0.0,0.0,0.0,0.9944643689771906,-0.10507083181458188,-0.0008949077072479619,0.10507160089719925,0.994464317974604,0.0008606296898600024,0.0007995267070470841,-0.0009498948953851546,0.9999992292280907,0.0,0.0,0.0
24,1774038315944243635,0.517113241,517,22.316393,16.50163999875076,79.99999652312259,0.9999999565390324,-0.9999999565390324,-0.015970252454280853,-0.03578073903918266,0.08209194242954254,0.0012466133339330554,-0.022509846836328506,-0.6762827634811401,0.9944351594757505,-0.10535059402113833,0.00020381741874642145,0.10526278860222504,0.9935235591421817,-0.04278736218601886,0.0043051750050902005,0.04257071026601844,0.9990841807166513,-0.19863425195217133,-0.008284643292427063,-0.0005765932728536427,-0.015970252454280853,-0.03578073903918266,0.08209194242954254,0.0012466133339330554,-0.022509846836328506,-0.6762827634811401,0.9944351594757505,-0.10535059402113833,0.00020381741874642145,0.10526278860222504,0.9935235591421817,-0.04278736218601886,0.0043051750050902005,0.04257071026601844,0.9990841807166513,-0.19863425195217133,-0.008284643292427063,-0.0005765932728536427,39.99999652312259,0.11987644398331604,0.002880781256285609,0.0002095248580181672,39.99999652312259,0.11987644398331604,0.002880781256285609,0.0002095248580181672,-0.027665825560688972,-0.0018778147641569376,0.00019524991512298584,0.0,0.0,0.0,0.9944643689771906,-0.10507083181458188,-0.0008949077072479619,0.10507160089719925,0.994464317974604,0.0008606296898600024,0.0007995267070470841,-0.0009498948953851546,0.9999992292280907,0.0,0.0,0.0
25,1774038315965988106,0.538857712,538,21.744471,19.37846800137777,80.0,1.0,-1.0,-0.015447554178535938,-0.036420393735170364,0.06277884542942047,0.0014616423286497593,-0.022457227110862732,-0.9046670198440552,0.9944390241784486,-0.10531299971267427,0.00039400456781590876,0.10521253746758275,0.9933125105248013,-0.04754507709131017,0.004615746062855752,0.047322135238187624,0.9988690156170208,-0.19805632531642914,-0.00873855222016573,0.00022311703651212156,-0.015447554178535938,-0.036420393735170364,0.06277884542942047,0.0014616423286497593,-0.022457227110862732,-0.9046670198440552,0.9944390241784486,-0.10531299971267427,0.00039400456781590876,0.10521253746758275,0.9933125105248013,-0.04754507709131017,0.004615746062855752,0.047322135238187624,0.9988690156170208,-0.19805632531642914,-0.00873855222016573,0.00022311703651212156,40.00000140875119,0.11803434917831856,0.0029840184955946,-7.492311408388435e-05,40.00000140875119,0.11803434917831856,0.0029840184955946,-7.492311408388435e-05,-0.027665825560688972,-0.0018778147641569376,0.00019524991512298584,0.0,0.0,0.0,0.9944643689771906,-0.10507083181458188,-0.0008949077072479619,0.10507160089719925,0.994464317974604,0.0008606296898600024,0.0007995267070470841,-0.0009498948953851546,0.9999992292280907,0.0,0.0,0.0
26,1774038315991472135,0.564341741,564,25.484029,31.86031899531372,80.0,1.0,-1.0,-0.015040531754493713,-0.04006285220384598,0.034358784556388855,-0.033908285200595856,-0.3817984163761139,-0.1718706637620926,0.9944445867562465,-0.10526094802288921,0.0005304925983985465,0.10520694930681707,0.9937458010317627,-0.03742947328167945,0.0034126836363744806,0.037277345438468834,0.999299131003625,1.484312891960144,0.001035208348184824,0.0009731138707138598,-0.015040531754493713,-0.04006285220384598,0.034358784556388855,-0.033908285200595856,-0.3817984163761139,-0.1718706637620926,0.9944445867562465,-0.10526094802288921,0.0005304925983985465,0.10520694930681707,0.9937458010317627,-0.03742947328167945,0.0034126836363744806,0.037277345438468834,0.999299131003625,1.484312891960144,0.001035208348184824,0.0009731138707138598,40.00112002991443,-1.3394862172446853,-0.007128363401247634,-0.00034245537555856176,40.00112002991443,-1.3394862172446853,-0.007128363401247634,-0.00034245537555856176,-0.027665825560688972,-0.0018778147641569376,0.00019524991512298584,0.0,0.0,0.0,0.9944643689771906,-0.10507083181458188,-0.0008949077072479619,0.10507160089719925,0.994464317974604,0.0008606296898600024,0.0007995267070470841,-0.0009498948953851546,0.9999992292280907,0.0,0.0,0.0
27,1774038316024542604,0.59741221,597,33.070469,37.19725900737103,80.0,1.0,-1.0,-0.015460336580872536,-0.050035715103149414,0.025658011436462402,-0.03900712728500366,-0.43622857332229614,-0.22199970483779907,0.9944492941773667,-0.10521561546268332,0.00045391093263935645,0.10521435118027322,0.9944470086000813,0.002240056769878984,-0.0006870794129328339,-0.0021798649837487805,0.9999973880517732,1.7518285512924194,0.0020628776401281357,0.0002705981023609638,-0.015460336580872536,-0.050035715103149414,0.025658011436462402,-0.03900712728500366,-0.43622857332229614,-0.22199970483779907,0.9944492941773667,-0.10521561546268332,0.00045391093263935645,0.10521435118027322,0.9944470086000813,0.002240056769878984,-0.0006870794129328339,-0.0021798649837487805,0.9999973880517732,1.7518285512924194,0.0020628776401281357,0.0002705981023609638,40.00048203182973,-1.5885108455721564,-0.006596807046541064,-8.315292096542871e-05,40.00048203182973,-1.5885108455721564,-0.006596807046541064,-8.315292096542871e-05,-0.027665825560688972,-0.0018778147641569376,0.00019524991512298584,0.0,0.0,0.0,0.9944643689771906,-0.10507083181458188,-0.0008949077072479619,0.10507160089719925,0.994464317974604,0.0008606296898600024,0.0007995267070470841,-0.0009498948953851546,0.9999992292280907,0.0,0.0,0.0
28,1774038316063077229,0.635946835,635,38.534625,26.924327001324855,0.0,0.0,-0.0,-0.015688888728618622,-0.06302986294031143,0.02333371341228485,-0.0234849713742733,-0.2886102497577667,0.19385743141174316,0.9944551065583273,-0.10516227382812349,0.00027543258411077964,0.10502832412491481,0.9933139414985629,0.047922890136539165,-0.005313267781263287,-0.047628231624025075,0.998851000340898,1.1916158199310303,0.007312396075576544,0.0002701032208278775,-0.015688888728618622,-0.06302986294031143,0.02333371341228485,-0.0234849713742733,-0.2886102497577667,0.19385743141174316,0.9944551065583273,-0.10516227382812349,0.00027543258411077964,0.10502832412491481,0.9933139414985629,0.047922890136539165,-0.005313267781263287,-0.047628231624025075,0.998851000340898,1.1916158199310303,0.007312396075576544,0.0002701032208278775,-40.001283705880994,-1.1324105202129648,-0.008235031795383853,-6.37766642618958e-05,-40.001283705880994,-1.1324105202129648,-0.008235031795383853,-6.37766642618958e-05,-0.027665825560688972,-0.0018778147641569376,0.00019524991512298584,0.0,0.0,0.0,0.9944643689771906,-0.10507083181458188,-0.0008949077072479619,0.10507160089719925,0.994464317974604,0.0008606296898600024,0.0007995267070470841,-0.0009498948953851546,0.9999992292280907,0.0,0.0,0.0
