step,timestamp_ns,experiment_time_s,reference_index,tick_dt_ms,solver_ms,px4_collective_command_newton,px4_collective_normalized,px4_thrust_body_z,state_raw_0,state_raw_1,state_raw_2,state_raw_3,state_raw_4,state_raw_5,state_raw_6,state_raw_7,state_raw_8,state_raw_9,state_raw_10,state_raw_11,state_raw_12,state_raw_13,state_raw_14,state_raw_15,state_raw_16,state_raw_17,state_used_0,state_used_1,state_used_2,state_used_3,state_used_4,state_used_5,state_used_6,state_used_7,state_used_8,state_used_9,state_used_10,state_used_11,state_used_12,state_used_13,state_used_14,state_used_15,state_used_16,state_used_17,control_raw_0,control_raw_1,control_raw_2,control_raw_3,control_used_0,control_used_1,control_used_2,control_used_3,reference_0,reference_1,reference_2,reference_3,reference_4,reference_5,reference_6,reference_7,reference_8,reference_9,reference_10,reference_11,reference_12,reference_13,reference_14,reference_15,reference_16,reference_17
0,1775068394285093533,0.0,0,0.0,0.6002290028845891,42.89095833127091,0.6917896505043695,-0.6917896505043695,0.011169313453137875,-0.01710284687578678,-0.05448885262012482,-0.006738380994647741,-0.008419119752943516,-0.022215845063328743,0.9945739135137173,-0.10403203068645572,0.0003026274990676637,0.10403204939030752,0.9945739565028349,-4.6691455713471046e-05,-0.00029612801938047346,7.792105855537225e-05,0.9999999531182518,-0.00031595249311067164,-0.0003657194029074162,0.0002759275957942009,0.011169313453137875,-0.01710284687578678,-0.05448885262012482,-0.006738380994647741,-0.008419119752943516,-0.022215845063328743,0.9945739135137173,-0.10403203068645572,0.0003026274990676637,0.10403204939030752,0.9945739565028349,-4.6691455713471046e-05,-0.00029612801938047346,7.792105855537225e-05,0.9999999531182518,-0.00031595249311067164,-0.0003657194029074162,0.0002759275957942009,42.89095833127091,-0.001410899714213082,0.001999914796787651,-0.00010314911989832984,42.89095833127091,-0.001410899714213082,0.001999914796787651,-0.00010314911989832984,0.010767519474029541,-0.018888287246227264,-0.05338883399963379,0.0,0.0,0.0,0.9945659160667613,-0.10410878252234085,0.0,0.10410878252234085,0.9945659160667613,0.0,0.0,0.0,1.0,0.0,0.0,0.0
1,1775068394295054237,0.009960704,9,9.960704,0.2946560016425792,42.89274786352303,0.6918185139277908,-0.6918185139277908,0.011270463466644287,-0.016888612881302834,-0.054594919085502625,-0.006623401306569576,-0.008117079734802246,-0.02215397171676159,0.9945748503260696,-0.10402387894665921,0.00030095211823060256,0.1040239054242964,0.9945748903618656,-7.366393268309727e-05,-0.0002916565931338506,0.00010457047445327008,0.9999999520007268,0.00022262113634496927,6.989677785895765e-05,5.106601747684181e-05,0.011270463466644287,-0.016888612881302834,-0.054594919085502625,-0.006623401306569576,-0.008117079734802246,-0.02215397171676159,0.9945748503260696,-0.10402387894665921,0.00030095211823060256,0.1040239054242964,0.9945748903618656,-7.366393268309727e-05,-0.0002916565931338506,0.00010457047445327008,0.9999999520007268,0.00022262113634496927,6.989677785895765e-05,5.106601747684181e-05,42.89274786352303,-0.0013865456030725002,0.0018600939663485064,-7.597173230383332e-05,42.89274786352303,-0.0013865456030725002,0.0018600939663485064,-7.597173230383332e-05,0.010767519474029541,-0.018888287246227264,-0.05338883399963379,0.0,0.0,0.0,0.9945659160667613,-0.10410878252234085,0.0,0.10410878252234085,0.9945659160667613,0.0,0.0,0.0,1.0,0.0,0.0,0.0
2,1775068394305098354,0.020004821,20,10.044117,0.4524360010691453,42.89437420472373,0.6918447452374795,-0.6918447452374795,0.011328368447721004,-0.016783034428954124,-0.054659247398376465,-0.006548796780407429,-0.007950486615300179,-0.02215580828487873,0.9945748780036687,-0.10402334568512561,0.0002972590060966755,0.10402337591053223,0.9945749153669461,-8.805377990085163e-05,-0.00028648669011368914,0.00011849793773781054,0.9999999519418094,-0.0011579510755836964,-0.00013394452980719507,-0.0003822519211098552,0.011328368447721004,-0.016783034428954124,-0.054659247398376465,-0.006548796780407429,-0.007950486615300179,-0.02215580828487873,0.9945748780036687,-0.10402334568512561,0.0002972590060966755,0.10402337591053223,0.9945749153669461,-8.805377990085163e-05,-0.00028648669011368914,0.00011849793773781054,0.9999999519418094,-0.0011579510755836964,-0.00013394452980719507,-0.0003822519211098552,42.89437420472373,-0.000956225618647994,0.001884356187489431,-1.1394400525800087e-05,42.89437420472373,-0.000956225618647994,0.001884356187489431,-1.1394400525800087e-05,0.010767519474029541,-0.018888287246227264,-0.05338883399963379,0.0,0.0,0.0,0.9945659160667613,-0.10410878252234085,0.0,0.10410878252234085,0.9945659160667613,0.0,0.0,0.0,1.0,0.0,0.0,0.0
3,1775068394315077691,0.029984158,29,9.979337,0.3356039997015614,42.89658909396751,0.6918804692575405,-0.6918804692575405,0.011384587734937668,-0.016678212210536003,-0.05472785234451294,-0.0064366478472948074,-0.007795183453708887,-0.02219478413462639,0.994575151223005,-0.1040196245068099,0.0003040040417794064,0.10401966116817696,0.9945751880579206,-0.00010733715533541716,-0.00029118971424548987,0.0001383772837258504,0.9999999480301353,-0.00046773231588304043,-0.000632267096079886,-0.0002055047661997378,0.011384587734937668,-0.016678212210536003,-0.05472785234451294,-0.0064366478472948074,-0.007795183453708887,-0.02219478413462639,0.994575151223005,-0.1040196245068099,0.0003040040417794064,0.10401966116817696,0.9945751880579206,-0.00010733715533541716,-0.00029118971424548987,0.0001383772837258504,0.9999999480301353,-0.00046773231588304043,-0.000632267096079886,-0.0002055047661997378,42.89658909396751,-0.0010329515637153748,0.0020007755891692457,-4.0879166880605715e-05,42.89658909396751,-0.0010329515637153748,0.0020007755891692457,-4.0879166880605715e-05,0.010767519474029541,-0.018888287246227264,-0.05338883399963379,0.0,0.0,0.0,0.9945659160667613,-0.10410878252234085,0.0,0.10410878252234085,0.9945659160667613,0.0,0.0,0.0,1.0,0.0,0.0,0.0
4,1775068394325067346,0.039973813,39,9.989655,0.35567400118452497,42.8996582462693,0.6919299717140209,-0.6919299717140209,0.011439409106969833,-0.01657436043024063,-0.05480088293552399,-0.006327535025775433,-0.007671901490539312,-0.022290967404842377,0.9945746230635301,-0.10402670922834778,0.0003100539212710935,0.10402675112645077,0.9945746595065096,-0.0001221714985913721,-0.00029566264803606267,0.0001537625042718361,0.9999999444703522,-0.0004424327053129673,-0.0007986175478436053,-0.0015388426836580038,0.011439409106969833,-0.01657436043024063,-0.05480088293552399,-0.006327535025775433,-0.007671901490539312,-0.022290967404842377,0.9945746230635301,-0.10402670922834778,0.0003100539212710935,0.10402675112645077,0.9945746595065096,-0.0001221714985913721,-0.00029566264803606267,0.0001537625042718361,0.9999999444703522,-0.0004424327053129673,-0.0007986175478436053,-0.0015388426836580038,42.8996582462693,-0.0009611435309126111,0.002032483811109188,0.0001648112061387471,42.8996582462693,-0.0009611435309126111,0.002032483811109188,0.0001648112061387471,0.010767519474029541,-0.018888287246227264,-0.05338883399963379,0.0,0.0,0.0,0.9945659160667613,-0.10410878252234085,0.0,0.10410878252234085,0.9945659160667613,0.0,0.0,0.0,1.0,0.0,0.0,0.0
5,1775068394335065640,0.049972107,49,9.998294,0.2906580011767801,42.90404166102692,0.6920006719520472,-0.6920006719520472,0.01156213041394949,-0.016378015279769897,-0.054949432611465454,-0.006233619060367346,-0.007374141365289688,-0.022348996251821518,0.9945743271035111,-0.10402918593910648,0.00030456446508328764,0.10402923805795217,0.9945743553251093,-0.00016055779617075864,-0.00028620929509151757,0.000191370213737396,0.9999999407308455,-0.0007160192471928895,7.288988854270428e-05,-0.0010904852533712983,0.01156213041394949,-0.016378015279769897,-0.054949432611465454,-0.006233619060367346,-0.007374141365289688,-0.022348996251821518,0.9945743271035111,-0.10402918593910648,0.00030456446508328764,0.10402923805795217,0.9945743553251093,-0.00016055779617075864,-0.00028620929509151757,0.000191370213737396,0.9999999407308455,-0.0007160192471928895,7.288988854270428e-05,-0.0010904852533712983,42.90404166102692,-0.0007085123201767587,0.001775293998929646,9.956464809901176e-05,42.90404166102692,-0.0007085123201767587,0.001775293998929646,9.956464809901176e-05,0.010767519474029541,-0.018888287246227264,-0.05338883399963379,0.0,0.0,0.0,0.9945659160667613,-0.10410878252234085,0.0,0.10410878252234085,0.9945659160667613,0.0,0.0,0.0,1.0,0.0,0.0,0.0
6,1775068394345067692,0.059974159,59,10.002052,0.4727220002678223,42.90536032616541,0.6920219407446033,-0.6920219407446033,0.011620559729635715,-0.01628059893846512,-0.05499759316444397,-0.006172393448650837,-0.007243632338941097,-0.022355537861585617,0.9945751038350354,-0.1040206826185488,0.0003058805074238817,0.10402073840509973,0.9945751300839416,-0.0001724643597498074,-0.0002862812833242553,0.0002033466671082164,0.999999938346579,5.889895328436978e-05,-3.222463419660926e-05,0.001155226957052946,0.011620559729635715,-0.01628059893846512,-0.05499759316444397,-0.006172393448650837,-0.007243632338941097,-0.022355537861585617,0.9945751038350354,-0.1040206826185488,0.0003058805074238817,0.10402073840509973,0.9945751300839416,-0.0001724643597498074,-0.0002862812833242553,0.0002033466671082164,0.999999938346579,5.889895328436978e-05,-3.222463419660926e-05,0.001155226957052946,42.90536032616541,-0.0008318648442568943,0.0017892419066149706,-0.00024411715320630663,42.90536032616541,-0.0008318648442568943,0.0017892419066149706,-0.00024411715320630663,0.010767519474029541,-0.018888287246227264,-0.05338883399963379,0.0,0.0,0.0,0.9945659160667613,-0.10410878252234085,0.0,0.10410878252234085,0.9945659160667613,0.0,0.0,0.0,1.0,0.0,0.0,0.0
7,1775068394355072838,0.069979305,69,10.005146,0.41795500146690756,42.90652225413969,0.692040681518382,-0.692040681518382,0.011677242815494537,-0.016184071078896523,-0.05505022406578064,-0.006096870172768831,-0.007132892496883869,-0.022341646254062653,0.9945761445151392,-0.10401040841858622,0.0003114532083014609,0.10401046770463696,0.9945761706876765,-0.0001805801759431052,-0.00029098172294366766,0.0002119951363065923,0.9999999351938466,0.00028588439454324543,-0.0008754132431931794,0.0010935814352706075,0.011677242815494537,-0.016184071078896523,-0.05505022406578064,-0.006096870172768831,-0.007132892496883869,-0.022341646254062653,0.9945761445151392,-0.10401040841858622,0.0003114532083014609,0.10401046770463696,0.9945761706876765,-0.0001805801759431052,-0.00029098172294366766,0.0002119951363065923,0.9999999351938466,0.00028588439454324543,-0.0008754132431931794,0.0010935814352706075,42.90652225413969,-0.0008315809822760721,0.0019952171985668757,-0.0002431270181255629,42.90652225413969,-0.0008315809822760721,0.0019952171985668757,-0.0002431270181255629,0.010767519474029541,-0.018888287246227264,-0.05338883399963379,0.0,0.0,0.0,0.9945659160667613,-0.10410878252234085,0.0,0.10410878252234085,0.9945659160667613,0.0,0.0,0.0,1.0,0.0,0.0,0.0
8,1775068394365237705,0.080144172,80,10.164867,0.31869900340097956,42.907472880732065,0.6920560142053559,-0.6920560142053559,0.011732070706784725,-0.016099316999316216,-0.05510267615318298,-0.0060254838317632675,-0.007026849314570427,-0.02231152169406414,0.9945758102892065,-0.10401359643278729,0.0003120105553248726,0.1040136585864091,0.9945758345763657,-0.00019002656367276237,-0.000290552813610118,0.0002214491906480081,0.9999999332696561,0.0005311147542670369,3.6605117202270776e-05,-0.001124642789363861,0.011732070706784725,-0.016099316999316216,-0.05510267615318298,-0.0060254838317632675,-0.007026849314570427,-0.02231152169406414,0.9945758102892065,-0.10401359643278729,0.0003120105553248726,0.1040136585864091,0.9945758345763657,-0.00019002656367276237,-0.000290552813610118,0.0002214491906480081,0.9999999332696561,0.0005311147542670369,3.6605117202270776e-05,-0.001124642789363861,42.907472880732065,-0.0008349800146564505,0.0017507232084268186,9.217579616634671e-05,42.907472880732065,-0.0008349800146564505,0.0017507232084268186,9.217579616634671e-05,0.010767519474029541,-0.018888287246227264,-0.05338883399963379,0.0,0.0,0.0,0.9945659160667613,-0.10410878252234085,0.0,0.10410878252234085,0.9945659160667613,0.0,0.0,0.0,1.0,0.0,0.0,0.0
9,1775068394375037764,0.089944231,89,9.800059,0.3402840011403896,42.911233175602064,0.692116664122614,-0.692116664122614,0.011836991645395756,-0.015930501744151115,-0.055220529437065125,-0.005877272691577673,-0.006729304790496826,-0.02237706445157528,0.9945765624795955,-0.1040073959428034,0.00030057116850706086,0.10400745667286304,0.994576582629817,-0.00019398042640524256,-0.0002787656401690309,0.0002241899886864043,0.9999999360142863,0.0005476155783981085,0.00017931702313944697,-0.00023468797735404223,0.011836991645395756,-0.015930501744151115,-0.055220529437065125,-0.005877272691577673,-0.006729304790496826,-0.02237706445157528,0.9945765624795955,-0.1040073959428034,0.00030057116850706086,0.10400745667286304,0.994576582629817,-0.00019398042640524256,-0.0002787656401690309,0.0002241899886864043,0.9999999360142863,0.0005476155783981085,0.00017931702313944697,-0.00023468797735404223,42.911233175602064,-0.0007435291681201705,0.0016518146554762047,-4.631263890708405e-05,42.911233175602064,-0.0007435291681201705,0.0016518146554762047,-4.631263890708405e-05,0.010767519474029541,-0.018888287246227264,-0.05338883399963379,0.0,0.0,0.0,0.9945659160667613,-0.10410878252234085,0.0,0.10410878252234085,0.9945659160667613,0.0,0.0,0.0,1.0,0.0,0.0,0.0
10,1775068394385115186,0.100021653,100,10.077422,0.3691769998113159,42.91258115612351,0.6921384057439276,-0.6921384057439276,0.011887261644005775,-0.01584642007946968,-0.055285871028900146,-0.0057946741580963135,-0.006578653119504452,-0.022353149950504303,0.9945771461101277,-0.10400101836736275,0.00030178851421523625,0.10400108429661703,0.9945771624859571,-0.00021163372241231847,-0.0002781418414131171,0.00024187239575787587,0.9999999320674279,-0.0007474893354810774,-0.0002966195170301944,0.00030327282729558647,0.011887261644005775,-0.01584642007946968,-0.055285871028900146,-0.0057946741580963135,-0.006578653119504452,-0.022353149950504303,0.9945771461101277,-0.10400101836736275,0.00030178851421523625,0.10400108429661703,0.9945771624859571,-0.00021163372241231847,-0.0002781418414131171,0.00024187239575787587,0.9999999320674279,-0.0007474893354810774,-0.0002966195170301944,0.00030327282729558647,42.91258115612351,-0.00033230868019039155,0.0017551650138316651,-0.00013212314451726152,42.91258115612351,-0.00033230868019039155,0.0017551650138316651,-0.00013212314451726152,0.010767519474029541,-0.018888287246227264,-0.05338883399963379,0.0,0.0,0.0,0.9945659160667613,-0.10410878252234085,0.0,0.10410878252234085,0.9945659160667613,0.0,0.0,0.0,1.0,0.0,0.0,0.0
11,1775068394395083871,0.109990338,109,9.968685,0.5372340019675903,42.913440881432436,0.6921522722811683,-0.6921522722811683,0.011947760358452797,-0.015772514045238495,-0.05535106360912323,-0.005688301753252745,-0.006436705589294434,-0.022291818633675575,0.9945772545470855,-0.10400066359583438,0.00029615240358778065,0.1040007315375131,0.9945772663003074,-0.00022404311244367215,-0.00027124581258614446,0.00025362821518661884,0.9999999310492208,-0.0006500416784547269,0.0006095587159506977,-0.00018390554760117084,0.011947760358452797,-0.015772514045238495,-0.05535106360912323,-0.005688301753252745,-0.006436705589294434,-0.022291818633675575,0.9945772545470855,-0.10400066359583438,0.00029615240358778065,0.1040007315375131,0.9945772663003074,-0.00022404311244367215,-0.00027124581258614446,0.00025362821518661884,0.9999999310492208,-0.0006500416784547269,0.0006095587159506977,-0.00018390554760117084,42.913440881432436,-0.0002847441221745495,0.0014894486052580056,-5.9336142201239786e-05,42.913440881432436,-0.0002847441221745495,0.0014894486052580056,-5.9336142201239786e-05,0.010767519474029541,-0.018888287246227264,-0.05338883399963379,0.0,0.0,0.0,0.9945659160667613,-0.10410878252234085,0.0,0.10410878252234085,0.9945659160667613,0.0,0.0,0.0,1.0,0.0,0.0,0.0
12,1775068394405103310,0.120009777,120,10.019439,0.3378869987500366,42.91493866900314,0.692176430145212,-0.692176430145212,0.01200697012245655,-0.015698323026299477,-0.05541270971298218,-0.005581378471106291,-0.00624563405290246,-0.022285714745521545,0.9945781206695766,-0.10399216074898421,0.00028970582071737245,0.10399222924957385,0.9945781285642955,-0.00023233291913698226,-0.00026397426941726773,0.00026120036936776647,0.9999999310459765,0.0012678713537752628,0.00046208687126636505,0.0008817435591481626,0.01200697012245655,-0.015698323026299477,-0.05541270971298218,-0.005581378471106291,-0.00624563405290246,-0.022285714745521545,0.9945781206695766,-0.10399216074898421,0.00028970582071737245,0.10399222924957385,0.9945781285642955,-0.00023233291913698226,-0.00026397426941726773,0.00026120036936776647,0.9999999310459765,0.0012678713537752628,0.00046208687126636505,0.0008817435591481626,42.91493866900314,-0.0006926401437228016,0.0014861647774647628,-0.00022601681249450475,42.91493866900314,-0.0006926401437228016,0.0014861647774647628,-0.00022601681249450475,0.010767519474029541,-0.018888287246227264,-0.05338883399963379,0.0,0.0,0.0,0.9945659160667613,-0.10410878252234085,0.0,0.10410878252234085,0.9945659160667613,0.0,0.0,0.0,1.0,0.0,0.0,0.0
13,1775068394415059315,0.129965782,129,9.956005,0.2969429988297634,42.91849598299817,0.6922338061773898,-0.6922338061773898,0.012120873667299747,-0.015549952164292336,-0.05554796755313873,-0.00543947983533144,-0.006037183105945587,-0.02230233885347843,0.9945792714569727,-0.10398153235774421,0.00027887916399352747,0.10398160320735617,0.9945792710100655,-0.00025284078087344875,-0.00025107666391790734,0.00028046846064803493,0.9999999291489785,-0.000866763642989099,0.00022825867927167565,0.0008705671643838286,0.012120873667299747,-0.015549952164292336,-0.05554796755313873,-0.00543947983533144,-0.006037183105945587,-0.02230233885347843,0.9945792714569727,-0.10398153235774421,0.00027887916399352747,0.10398160320735617,0.9945792710100655,-0.00025284078087344875,-0.00025107666391790734,0.00028046846064803493,0.9999999291489785,-0.000866763642989099,0.00022825867927167565,0.0008705671643838286,42.91849598299817,-4.2575412108535e-05,0.0014810740259016163,-0.0002328908004235423,42.91849598299817,-4.2575412108535e-05,0.0014810740259016163,-0.0002328908004235423,0.010767519474029541,-0.018888287246227264,-0.05338883399963379,0.0,0.0,0.0,0.9945659160667613,-0.10410878252234085,0.0,0.10410878252234085,0.9945659160667613,0.0,0.0,0.0,1.0,0.0,0.0,0.0
14,1775068394425089603,0.13999607,139,10.030288,0.33009799881256185,42.92018245755988,0.6922610073799981,-0.6922610073799981,0.012181335128843784,-0.015495208092033863,-0.055616945028305054,-0.005368479061871767,-0.005976040381938219,-0.022296475246548653,0.9945796428106353,-0.10397763540036142,0.0002831439371441531,0.10397771041489623,0.9945796401032392,-0.00026449246504859324,-0.00025410789445080677,0.0002924994550195796,0.9999999249366238,-8.485914440825582e-05,-0.0010088884737342596,0.000274792080745101,0.012181335128843784,-0.015495208092033863,-0.055616945028305054,-0.005368479061871767,-0.005976040381938219,-0.022296475246548653,0.9945796428106353,-0.10397763540036142,0.0002831439371441531,0.10397771041489623,0.9945796401032392,-0.00026449246504859324,-0.00025410789445080677,0.0002924994550195796,0.9999999249366238,-8.485914440825582e-05,-0.0010088884737342596,0.000274792080745101,42.92018245755988,-0.00018744386827512948,0.0017810786673840022,-0.00014665101088414222,42.92018245755988,-0.00018744386827512948,0.0017810786673840022,-0.00014665101088414222,0.010767519474029541,-0.018888287246227264,-0.05338883399963379,0.0,0.0,0.0,0.9945659160667613,-0.10410878252234085,0.0,0.10410878252234085,0.9945659160667613,0.0,0.0,0.0,1.0,0.0,0.0,0.0
15,1775068394435013401,0.149919868,149,9.923798,0.30344599872478284,42.92196743850442,0.6922897973952326,-0.6922897973952326,0.012240344658493996,-0.01544052641838789,-0.05568961799144745,-0.0052872309461236,-0.0058667403645813465,-0.022291209548711777,0.9945794508919632,-0.10397976113913843,0.0002860572007458051,0.10397984099727298,0.994579444246908,-0.00028007059460848213,-0.00025538493996296466,0.0003082965982669733,0.9999999198658724,-0.0007030742708593607,-0.0007650264888070524,-0.0012003480223938823,0.012240344658493996,-0.01544052641838789,-0.05568961799144745,-0.0052872309461236,-0.0058667403645813465,-0.022291209548711777,0.9945794508919632,-0.10397976113913843,0.0002860572007458051,0.10397984099727298,0.994579444246908,-0.00028007059460848213,-0.00025538493996296466,0.0003082965982669733,0.9999999198658724,-0.0007030742708593607,-0.0007650264888070524,-0.0012003480223938823,42.92196743850442,3.7497224540988074e-05,0.0017065743217110007,7.63334108263946e-05,42.92196743850442,3.7497224540988074e-05,0.0017065743217110007,7.63334108263946e-05,0.010767519474029541,-0.018888287246227264,-0.05338883399963379,0.0,0.0,0.0,0.9945659160667613,-0.10410878252234085,0.0,0.10410878252234085,0.9945659160667613,0.0,0.0,0.0,1.0,0.0,0.0,0.0
16,1775068394445052227,0.159958694,159,10.038826,0.3357290006533731,42.92401756287193,0.6923228639172893,-0.6923228639172893,0.012298339046537876,-0.015385733917355537,-0.055766016244888306,-0.005154352635145187,-0.005796418525278568,-0.02229905314743519,0.9945789941398467,-0.10398365833347145,0.00028480473649560446,0.10398374084578887,0.9945789834081998,-0.0002920630258575281,-0.0002528910244282165,0.0003200947965322664,0.9999999167927243,-0.0005271376576274633,0.00021522553288377821,-0.00034536258317530155,0.012298339046537876,-0.015385733917355537,-0.055766016244888306,-0.005154352635145187,-0.005796418525278568,-0.02229905314743519,0.9945789941398467,-0.10398365833347145,0.00028480473649560446,0.10398374084578887,0.9945789834081998,-0.0002920630258575281,-0.0002528910244282165,0.0003200947965322664,0.9999999167927243,-0.0005271376576274633,0.00021522553288377821,-0.00034536258317530155,42.92401756287193,4.8070400271278456e-05,0.0014265633636126283,-4.87742814046492e-05,42.92401756287193,4.8070400271278456e-05,0.0014265633636126283,-4.87742814046492e-05,0.010767519474029541,-0.018888287246227264,-0.05338883399963379,0.0,0.0,0.0,0.9945659160667613,-0.10410878252234085,0.0,0.10410878252234085,0.9945659160667613,0.0,0.0,0.0,1.0,0.0,0.0,0.0
17,1775068394455006705,0.169913172,169,9.954478,0.4829940007766709,42.9287671476513,0.6923994701234081,-0.6923994701234081,0.012412558309733868,-0.015296900644898415,-0.05593404173851013,-0.005014323629438877,-0.005621226504445076,-0.022345643490552902,0.9945790066819717,-0.10398348186214856,0.00027147151712246693,0.1039835632361874,0.9945789884202036,-0.0003051216333425496,-0.00023827225823072704,0.0003316961360945118,0.9999999166020002,0.0010935778263956308,0.0008411956951022148,-0.0003139321052003652,0.012412558309733868,-0.015296900644898415,-0.05593404173851013,-0.005014323629438877,-0.005621226504445076,-0.022345643490552902,0.9945790066819717,-0.10398348186214856,0.00027147151712246693,0.1039835632361874,0.9945789884202036,-0.0003051216333425496,-0.00023827225823072704,0.0003316961360945118,0.9999999166020002,0.0010935778263956308,0.0008411956951022148,-0.0003139321052003652,42.9287671476513,-0.00027353632873689334,0.0011990225684399506,-5.362770359018057e-05,42.9287671476513,-0.00027353632873689334,0.0011990225684399506,-5.362770359018057e-05,0.010767519474029541,-0.018888287246227264,-0.05338883399963379,0.0,0.0,0.0,0.9945659160667613,-0.10410878252234085,0.0,0.10410878252234085,0.9945659160667613,0.0,0.0,0.0,1.0,0.0,0.0,0.0
18,1775068394465081736,0.179988203,179,10.075031,0.37696999788749963,42.931150346176366,0.6924379088092962,-0.6924379088092962,0.012468870729207993,-0.015262564644217491,-0.056002527475357056,-0.0049535068683326244,-0.005563798826187849,-0.02239258587360382,0.9945789733550101,-0.10398419083413857,0.0002661555271756214,0.10398427205251837,0.9945789515304795,-0.00031202620058553275,-0.0002322668974026694,0.00033801065496358827,0.9999999159004437,-0.00015856907702982426,-0.0003584245569072664,-0.0007234321674332023,0.012468870729207993,-0.015262564644217491,-0.056002527475357056,-0.0049535068683326244,-0.005563798826187849,-0.02239258587360382,0.9945789733550101,-0.10398419083413857,0.0002661555271756214,0.10398427205251837,0.9945789515304795,-0.00031202620058553275,-0.0002322668974026694,0.00033801065496358827,0.9999999159004437,-0.00015856907702982426,-0.0003584245569072664,-0.0007234321674332023,42.931150346176366,7.471582515731032e-05,0.0014679249145618382,8.362302534541365e-06,42.931150346176366,7.471582515731032e-05,0.0014679249145618382,8.362302534541365e-06,0.010767519474029541,-0.018888287246227264,-0.05338883399963379,0.0,0.0,0.0,0.9945659160667613,-0.10410878252234085,0.0,0.10410878252234085,0.9945659160667613,0.0,0.0,0.0,1.0,0.0,0.0,0.0
19,1775068394475106361,0.190012828,190,10.024625,0.4451710010471288,42.933718119268285,0.6924793245043271,-0.6924793245043271,0.012523658573627472,-0.015228272415697575,-0.05607523024082184,-0.0049208891578018665,-0.0055307247675955296,-0.02244572900235653,0.9945782600759905,-0.10399145370952545,0.0002578931525682392,0.10399153203831468,0.9945782365164242,-0.00031157904557947615,-0.0002240933670933547,0.00033670839403045086,0.9999999182048144,0.0009411804494448006,0.0010584081755951047,-0.0003562033816706389,0.012523658573627472,-0.015228272415697575,-0.05607523024082184,-0.0049208891578018665,-0.0055307247675955296,-0.02244572900235653,0.9945782600759905,-0.10399145370952545,0.0002578931525682392,0.10399153203831468,0.9945782365164242,-0.00031157904557947615,-0.0002240933670933547,0.00033670839403045086,0.9999999182048144,0.0009411804494448006,0.0010584081755951047,-0.0003562033816706389,42.933718119268285,-0.00018896133882007998,0.0010807403316561667,-4.0883625794200796e-05,42.933718119268285,-0.00018896133882007998,0.0010807403316561667,-4.0883625794200796e-05,0.010767519474029541,-0.018888287246227264,-0.05338883399963379,0.0,0.0,0.0,0.9945659160667613,-0.10410878252234085,0.0,0.10410878252234085,0.9945659160667613,0.0,0.0,0.0,1.0,0.0,0.0,0.0
20,1775068394485083612,0.199990079,199,9.977251,0.3256559975852724,42.936173870543456,0.6925189333958622,-0.6925189333958622,0.01257708016782999,-0.015194063074886799,-0.056152090430259705,-0.004842704627662897,-0.005460837390273809,-0.02248239330947399,0.9945785264642931,-0.10398791171886002,0.00025003936836733714,0.10398798918926411,0.9945784983676181,-0.0003198380945958661,-0.00021542448367610056,0.00034410519368521103,0.9999999175919502,-0.00030948928906582296,0.00010790664236992598,-0.00011079842079197988,0.01257708016782999,-0.015194063074886799,-0.056152090430259705,-0.004842704627662897,-0.005460837390273809,-0.02248239330947399,0.9945785264642931,-0.10398791171886002,0.00025003936836733714,0.10398798918926411,0.9945784983676181,-0.0003198380945958661,-0.00021542448367610056,0.00034410519368521103,0.9999999175919502,-0.00030948928906582296,0.00010790664236992598,-0.00011079842079197988,42.936173870543456,0.0001651139600836778,0.001278161093278393,-8.053749786840475e-05,42.936173870543456,0.0001651139600836778,0.001278161093278393,-8.053749786840475e-05,0.010767519474029541,-0.018888287246227264,-0.05338883399963379,0.0,0.0,0.0,0.9945659160667613,-0.10410878252234085,0.0,0.10410878252234085,0.9945659160667613,0.0,0.0,0.0,1.0,0.0,0.0,0.0
21,1775068394495061891,0.209968358,209,9.978279,0.48014500134740956,42.940515188044934,0.692588954645886,-0.692588954645886,0.012700079008936882,-0.015179447829723358,-0.056315258145332336,-0.004681154619902372,-0.005299172829836607,-0.022505003958940506,0.9945794202544351,-0.10398065003253731,0.00024580181797364186,0.10398072853879414,0.9945793871167052,-0.00033167527773697017,-0.00020998162477924584,0.0003554359869739018,0.9999999147864946,0.0006114048301242292,0.0003991302219219506,0.00035774800926446915,0.012700079008936882,-0.015179447829723358,-0.056315258145332336,-0.004681154619902372,-0.005299172829836607,-0.022505003958940506,0.9945794202544351,-0.10398065003253731,0.00024580181797364186,0.10398072853879414,0.9945793871167052,-0.00033167527773697017,-0.00020998162477924584,0.0003554359869739018,0.9999999147864946,0.0006114048301242292,0.0003991302219219506,0.00035774800926446915,42.940515188044934,3.916780053547922e-06,0.0011503484064468983,-0.00015666983030419957,42.940515188044934,3.916780053547922e-06,0.0011503484064468983,-0.00015666983030419957,0.010767519474029541,-0.018888287246227264,-0.05338883399963379,0.0,0.0,0.0,0.9945659160667613,-0.10410878252234085,0.0,0.10410878252234085,0.9945659160667613,0.0,0.0,0.0,1.0,0.0,0.0,0.0
22,1775068394505018071,0.219924538,219,9.95618,0.3104329989582766,42.94270498357735,0.692624273928667,-0.692624273928667,0.012759659439325333,-0.015171266160905361,-0.05640226602554321,-0.004606652073562145,-0.005235841032117605,-0.022501662373542786,0.9945795894934489,-0.1039790566071297,0.00023675936056266698,0.10397913275001325,0.9945795529945572,-0.0003358907273917893,-0.00020055043398195353,0.00035868802460003926,0.9999999155612186,-0.00025099667254835367,0.0008792506996542215,-0.00018069827638100833,0.012759659439325333,-0.015171266160905361,-0.05640226602554321,-0.004606652073562145,-0.005235841032117605,-0.022501662373542786,0.9945795894934489,-0.1039790566071297,0.00023675936056266698,0.10397913275001325,0.9945795529945572,-0.0003358907273917893,-0.00020055043398195353,0.00035868802460003926,0.9999999155612186,-0.00025099667254835367,0.0008792506996542215,-0.00018069827638100833,42.94270498357735,0.0002461852027007408,0.0009866672603633657,-7.718750444397493e-05,42.94270498357735,0.0002461852027007408,0.0009866672603633657,-7.718750444397493e-05,0.010767519474029541,-0.018888287246227264,-0.05338883399963379,0.0,0.0,0.0,0.9945659160667613,-0.10410878252234085,0.0,0.10410878252234085,0.9945659160667613,0.0,0.0,0.0,1.0,0.0,0.0,0.0
23,1775068394515280946,0.230187413,230,10.262875,0.30110000079730526,42.942866048651815,0.6926268717524486,-0.6926268717524486,0.012759659439325333,-0.015171266160905361,-0.05640226602554321,-0.004606652073562145,-0.005235841032117605,-0.022501662373542786,0.9945795894934489,-0.1039790566071297,0.00023675936056266698,0.10397913275001325,0.9945795529945572,-0.0003358907273917893,-0.00020055043398195353,0.00035868802460003926,0.9999999155612186,-0.00025099667254835367,0.0008792506996542215,-0.00018069827638100833,0.012759659439325333,-0.015171266160905361,-0.05640226602554321,-0.004606652073562145,-0.005235841032117605,-0.022501662373542786,0.9945795894934489,-0.1039790566071297,0.00023675936056266698,0.10397913275001325,0.9945795529945572,-0.0003358907273917893,-0.00020055043398195353,0.00035868802460003926,0.9999999155612186,-0.00025099667254835367,0.0008792506996542215,-0.00018069827638100833,42.942866048651815,0.00024618766406256306,0.0009866649554591256,-7.718750446750009e-05,42.942866048651815,0.00024618766406256306,0.0009866649554591256,-7.718750446750009e-05,0.010767519474029541,-0.018888287246227264,-0.05338883399963379,0.0,0.0,0.0,0.9945659160667613,-0.10410878252234085,0.0,0.10410878252234085,0.9945659160667613,0.0,0.0,0.0,1.0,0.0,0.0,0.0
24,1775068394525055673,0.23996214,239,9.774727,0.29263900069054216,42.94801680303816,0.6927099484360993,-0.6927099484360993,0.012883547693490982,-0.015162956900894642,-0.056611061096191406,-0.0043597095645964146,-0.005150304175913334,-0.02250184305012226,0.9945794592206232,-0.10397994362225438,0.00021968825601921147,0.10398001420882585,0.9945794183647587,-0.0003388990503736737,-0.00018325872626376348,0.0003599051756020236,0.9999999184422551,0.0009302913094870746,0.002246264833956957,0.0009969667298719287,0.012883547693490982,-0.015162956900894642,-0.056611061096191406,-0.0043597095645964146,-0.005150304175913334,-0.02250184305012226,0.9945794592206232,-0.10397994362225438,0.00021968825601921147,0.10398001420882585,0.9945794183647587,-0.0003388990503736737,-0.00018325872626376348,0.0003599051756020236,0.9999999184422551,0.0009302913094870746,0.002246264833956957,0.0009969667298719287,42.94801680303816,-1.6346114073653456e-05,0.0005388170635642116,-0.0002531191754425209,42.94801680303816,-1.6346114073653456e-05,0.0005388170635642116,-0.0002531191754425209,0.010767519474029541,-0.018888287246227264,-0.05338883399963379,0.0,0.0,0.0,0.9945659160667613,-0.10410878252234085,0.0,0.10410878252234085,0.9945659160667613,0.0,0.0,0.0,1.0,0.0,0.0,0.0
25,1775068394535196447,0.250102914,250,10.140774,0.4502119991229847,42.948186978990464,0.6927126932095236,-0.6927126932095236,0.012883547693490982,-0.015162956900894642,-0.056611061096191406,-0.0043597095645964146,-0.005150304175913334,-0.02250184305012226,0.9945794592206232,-0.10397994362225438,0.00021968825601921147,0.10398001420882585,0.9945794183647587,-0.0003388990503736737,-0.00018325872626376348,0.0003599051756020236,0.9999999184422551,0.0009302913094870746,0.002246264833956957,0.0009969667298719287,0.012883547693490982,-0.015162956900894642,-0.056611061096191406,-0.0043597095645964146,-0.005150304175913334,-0.02250184305012226,0.9945794592206232,-0.10397994362225438,0.00021968825601921147,0.10398001420882585,0.9945794183647587,-0.0003388990503736737,-0.00018325872626376348,0.0003599051756020236,0.9999999184422551,0.0009302913094870746,0.002246264833956957,0.0009969667298719287,42.948186978990464,-1.6343613414030128e-05,0.000538814879675296,-0.0002531191754724472,42.948186978990464,-1.6343613414030128e-05,0.000538814879675296,-0.0002531191754724472,0.010767519474029541,-0.018888287246227264,-0.05338883399963379,0.0,0.0,0.0,0.9945659160667613,-0.10410878252234085,0.0,0.10410878252234085,0.9945659160667613,0.0,0.0,0.0,1.0,0.0,0.0,0.0
26,1775068394545030108,0.259936575,259,9.833661,0.31624500115867704,42.96019573320457,0.6929063827936222,-0.6929063827936222,0.0130747826769948,-0.01516282930970192,-0.056985288858413696,-0.004069139715284109,-0.005097388755530119,-0.022723892703652382,0.9945787380865178,-0.10398738512146499,0.0001926466253604816,0.10398744555387607,0.9945786936821285,-0.00033596374498497984,-0.00015666626036398186,0.00035417515874307075,0.9999999250078265,-0.00043959030881524086,-0.0007119772490113974,-0.000158592127263546,0.0130747826769948,-0.01516282930970192,-0.056985288858413696,-0.004069139715284109,-0.005097388755530119,-0.022723892703652382,0.9945787380865178,-0.10398738512146499,0.0001926466253604816,0.10398744555387607,0.9945786936821285,-0.00033596374498497984,-0.00015666626036398186,0.00035417515874307075,0.9999999250078265,-0.00043959030881524086,-0.0007119772490113974,-0.000158592127263546,42.96019573320457,0.0003381265279812993,0.001129364930076631,-7.38168589886945e-05,42.96019573320457,0.0003381265279812993,0.001129364930076631,-7.38168589886945e-05,0.010767519474029541,-0.018888287246227264,-0.05338883399963379,0.0,0.0,0.0,0.9945659160667613,-0.10410878252234085,0.0,0.10410878252234085,0.9945659160667613,0.0,0.0,0.0,1.0,0.0,0.0,0.0
27,1775068394555142076,0.270048543,270,10.111968,0.43854400064446963,42.960385133757775,0.6929094376412545,-0.6929094376412545,0.0130747826769948,-0.01516282930970192,-0.056985288858413696,-0.004069139715284109,-0.005097388755530119,-0.022723892703652382,0.9945787380865178,-0.10398738512146499,0.0001926466253604816,0.10398744555387607,0.9945786936821285,-0.00033596374498497984,-0.00015666626036398186,0.00035417515874307075,0.9999999250078265,-0.00043959030881524086,-0.0007119772490113974,-0.000158592127263546,0.0130747826769948,-0.01516282930970192,-0.056985288858413696,-0.004069139715284109,-0.005097388755530119,-0.022723892703652382,0.9945787380865178,-0.10398738512146499,0.0001926466253604816,0.10398744555387607,0.9945786936821285,-0.00033596374498497984,-0.00015666626036398186,0.00035417515874307075,0.9999999250078265,-0.00043959030881524086,-0.0007119772490113974,-0.000158592127263546,42.960385133757775,0.0003381292246090095,0.0011293628592689258,-7.38168590209961e-05,42.960385133757775,0.0003381292246090095,0.0011293628592689258,-7.38168590209961e-05,0.010767519474029541,-0.018888287246227264,-0.05338883399963379,0.0,0.0,0.0,0.9945659160667613,-0.10410878252234085,0.0,0.10410878252234085,0.9945659160667613,0.0,0.0,0.0,1.0,0.0,0.0,0.0
28,1775068394565048375,0.279954842,279,9.906299,0.3132620004180353,42.96784670934971,0.6930297856346727,-0.6930297856346727,0.01319056935608387,-0.01518432330340147,-0.05724671483039856,-0.0038537669461220503,-0.005106923170387745,-0.022802386432886124,0.9945783697238405,-0.10398951269593293,0.00018129205044301044,0.10398957058107627,0.9945783199768093,-0.00034609615369267637,-0.00014431877122833992,0.00036307223444631206,0.999999923675319,0.00011438424553489313,-0.00039908982580527663,0.0003788618487305939,0.01319056935608387,-0.01518432330340147,-0.05724671483039856,-0.0038537669461220503,-0.005106923170387745,-0.022802386432886124,0.9945783697238405,-0.10398951269593293,0.00018129205044301044,0.10398957058107627,0.9945783199768093,-0.00034609615369267637,-0.00014431877122833992,0.00036307223444631206,0.999999923675319,0.00011438424553489313,-0.00039908982580527663,0.0003788618487305939,42.96784670934971,0.00022649396338062143,0.0009643804678311489,-0.0001527144684899848,42.96784670934971,0.00022649396338062143,0.0009643804678311489,-0.0001527144684899848,0.010767519474029541,-0.018888287246227264,-0.05338883399963379,0.0,0.0,0.0,0.9945659160667613,-0.10410878252234085,0.0,0.10410878252234085,0.9945659160667613,0.0,0.0,0.0,1.0,0.0,0.0,0.0
29,1775068394575083541,0.289990008,289,10.035166,0.3982680027547758,42.96804833431775,0.6930330376502863,-0.6930330376502863,0.01319056935608387,-0.01518432330340147,-0.05724671483039856,-0.0038537669461220503,-0.005106923170387745,-0.022802386432886124,0.9945783697238405,-0.10398951269593293,0.00018129205044301044,0.10398957058107627,0.9945783199768093,-0.00034609615369267637,-0.00014431877122833992,0.00036307223444631206,0.999999923675319,0.00011438424553489313,-0.00039908982580527663,0.0003788618487305939,0.01319056935608387,-0.01518432330340147,-0.05724671483039856,-0.0038537669461220503,-0.005106923170387745,-0.022802386432886124,0.9945783697238405,-0.10398951269593293,0.00018129205044301044,0.10398957058107627,0.9945783199768093,-0.00034609615369267637,-0.00014431877122833992,0.00036307223444631206,0.999999923675319,0.00011438424553489313,-0.00039908982580527663,0.0003788618487305939,42.96804833431775,0.00022649682630915337,0.0009643785376974367,-0.00015271446852920374,42.96804833431775,0.00022649682630915337,0.0009643785376974367,-0.00015271446852920374,0.010767519474029541,-0.018888287246227264,-0.05338883399963379,0.0,0.0,0.0,0.9945659160667613,-0.10410878252234085,0.0,0.10410878252234085,0.9945659160667613,0.0,0.0,0.0,1.0,0.0,0.0,0.0
30,1775068394585058636,0.299965103,299,9.975095,0.2980390017910395,42.97970187520598,0.6932209979871933,-0.6932209979871933,0.013348252512514591,-0.015247645787894726,-0.0576457679271698,-0.003652428276836872,-0.00504202488809824,-0.022948822006583214,0.994578493415179,-0.10398880518707032,0.00016233954938932836,0.1039888553193149,0.9945784436420381,-0.0003390196665953287,-0.00012620517378096434,0.0003540631550235842,0.9999999293557682,0.0005971072241663933,0.00017704545462038368,0.0004281958390492946,0.013348252512514591,-0.015247645787894726,-0.0576457679271698,-0.003652428276836872,-0.00504202488809824,-0.022948822006583214,0.994578493415179,-0.10398880518707032,0.00016233954938932836,0.1039888553193149,0.9945784436420381,-0.0003390196665953287,-0.00012620517378096434,0.0003540631550235842,0.9999999293557682,0.0005971072241663933,0.00017704545462038368,0.0004281958390492946,42.97970187520598,9.969296739259929e-05,0.0007131357673256348,-0.00016069376581670324,42.97970187520598,9.969296739259929e-05,0.0007131357673256348,-0.00016069376581670324,0.010767519474029541,-0.018888287246227264,-0.05338883399963379,0.0,0.0,0.0,0.9945659160667613,-0.10410878252234085,0.0,0.10410878252234085,0.9945659160667613,0.0,0.0,0.0,1.0,0.0,0.0,0.0
