step,timestamp_ns,experiment_time_s,reference_index,tick_dt_ms,solver_ms,px4_collective_command_newton,px4_collective_normalized,px4_thrust_body_z,state_raw_0,state_raw_1,state_raw_2,state_raw_3,state_raw_4,state_raw_5,state_raw_6,state_raw_7,state_raw_8,state_raw_9,state_raw_10,state_raw_11,state_raw_12,state_raw_13,state_raw_14,state_raw_15,state_raw_16,state_raw_17,state_used_0,state_used_1,state_used_2,state_used_3,state_used_4,state_used_5,state_used_6,state_used_7,state_used_8,state_used_9,state_used_10,state_used_11,state_used_12,state_used_13,state_used_14,state_used_15,state_used_16,state_used_17,control_raw_0,control_raw_1,control_raw_2,control_raw_3,control_used_0,control_used_1,control_used_2,control_used_3,reference_0,reference_1,reference_2,reference_3,reference_4,reference_5,reference_6,reference_7,reference_8,reference_9,reference_10,reference_11,reference_12,reference_13,reference_14,reference_15,reference_16,reference_17
0,1774965175341997766,0.0,0,0.0,0.4448609997780295,42.46462706151119,0.6849133397017934,-0.6849133397017934,0.006162849720567465,0.018020765855908394,-0.004694715142250061,-0.002844030736014247,-0.006913161836564541,0.008340618573129177,0.9946007230828278,-0.10377327973722705,0.0008072097219633603,0.10377291484858375,0.9946009721121649,0.00048161100225372483,-0.0008528298406609222,-0.0003952441721294178,0.9999995582315848,-0.0005816188058815897,-0.00028760466375388205,-0.0003253980539739132,0.006162849720567465,0.018020765855908394,-0.004694715142250061,-0.002844030736014247,-0.006913161836564541,0.008340618573129177,0.9946007230828278,-0.10377327973722705,0.0008072097219633603,0.10377291484858375,0.9946009721121649,0.00048161100225372483,-0.0008528298406609222,-0.0003952441721294178,0.9999995582315848,-0.0005816188058815897,-0.00028760466375388205,-0.0003253980539739132,42.46462706151119,-0.0029656149758826265,0.0028909386458861133,-3.991178005141538e-05,42.46462706151119,-0.0029656149758826265,0.0028909386458861133,-3.991178005141538e-05,0.009398904629051685,0.021154291927814484,-0.0047838687896728516,0.0,0.0,0.0,0.9945894698316408,-0.10388352371774767,0.0,0.10388352371774767,0.9945894698316408,0.0,0.0,0.0,1.0,0.0,0.0,0.0
1,1774965175352037260,0.010039494,10,10.039494,0.2953510002043913,42.462942303305596,0.6848861661823483,-0.6848861661823483,0.0057892450131475925,0.01779765635728836,-0.004673585295677185,-0.0033688247203826904,-0.006940249819308519,0.008430510759353638,0.9946023148751318,-0.10375877708717973,0.0008368948178229738,0.103758396623161,0.9946025879178738,0.0004860120087579953,-0.0008828055469137022,-0.0003965538741385957,0.99999953169966,0.0008548054029233754,-4.0223298128694296e-05,0.0009190470445901155,0.0057892450131475925,0.01779765635728836,-0.004673585295677185,-0.0033688247203826904,-0.006940249819308519,0.008430510759353638,0.9946023148751318,-0.10375877708717973,0.0008368948178229738,0.103758396623161,0.9946025879178738,0.0004860120087579953,-0.0008828055469137022,-0.0003965538741385957,0.99999953169966,0.0008548054029233754,-4.0223298128694296e-05,0.0009190470445901155,42.462942303305596,-0.003385769533216084,0.003053942603257402,-0.00023827582112214175,42.462942303305596,-0.003385769533216084,0.003053942603257402,-0.00023827582112214175,0.009398904629051685,0.021154291927814484,-0.0047838687896728516,0.0,0.0,0.0,0.9945894698316408,-0.10388352371774767,0.0,0.10388352371774767,0.9945894698316408,0.0,0.0,0.0,1.0,0.0,0.0,0.0
2,1774965175362071414,0.020073648,20,10.034154,0.37488100042537553,42.46251568530888,0.6848792852469174,-0.6848792852469174,0.0055886534973979,0.017703885212540627,-0.004669755697250366,-0.0036424777936190367,-0.006951190531253815,0.008455691859126091,0.9946032861969477,-0.10374797322871432,0.0008461975707088412,0.1037475961651837,0.9946035706045543,0.0004780625071118781,-0.0008912291073912247,-0.00038769158814485477,0.9999995277028555,-0.0008339544874615967,-6.842135917395353e-06,0.0002704919024836272,0.0055886534973979,0.017703885212540627,-0.004669755697250366,-0.0036424777936190367,-0.006951190531253815,0.008455691859126091,0.9946032861969477,-0.10374797322871432,0.0008461975707088412,0.1037475961651837,0.9946035706045543,0.0004780625071118781,-0.0008912291073912247,-0.00038769158814485477,0.9999995277028555,-0.0008339544874615967,-6.842135917395353e-06,0.0002704919024836272,42.46251568530888,-0.002966338859167904,0.0031485752291139264,-0.00014967900342587704,42.46251568530888,-0.002966338859167904,0.0031485752291139264,-0.00014967900342587704,0.009398904629051685,0.021154291927814484,-0.0047838687896728516,0.0,0.0,0.0,0.9945894698316408,-0.10388352371774767,0.0,0.10388352371774767,0.9945894698316408,0.0,0.0,0.0,1.0,0.0,0.0,0.0
3,1774965175371980976,0.02998321,29,9.909562,0.2782359997581807,42.461768574297004,0.6848672350693065,-0.6848672350693065,0.0053888787515461445,0.017611397430300713,-0.004641026258468628,-0.003884660080075264,-0.00690138153731823,0.008459658361971378,0.9946034526028381,-0.10374621531420458,0.0008676908722432958,0.1037458300860925,0.9946037564560942,0.00047790387216759683,-0.0009125892824575627,-0.00038530554414737544,0.9999995093601122,0.00022601927048526704,-0.0013113352470099926,-0.0008995121461339295,0.0053888787515461445,0.017611397430300713,-0.004641026258468628,-0.003884660080075264,-0.00690138153731823,0.008459658361971378,0.9946034526028381,-0.10374621531420458,0.0008676908722432958,0.1037458300860925,0.9946037564560942,0.00047790387216759683,-0.0009125892824575627,-0.00038530554414737544,0.9999995093601122,0.00022601927048526704,-0.0013113352470099926,-0.0008995121461339295,42.461768574297004,-0.003240327113943563,0.0036029042820286436,2.439658934644424e-05,42.461768574297004,-0.003240327113943563,0.0036029042820286436,2.439658934644424e-05,0.009398904629051685,0.021154291927814484,-0.0047838687896728516,0.0,0.0,0.0,0.9945894698316408,-0.10388352371774767,0.0,0.10388352371774767,0.9945894698316408,0.0,0.0,0.0,1.0,0.0,0.0,0.0
4,1774965175382095744,0.040097978,40,10.114768,0.32809599997563055,42.46056455774256,0.6848478154474607,-0.6848478154474607,0.005189888179302216,0.017520515248179436,-0.004610791802406311,-0.004166437312960625,-0.006831599865108728,0.00849580392241478,0.9946042464889957,-0.10373896848416075,0.0008866557259514032,0.1037385720298245,0.9946045661972618,0.0004821277699641729,-0.00093188716431729,-0.00038754596619461346,0.9999994906971273,0.00019812073151115328,-0.0008189594373106956,1.2473462447815109e-05,0.005189888179302216,0.017520515248179436,-0.004610791802406311,-0.004166437312960625,-0.006831599865108728,0.00849580392241478,0.9946042464889957,-0.10373896848416075,0.0008866557259514032,0.1037385720298245,0.9946045661972618,0.0004821277699641729,-0.00093188716431729,-0.00038754596619461346,0.9999994906971273,0.00019812073151115328,-0.0008189594373106956,1.2473462447815109e-05,42.46056455774256,-0.003250018978584184,0.003610097352463512,-0.00011824936601981538,42.46056455774256,-0.003250018978584184,0.003610097352463512,-0.00011824936601981538,0.009398904629051685,0.021154291927814484,-0.0047838687896728516,0.0,0.0,0.0,0.9945894698316408,-0.10388352371774767,0.0,0.10388352371774767,0.9945894698316408,0.0,0.0,0.0,1.0,0.0,0.0,0.0
5,1774965175391997669,0.049999903,49,9.901925,0.36833899957855465,42.45838874029568,0.6848127216176723,-0.6848127216176723,0.004790964536368847,0.01736145280301571,-0.004547521471977234,-0.004704562947154045,-0.006717031821608543,0.008545642718672752,0.9946069322500268,-0.10371295217816012,0.0009228641471588622,0.10371254676532882,0.9946072883176764,0.0004769447510209572,-0.0009673526387077823,-0.0003786600084809428,0.9999994604226331,0.0006907954812049866,-0.0007964707911014557,0.00045421678805723786,0.004790964536368847,0.01736145280301571,-0.004547521471977234,-0.004704562947154045,-0.006717031821608543,0.008545642718672752,0.9946069322500268,-0.10371295217816012,0.0009228641471588622,0.10371254676532882,0.9946072883176764,0.0004769447510209572,-0.0009673526387077823,-0.0003786600084809428,0.9999994604226331,0.0006907954812049866,-0.0007964707911014557,0.00045421678805723786,42.45838874029568,-0.003374000407508771,0.003855485783464776,-0.00020545989402744272,42.45838874029568,-0.003374000407508771,0.003855485783464776,-0.00020545989402744272,0.009398904629051685,0.021154291927814484,-0.0047838687896728516,0.0,0.0,0.0,0.9945894698316408,-0.10388352371774767,0.0,0.10388352371774767,0.9945894698316408,0.0,0.0,0.0,1.0,0.0,0.0,0.0
6,1774965175402095881,0.060098115,60,10.098212,0.2969580000353744,42.45673074154117,0.684785979702277,-0.684785979702277,0.0045914663933217525,0.01729334145784378,-0.004514098167419434,-0.004950513131916523,-0.006638081278651953,0.008610458113253117,0.9946074871148316,-0.10370693915875528,0.0009391963392278782,0.10370653005127117,0.9946078600584112,0.00047442496760317227,-0.0009833331796281278,-0.0003744658480379151,0.9999994464154562,-0.0002953118528239429,0.00015615858137607574,-9.555332508170977e-05,0.0045914663933217525,0.01729334145784378,-0.004514098167419434,-0.004950513131916523,-0.006638081278651953,0.008610458113253117,0.9946074871148316,-0.10370693915875528,0.0009391963392278782,0.10370653005127117,0.9946078600584112,0.00047442496760317227,-0.0009833331796281278,-0.0003744658480379151,0.9999994464154562,-0.0002953118528239429,0.00015615858137607574,-9.555332508170977e-05,42.45673074154117,-0.003121707775145489,0.0037343671986482608,-0.0001278355476373563,42.45673074154117,-0.003121707775145489,0.0037343671986482608,-0.0001278355476373563,0.009398904629051685,0.021154291927814484,-0.0047838687896728516,0.0,0.0,0.0,0.9945894698316408,-0.10388352371774767,0.0,0.10388352371774767,0.9945894698316408,0.0,0.0,0.0,1.0,0.0,0.0,0.0
7,1774965175412058020,0.070060254,70,9.962139,0.3266710000389139,42.455352122018574,0.6847637439035253,-0.6847637439035253,0.004392423667013645,0.017226792871952057,-0.00447903573513031,-0.005218972451984882,-0.006556852255016565,0.008650686591863632,0.994608676248704,-0.10369525693047099,0.0009547486414163229,0.10369484612645508,0.994609066130464,0.00047029982726905575,-0.000998369491617395,-0.0003687617849279425,0.9999994336364011,-0.000537008629180491,-0.0008079165127128363,0.0005514574004337192,0.004392423667013645,0.017226792871952057,-0.00447903573513031,-0.005218972451984882,-0.006556852255016565,0.008650686591863632,0.994608676248704,-0.10369525693047099,0.0009547486414163229,0.10369484612645508,0.994609066130464,0.00047029982726905575,-0.000998369491617395,-0.0003687617849279425,0.9999994336364011,-0.000537008629180491,-0.0008079165127128363,0.0005514574004337192,42.455352122018574,-0.0030513443831870234,0.004095064256562745,-0.0002342918806079692,42.455352122018574,-0.0030513443831870234,0.004095064256562745,-0.0002342918806079692,0.009398904629051685,0.021154291927814484,-0.0047838687896728516,0.0,0.0,0.0,0.9945894698316408,-0.10388352371774767,0.0,0.10388352371774767,0.9945894698316408,0.0,0.0,0.0,1.0,0.0,0.0,0.0
8,1774965175422059696,0.08006193,80,10.001676,0.28159599969512783,42.45388296331804,0.6847400477954522,-0.6847400477954522,0.004193684086203575,0.01716172881424427,-0.004442319273948669,-0.005511635914444923,-0.006435759365558624,0.008694645017385483,0.9946095978680198,-0.10368712107189348,0.000977343050620083,0.10368670711498096,0.9946100123962374,0.0004652478093638626,-0.001020315237231846,-0.0003614025171270463,0.9999994141724071,6.0237063735257834e-05,-0.0009988631354644895,0.00013049485278315842,0.004193684086203575,0.01716172881424427,-0.004442319273948669,-0.005511635914444923,-0.006435759365558624,0.008694645017385483,0.9946095978680198,-0.10368712107189348,0.000977343050620083,0.10368670711498096,0.9946100123962374,0.0004652478093638626,-0.001020315237231846,-0.0003614025171270463,0.9999994141724071,6.0237063735257834e-05,-0.0009988631354644895,0.00013049485278315842,42.45388296331804,-0.0031805783197480777,0.004285805733948216,-0.0001777105512578402,42.45388296331804,-0.0031805783197480777,0.004285805733948216,-0.0001777105512578402,0.009398904629051685,0.021154291927814484,-0.0047838687896728516,0.0,0.0,0.0,0.9945894698316408,-0.10388352371774767,0.0,0.10388352371774767,0.9945894698316408,0.0,0.0,0.0,1.0,0.0,0.0,0.0
9,1774965175431991806,0.08999404,89,9.93211,0.29223599995020777,42.450997587402405,0.6846935094742324,-0.6846935094742324,0.003780170576646924,0.017057795077562332,-0.004365593194961548,-0.006066257134079933,-0.006266184616833925,0.008773541077971458,0.9946112410810928,-0.10366960718459839,0.0010140386427406195,0.10366918661967994,0.9946116959246707,0.00045900821127813074,-0.0010561599386573611,-0.0003514101463635705,0.9999993805183368,-0.0002702255151234567,-0.0003119746979791671,0.00043149085831828415,0.003780170576646924,0.017057795077562332,-0.004365593194961548,-0.006066257134079933,-0.006266184616833925,0.008773541077971458,0.9946112410810928,-0.10366960718459839,0.0010140386427406195,0.10366918661967994,0.9946116959246707,0.00045900821127813074,-0.0010561599386573611,-0.0003514101463635705,0.9999993805183368,-0.0002702255151234567,-0.0003119746979791671,0.00043149085831828415,42.450997587402405,-0.00307849414792176,0.004373517057022755,-0.00023695642334132334,42.450997587402405,-0.00307849414792176,0.004373517057022755,-0.00023695642334132334,0.009398904629051685,0.021154291927814484,-0.0047838687896728516,0.0,0.0,0.0,0.9945894698316408,-0.10388352371774767,0.0,0.10388352371774767,0.9945894698316408,0.0,0.0,0.0,1.0,0.0,0.0,0.0
10,1774965175442011405,0.100013639,100,10.019599,0.300843999866629,42.449752597757644,0.6846734289960911,-0.6846734289960911,0.003574119182303548,0.01700724847614765,-0.004325166344642639,-0.006273807492107153,-0.006218314170837402,0.008793015033006668,0.9946128490812005,-0.10365474034027233,0.0010356535084289666,0.10365431847757733,0.9946133289982337,0.00045317831442612255,-0.0010770487967420306,-0.0003433870463833387,0.999999361025437,-0.0001283208403037861,-0.0011841602390632033,0.0006110745016485453,0.003574119182303548,0.01700724847614765,-0.004325166344642639,-0.006273807492107153,-0.006218314170837402,0.008793015033006668,0.9946128490812005,-0.10365474034027233,0.0010356535084289666,0.10365431847757733,0.9946133289982337,0.00045317831442612255,-0.0010770487967420306,-0.0003433870463833387,0.999999361025437,-0.0001283208403037861,-0.0011841602390632033,0.0006110745016485453,42.449752597757644,-0.0031033231443181506,0.004714403933385949,-0.00027586314531549407,42.449752597757644,-0.0031033231443181506,0.004714403933385949,-0.00027586314531549407,0.009398904629051685,0.021154291927814484,-0.0047838687896728516,0.0,0.0,0.0,0.9945894698316408,-0.10388352371774767,0.0,0.10388352371774767,0.9945894698316408,0.0,0.0,0.0,1.0,0.0,0.0,0.0
11,1774965175452055889,0.110058123,110,10.044484,0.453992999609909,42.44776543167226,0.6846413779301977,-0.6846413779301977,0.0033686677925288677,0.016957828775048256,-0.004283234477043152,-0.006536445580422878,-0.006138030905276537,0.00886649638414383,0.9946136673782902,-0.10364696729408052,0.001055457654093185,0.10364653016430103,0.994614166148081,0.000460910195962453,-0.0010975449689895021,-0.00034903310641237056,0.9999993367852925,0.0015606882516294718,-0.0005161839071661234,-0.00042699207551777363,0.0033686677925288677,0.016957828775048256,-0.004283234477043152,-0.006536445580422878,-0.006138030905276537,0.00886649638414383,0.9946136673782902,-0.10364696729408052,0.001055457654093185,0.10364653016430103,0.994614166148081,0.000460910195962453,-0.0010975449689895021,-0.00034903310641237056,0.9999993367852925,0.0015606882516294718,-0.0005161839071661234,-0.00042699207551777363,42.44776543167226,-0.00354320840537169,0.00467761901387157,-0.00012642747871139493,42.44776543167226,-0.00354320840537169,0.00467761901387157,-0.00012642747871139493,0.009398904629051685,0.021154291927814484,-0.0047838687896728516,0.0,0.0,0.0,0.9945894698316408,-0.10388352371774767,0.0,0.10388352371774767,0.9945894698316408,0.0,0.0,0.0,1.0,0.0,0.0,0.0
12,1774965175462078140,0.120080374,120,10.022251,0.3035629997611977,42.44579928207393,0.684609665839902,-0.684609665839902,0.0029231610242277384,0.01688261702656746,-0.004246175289154053,-0.007073462940752506,-0.0059357876889407635,0.008947106078267097,0.9946148721442917,-0.10363493117991851,0.0010718102315102757,0.1036344944388301,0.9946153908738659,0.0004554422505367861,-0.001113238613527745,-0.000341913154609394,0.9999993218973903,-0.0006216902984306216,0.00018355975043959916,6.271657184697688e-05,0.0029231610242277384,0.01688261702656746,-0.004246175289154053,-0.007073462940752506,-0.0059357876889407635,0.008947106078267097,0.9946148721442917,-0.10363493117991851,0.0010718102315102757,0.1036344944388301,0.9946153908738659,0.0004554422505367861,-0.001113238613527745,-0.000341913154609394,0.9999993218973903,-0.0006216902984306216,0.00018355975043959916,6.271657184697688e-05,42.44579928207393,-0.0029697858383495165,0.004712775870169152,-0.000209587279479239,42.44579928207393,-0.0029697858383495165,0.004712775870169152,-0.000209587279479239,0.009398904629051685,0.021154291927814484,-0.0047838687896728516,0.0,0.0,0.0,0.9945894698316408,-0.10388352371774767,0.0,0.10388352371774767,0.9945894698316408,0.0,0.0,0.0,1.0,0.0,0.0,0.0
13,1774965175472018336,0.13002057,130,9.940196,0.300386000162689,42.44461119419063,0.6845905031321069,-0.6845905031321069,0.002701328368857503,0.016846809536218643,-0.004224509000778198,-0.007307527121156454,-0.005868591368198395,0.008996258489787579,0.9946155273326364,-0.1036287369589195,0.0010804692715865455,0.10362829952896235,0.9946160564247511,0.00045341756296832236,-0.0011216390827727268,-0.00033900899877090107,0.9999993134991381,0.0004063358355779201,0.0007672786014154553,-0.00023168072220869362,0.002701328368857503,0.016846809536218643,-0.004224509000778198,-0.007307527121156454,-0.005868591368198395,0.008996258489787579,0.9946155273326364,-0.1036287369589195,0.0010804692715865455,0.10362829952896235,0.9946160564247511,0.00045341756296832236,-0.0011216390827727268,-0.00033900899877090107,0.9999993134991381,0.0004063358355779201,0.0007672786014154553,-0.00023168072220869362,42.44461119419063,-0.003220593477030014,0.0046653170982645644,-0.00017042228646468063,42.44461119419063,-0.003220593477030014,0.0046653170982645644,-0.00017042228646468063,0.009398904629051685,0.021154291927814484,-0.0047838687896728516,0.0,0.0,0.0,0.9945894698316408,-0.10388352371774767,0.0,0.10388352371774767,0.9945894698316408,0.0,0.0,0.0,1.0,0.0,0.0,0.0
14,1774965175482167096,0.14016933,140,10.14876,0.3214779999325401,42.44337674465944,0.6845705926557974,-0.6845705926557974,0.0024803190026432276,0.01681199111044407,-0.004200786352157593,-0.0075175645761191845,-0.0057740905322134495,0.0090450095012784,0.9946164680762756,-0.1036202465688627,0.0010981895892001152,0.10361980587049002,0.9946170180009496,0.00045102332461671377,-0.0011390130007472611,-0.0003348011309786021,0.9999992952786345,0.00042065023444592953,-0.0003344004799146205,8.593164966441691e-05,0.0024803190026432276,0.01681199111044407,-0.004200786352157593,-0.0075175645761191845,-0.0057740905322134495,0.0090450095012784,0.9946164680762756,-0.1036202465688627,0.0010981895892001152,0.10361980587049002,0.9946170180009496,0.00045102332461671377,-0.0011390130007472611,-0.0003348011309786021,0.9999992952786345,0.00042065023444592953,-0.0003344004799146205,8.593164966441691e-05,42.44337674465944,-0.0032108363520663807,0.005057459058080373,-0.00022490937970611542,42.44337674465944,-0.0032108363520663807,0.005057459058080373,-0.00022490937970611542,0.009398904629051685,0.021154291927814484,-0.0047838687896728516,0.0,0.0,0.0,0.9945894698316408,-0.10388352371774767,0.0,0.10388352371774767,0.9945894698316408,0.0,0.0,0.0,1.0,0.0,0.0,0.0
15,1774965175492024743,0.150026977,150,9.857647,0.2990460006913054,42.44271170604733,0.6845598662265698,-0.6845598662265698,0.0022383606992661953,0.016772985458374023,-0.004205971956253052,-0.007818309590220451,-0.00569568807259202,0.009103081189095974,0.9946168701878405,-0.10361547419372075,0.0011163177926624135,0.1036150325775742,0.9946174423908333,0.0004465824365648685,-0.0011565819035289082,-0.0003285111676828434,0.9999992771991383,-0.0007270611822605133,-0.0011716699227690697,-0.0001883091899799183,0.0022383606992661953,0.016772985458374023,-0.004205971956253052,-0.007818309590220451,-0.00569568807259202,0.009103081189095974,0.9946168701878405,-0.10361547419372075,0.0011163177926624135,0.1036150325775742,0.9946174423908333,0.0004465824365648685,-0.0011565819035289082,-0.0003285111676828434,0.9999992771991383,-0.0007270611822605133,-0.0011716699227690697,-0.0001883091899799183,42.44271170604733,-0.0029114320534593054,0.005405209215177712,-0.00018761389652910242,42.44271170604733,-0.0029114320534593054,0.005405209215177712,-0.00018761389652910242,0.009398904629051685,0.021154291927814484,-0.0047838687896728516,0.0,0.0,0.0,0.9945894698316408,-0.10388352371774767,0.0,0.10388352371774767,0.9945894698316408,0.0,0.0,0.0,1.0,0.0,0.0,0.0
16,1774965175502153405,0.160155639,160,10.128662,0.29682900003535906,42.442586943150545,0.684557853921783,-0.684557853921783,0.0017559225670993328,0.016698041930794716,-0.00420871376991272,-0.00840397272258997,-0.005544993095099926,0.009114815853536129,0.9946180737205215,-0.10360310222364166,0.001162024976614065,0.10360265747887265,0.9946187029492772,0.0004367730710515168,-0.0012010227714391412,-0.00031403354017578433,0.9999992294633451,0.0004444909864105284,-0.0008690039394423366,-0.00024305294209625572,0.0017559225670993328,0.016698041930794716,-0.00420871376991272,-0.00840397272258997,-0.005544993095099926,0.009114815853536129,0.9946180737205215,-0.10360310222364166,0.001162024976614065,0.10360265747887265,0.9946187029492772,0.0004367730710515168,-0.0012010227714391412,-0.00031403354017578433,0.9999992294633451,0.0004444909864105284,-0.0008690039394423366,-0.00024305294209625572,42.442586943150545,-0.0031775196895943896,0.005626502748337447,-0.00018937091920199814,42.442586943150545,-0.0031775196895943896,0.005626502748337447,-0.00018937091920199814,0.009398904629051685,0.021154291927814484,-0.0047838687896728516,0.0,0.0,0.0,0.9945894698316408,-0.10388352371774767,0.0,0.10388352371774767,0.9945894698316408,0.0,0.0,0.0,1.0,0.0,0.0,0.0
17,1774965175512009803,0.170012037,170,9.856398,0.39953099985723384,42.44194076424581,0.684547431681384,-0.684547431681384,0.001515482785180211,0.016662249341607094,-0.004206448793411255,-0.00872032716870308,-0.005439732689410448,0.009157812222838402,0.9946191296738804,-0.10359407225363015,0.0011759330135929502,0.10359363484637751,0.9946197786644417,0.00042713751043396697,-0.001213854904156847,-0.00030302009328078694,0.9999992173673573,-0.0008723076898604631,9.600439807400107e-05,2.8820721126976423e-05,0.001515482785180211,0.016662249341607094,-0.004206448793411255,-0.00872032716870308,-0.005439732689410448,0.009157812222838402,0.9946191296738804,-0.10359407225363015,0.0011759330135929502,0.10359363484637751,0.9946197786644417,0.00042713751043396697,-0.001213854904156847,-0.00030302009328078694,0.9999992173673573,-0.0008723076898604631,9.600439807400107e-05,2.8820721126976423e-05,42.44194076424581,-0.0028173183754055618,0.00551673695391268,-0.00023743245063961442,42.44194076424581,-0.0028173183754055618,0.00551673695391268,-0.00023743245063961442,0.009398904629051685,0.021154291927814484,-0.0047838687896728516,0.0,0.0,0.0,0.9945894698316408,-0.10388352371774767,0.0,0.10388352371774767,0.9945894698316408,0.0,0.0,0.0,1.0,0.0,0.0,0.0
18,1774965175522033333,0.180035567,180,10.02353,0.4652640000131214,42.44130497084886,0.6845371769491752,-0.6845371769491752,0.0012604519724845886,0.016634268686175346,-0.00419461727142334,-0.008994342759251595,-0.005353920627385378,0.009182360954582691,0.9946204897481357,-0.10358061741291302,0.0011944070621198108,0.10358018734710805,0.9946211644338172,0.0004166389736930884,-0.0012311380489091542,-0.00029068087135184634,0.9999991999016526,-0.0007744146860204637,-0.0005592685774900019,0.0006809736951254308,0.0012604519724845886,0.016634268686175346,-0.00419461727142334,-0.008994342759251595,-0.005353920627385378,0.009182360954582691,0.9946204897481357,-0.10358061741291302,0.0011944070621198108,0.10358018734710805,0.9946211644338172,0.0004166389736930884,-0.0012311380489091542,-0.00029068087135184634,0.9999991999016526,-0.0007744146860204637,-0.0005592685774900019,0.0006809736951254308,42.44130497084886,-0.0028109009784556475,0.005816427830046043,-0.0003460780801451911,42.44130497084886,-0.0028109009784556475,0.005816427830046043,-0.0003460780801451911,0.009398904629051685,0.021154291927814484,-0.0047838687896728516,0.0,0.0,0.0,0.9945894698316408,-0.10388352371774767,0.0,0.10388352371774767,0.9945894698316408,0.0,0.0,0.0,1.0,0.0,0.0,0.0
19,1774965175531981576,0.18998381,189,9.948243,0.39285700040636584,42.44091048319948,0.6845308142451529,-0.6845308142451529,0.0010063073132187128,0.01660703495144844,-0.004180729389190674,-0.00927746668457985,-0.005296729039400816,0.009184498339891434,0.9946204543627111,-0.1035792125706505,0.0012195238675267277,0.10357878548347488,0.9946211626018802,0.0004084778600629141,-0.0012552740705168292,-0.0002799636289181791,0.999999172953341,-0.00101662112865597,-0.0015580515610054135,-0.0014474175404757261,0.0010063073132187128,0.01660703495144844,-0.004180729389190674,-0.00927746668457985,-0.005296729039400816,0.009184498339891434,0.9946204543627111,-0.1035792125706505,0.0012195238675267277,0.10357878548347488,0.9946211626018802,0.0004084778600629141,-0.0012552740705168292,-0.0002799636289181791,0.999999172953341,-0.00101662112865597,-0.0015580515610054135,-0.0014474175404757261,42.44091048319948,-0.0027310389888545485,0.006219587303880219,-2.7937524913180888e-05,42.44091048319948,-0.0027310389888545485,0.006219587303880219,-2.7937524913180888e-05,0.009398904629051685,0.021154291927814484,-0.0047838687896728516,0.0,0.0,0.0,0.9945894698316408,-0.10388352371774767,0.0,0.10388352371774767,0.9945894698316408,0.0,0.0,0.0,1.0,0.0,0.0,0.0
20,1774965175542041653,0.200043887,200,10.060077,0.3719040005307761,42.440207826843064,0.6845194810781139,-0.6845194810781139,0.000752818479668349,0.016580423340201378,-0.004164770245552063,-0.009573152288794518,-0.005268657114356756,0.009206417948007584,0.9946214624370087,-0.10356930827806554,0.0012393834240750322,0.10356887793240466,0.9946221962944448,0.00040668297694953365,-0.001274838144597952,-0.0002761340628943433,0.999999149268477,0.00030509443604387343,-0.0003802925639320165,0.0005237809382379055,0.000752818479668349,0.016580423340201378,-0.004164770245552063,-0.009573152288794518,-0.005268657114356756,0.009206417948007584,0.9946214624370087,-0.10356930827806554,0.0012393834240750322,0.10356887793240466,0.9946221962944448,0.00040668297694953365,-0.001274838144597952,-0.0002761340628943433,0.999999149268477,0.00030509443604387343,-0.0003802925639320165,0.0005237809382379055,42.440207826843064,-0.0030644593747993164,0.006067538792150615,-0.00033159877194021103,42.440207826843064,-0.0030644593747993164,0.006067538792150615,-0.00033159877194021103,0.009398904629051685,0.021154291927814484,-0.0047838687896728516,0.0,0.0,0.0,0.9945894698316408,-0.10388352371774767,0.0,0.10388352371774767,0.9945894698316408,0.0,0.0,0.0,1.0,0.0,0.0,0.0
21,1774965175551981524,0.209983758,209,9.939871,0.3087499999310239,42.43937992063613,0.6845061277521957,-0.6845061277521957,0.0002494919754099101,0.016530632972717285,-0.004167035222053528,-0.010144890286028385,-0.005082193296402693,0.009271238930523396,0.9946237246954397,-0.10354824595946766,0.001265106688415181,0.10354781901323418,0.9946244938390023,0.00039861796413775616,-0.0012995821417557986,-0.00026547593343948656,0.999999120304083,-0.0002056270750472322,0.0004098365025129169,-6.425265746656805e-05,0.0002494919754099101,0.016530632972717285,-0.004167035222053528,-0.010144890286028385,-0.005082193296402693,0.009271238930523396,0.9946237246954397,-0.10354824595946766,0.001265106688415181,0.10354781901323418,0.9946244938390023,0.00039861796413775616,-0.0012995821417557986,-0.00026547593343948656,0.999999120304083,-0.0002056270750472322,0.0004098365025129169,-6.425265746656805e-05,42.43937992063613,-0.0029038589346474758,0.006117983700357792,-0.00026036356571328655,42.43937992063613,-0.0029038589346474758,0.006117983700357792,-0.00026036356571328655,0.009398904629051685,0.021154291927814484,-0.0047838687896728516,0.0,0.0,0.0,0.9945894698316408,-0.10388352371774767,0.0,0.10388352371774767,0.9945894698316408,0.0,0.0,0.0,1.0,0.0,0.0,0.0
22,1774965175562089232,0.220091466,220,10.107708,0.4599539997798274,42.439634912891634,0.6845102405305102,-0.6845102405305102,-4.900399517282494e-07,0.016507692635059357,-0.004164353013038635,-0.010424662381410599,-0.005002014338970184,0.009243914857506752,0.9946240299878988,-0.10354543041704978,0.001283781734121539,0.10354499285679086,0.994624822430358,0.0004029202431422886,-0.001318601522418552,-0.0002678251076232846,0.9999990947795675,0.0007296617259271443,-0.00033752754097804427,-0.0009037026902660728,-4.900399517282494e-07,0.016507692635059357,-0.004164353013038635,-0.010424662381410599,-0.005002014338970184,0.009243914857506752,0.9946240299878988,-0.10354543041704978,0.001283781734121539,0.10354499285679086,0.994624822430358,0.0004029202431422886,-0.001318601522418552,-0.0002678251076232846,0.9999990947795675,0.0007296617259271443,-0.00033752754097804427,-0.0009037026902660728,42.439634912891634,-0.0031442704367273784,0.006441620909429699,-0.00013673062494186543,42.439634912891634,-0.0031442704367273784,0.006441620909429699,-0.00013673062494186543,0.009398904629051685,0.021154291927814484,-0.0047838687896728516,0.0,0.0,0.0,0.9945894698316408,-0.10388352371774767,0.0,0.10388352371774767,0.9945894698316408,0.0,0.0,0.0,1.0,0.0,0.0,0.0
23,1774965175571979025,0.229981259,229,9.889793,0.3044080003746785,42.43937750608963,0.6845060888078972,-0.6845060888078972,-0.00025002824258990586,0.01648537442088127,-0.004159480333328247,-0.010712694376707077,-0.004953566938638687,0.009251982904970646,0.99462412098089,-0.1035450853633495,0.0013047719851178655,0.10354465335462804,0.9946249434977094,0.0003945928599975168,-0.0013386165763239755,-0.0002573696172824477,0.9999990709330199,-0.0008943817229010165,-0.0009574813302606344,-0.0009567916276864707,-0.00025002824258990586,0.01648537442088127,-0.004159480333328247,-0.010712694376707077,-0.004953566938638687,0.009251982904970646,0.99462412098089,-0.1035450853633495,0.0013047719851178655,0.10354465335462804,0.9946249434977094,0.0003945928599975168,-0.0013386165763239755,-0.0002573696172824477,0.9999990709330199,-0.0008943817229010165,-0.0009574813302606344,-0.0009567916276864707,42.43937750608963,-0.002719829531757634,0.006740072752128494,-0.00012905203137129797,42.43937750608963,-0.002719829531757634,0.006740072752128494,-0.00012905203137129797,0.009398904629051685,0.021154291927814484,-0.0047838687896728516,0.0,0.0,0.0,0.9945894698316408,-0.10388352371774767,0.0,0.10388352371774767,0.9945894698316408,0.0,0.0,0.0,1.0,0.0,0.0,0.0
24,1774965175582131831,0.240134065,240,10.152806,0.41642299947852734,42.43909272990698,0.684501495643661,-0.684501495643661,-0.000499282730743289,0.016463585197925568,-0.004152253270149231,-0.010998819954693317,-0.0049009909853339195,0.009257777594029903,0.9946241535728865,-0.10354243677196107,0.0013188860241171371,0.10354200602727714,0.9946249959996573,0.00039097843517751224,-0.0013522798801529554,-0.00025231648205948504,0.9999990538373043,-1.1489482858451083e-06,0.0003103585622739047,-0.0008271055994555354,-0.000499282730743289,0.016463585197925568,-0.004152253270149231,-0.010998819954693317,-0.0049009909853339195,0.009257777594029903,0.9946241535728865,-0.10354243677196107,0.0013188860241171371,0.10354200602727714,0.9946249959996573,0.00039097843517751224,-0.0013522798801529554,-0.00025231648205948504,0.9999990538373043,-1.1489482858451083e-06,0.0003103585622739047,-0.0008271055994555354,42.43909272990698,-0.002935631698589181,0.006549191396392694,-0.0001506283247445139,42.43909272990698,-0.002935631698589181,0.006549191396392694,-0.0001506283247445139,0.009398904629051685,0.021154291927814484,-0.0047838687896728516,0.0,0.0,0.0,0.9945894698316408,-0.10388352371774767,0.0,0.10388352371774767,0.9945894698316408,0.0,0.0,0.0,1.0,0.0,0.0,0.0
25,1774965175591991074,0.249993308,249,9.859243,0.26686100045481,42.43883514016867,0.6844973409704624,-0.6844973409704624,-0.0009811309864744544,0.016386890783905983,-0.004170805215835571,-0.011592987924814224,-0.004811317194253206,0.00930846855044365,0.9946252858598377,-0.103531487617466,0.0013611788031328287,0.10353105033252041,0.9946261870787247,0.00038807477881332153,-0.0013940419766391432,-0.00024506475759920876,0.999998998294651,0.00043087408994324505,-0.0010470598936080933,-0.00011441898823250085,-0.0009811309864744544,0.016386890783905983,-0.004170805215835571,-0.011592987924814224,-0.004811317194253206,0.00930846855044365,0.9946252858598377,-0.103531487617466,0.0013611788031328287,0.10353105033252041,0.9946261870787247,0.00038807477881332153,-0.0013940419766391432,-0.00024506475759920876,0.999998998294651,0.00043087408994324505,-0.0010470598936080933,-0.00011441898823250085,42.43883514016867,-0.0030468879862468722,0.007177322834848907,-0.00026636306771363595,42.43883514016867,-0.0030468879862468722,0.007177322834848907,-0.00026636306771363595,0.009398904629051685,0.021154291927814484,-0.0047838687896728516,0.0,0.0,0.0,0.9945894698316408,-0.10388352371774767,0.0,0.10388352371774767,0.9945894698316408,0.0,0.0,0.0,1.0,0.0,0.0,0.0
26,1774965175602025962,0.260028196,260,10.034888,0.5041670001446619,42.43888363759743,0.6844981231870553,-0.6844981231870553,-0.0012218339834362268,0.01634964905679226,-0.004175812005996704,-0.011844627559185028,-0.004775990266352892,0.009311177767813206,0.9946256353537346,-0.1035277833430408,0.001377374824269209,0.10352733936546765,0.9946265588057277,0.00039001322075824657,-0.0014103507421545855,-0.0002453212241141506,0.9999989753636405,3.568347528926097e-05,-0.0002785063406918198,-0.0006561776390299201,-0.0012218339834362268,0.01634964905679226,-0.004175812005996704,-0.011844627559185028,-0.004775990266352892,0.009311177767813206,0.9946256353537346,-0.1035277833430408,0.001377374824269209,0.10352733936546765,0.9946265588057277,0.00039001322075824657,-0.0014103507421545855,-0.0002453212241141506,0.9999989753636405,3.568347528926097e-05,-0.0002785063406918198,-0.0006561776390299201,42.43888363759743,-0.002959014501167229,0.007107717942456402,-0.00018808968389209344,42.43888363759743,-0.002959014501167229,0.007107717942456402,-0.00018808968389209344,0.009398904629051685,0.021154291927814484,-0.0047838687896728516,0.0,0.0,0.0,0.9945894698316408,-0.10388352371774767,0.0,0.10388352371774767,0.9945894698316408,0.0,0.0,0.0,1.0,0.0,0.0,0.0
27,1774965175611998577,0.270000811,270,9.972615,0.31295500048145186,42.438604944750146,0.6844936281411313,-0.6844936281411313,-0.0014622460585087538,0.016312746331095695,-0.004181861877441406,-0.012115320190787315,-0.004809317644685507,0.009340882301330566,0.9946260049218435,-0.10352355320958329,0.0014016996667083614,0.103523102705396,0.9946269628735936,0.00039042155074264784,-0.001434586124667847,-0.00024321511845507016,0.9999989414039588,-0.0002726659004110843,-0.001944531686604023,-0.0008945288718678057,-0.0014622460585087538,0.016312746331095695,-0.004181861877441406,-0.012115320190787315,-0.004809317644685507,0.009340882301330566,0.9946260049218435,-0.10352355320958329,0.0014016996667083614,0.103523102705396,0.9946269628735936,0.00039042155074264784,-0.001434586124667847,-0.00024321511845507016,0.9999989414039588,-0.0002726659004110843,-0.001944531686604023,-0.0008945288718678057,42.438604944750146,-0.002903288505801802,0.0076694825069349385,-0.00015574491707932354,42.438604944750146,-0.002903288505801802,0.0076694825069349385,-0.00015574491707932354,0.009398904629051685,0.021154291927814484,-0.0047838687896728516,0.0,0.0,0.0,0.9945894698316408,-0.10388352371774767,0.0,0.10388352371774767,0.9945894698316408,0.0,0.0,0.0,1.0,0.0,0.0,0.0
28,1774965175622051183,0.280053417,280,10.052606,0.31089000003703404,42.438139477286185,0.6844861206013901,-0.6844861206013901,-0.0017027446301653981,0.016275784000754356,-0.004185214638710022,-0.012429437600076199,-0.004849918652325869,0.009380021132528782,0.9946269237620976,-0.10351541916823481,0.001421008241083932,0.10351496946658201,0.9946279104988213,0.0003866464256227914,-0.0014533981754280972,-0.00023747341606505934,0.99999891561956,0.00047789065865799785,-0.0008956501260399818,0.0008234650595113635,-0.0017027446301653981,0.016275784000754356,-0.004185214638710022,-0.012429437600076199,-0.004849918652325869,0.009380021132528782,0.9946269237620976,-0.10351541916823481,0.001421008241083932,0.10351496946658201,0.9946279104988213,0.0003866464256227914,-0.0014533981754280972,-0.00023747341606505934,0.99999891561956,0.00047789065865799785,-0.0008956501260399818,0.0008234650595113635,42.438139477286185,-0.003104460877156695,0.007548697461635254,-0.00042000521903672885,42.438139477286185,-0.003104460877156695,0.007548697461635254,-0.00042000521903672885,0.009398904629051685,0.021154291927814484,-0.0047838687896728516,0.0,0.0,0.0,0.9945894698316408,-0.10388352371774767,0.0,0.10388352371774767,0.9945894698316408,0.0,0.0,0.0,1.0,0.0,0.0,0.0
29,1774965175632184264,0.290186498,290,10.133081,0.43320100030541653,42.43876630887823,0.6844962307883585,-0.6844962307883585,-0.0021561605390161276,0.016169719398021698,-0.0042520612478256226,-0.012917986139655113,-0.004792226478457451,0.009451605379581451,0.9946283666635111,-0.10350004615562058,0.0014565993525941477,0.1034995806443113,0.9946294045759686,0.00039162090387602835,-0.0014893093548165974,-0.00023875982071139626,0.9999988624750339,-0.00017076027870643884,-0.0014955895021557808,-0.00011355022434145212,-0.0021561605390161276,0.016169719398021698,-0.0042520612478256226,-0.012917986139655113,-0.004792226478457451,0.009451605379581451,0.9946283666635111,-0.10350004615562058,0.0014565993525941477,0.1034995806443113,0.9946294045759686,0.00039162090387602835,-0.0014893093548165974,-0.00023875982071139626,0.9999988624750339,-0.00017076027870643884,-0.0014955895021557808,-0.00011355022434145212,42.43876630887823,-0.00297279114502234,0.007944478320463029,-0.0002918333439322982,42.43876630887823,-0.00297279114502234,0.007944478320463029,-0.0002918333439322982,0.009398904629051685,0.021154291927814484,-0.0047838687896728516,0.0,0.0,0.0,0.9945894698316408,-0.10388352371774767,0.0,0.10388352371774767,0.9945894698316408,0.0,0.0,0.0,1.0,0.0,0.0,0.0
30,1774965175642048649,0.300050883,300,9.864385,0.5011559997001314,42.43869590283625,0.6844950952070363,-0.6844950952070363,-0.002382783917710185,0.016117824241518974,-0.00428028404712677,-0.013140866532921791,-0.004801983945071697,0.009506355971097946,0.994629967216497,-0.10348519425128733,0.0014819427350697169,0.10348471864794373,0.9946310425490735,0.00039430016421690764,-0.001514790344086147,-0.00023882441874893343,0.9999988241859457,0.00022838592121843249,-0.0017101301345974207,0.0009318056399933994,-0.002382783917710185,0.016117824241518974,-0.00428028404712677,-0.013140866532921791,-0.004801983945071697,0.009506355971097946,0.994629967216497,-0.10348519425128733,0.0014819427350697169,0.10348471864794373,0.9946310425490735,0.00039430016421690764,-0.001514790344086147,-0.00023882441874893343,0.9999988241859457,0.00022838592121843249,-0.0017101301345974207,0.0009318056399933994,42.43869590283625,-0.003095696414168687,0.008134731156125815,-0.0004606020239443897,42.43869590283625,-0.003095696414168687,0.008134731156125815,-0.0004606020239443897,0.009398904629051685,0.021154291927814484,-0.0047838687896728516,0.0,0.0,0.0,0.9945894698316408,-0.10388352371774767,0.0,0.10388352371774767,0.9945894698316408,0.0,0.0,0.0,1.0,0.0,0.0,0.0
