step,timestamp_ns,experiment_time_s,reference_index,tick_dt_ms,solver_ms,px4_collective_command_newton,px4_collective_normalized,px4_thrust_body_z,state_raw_0,state_raw_1,state_raw_2,state_raw_3,state_raw_4,state_raw_5,state_raw_6,state_raw_7,state_raw_8,state_raw_9,state_raw_10,state_raw_11,state_raw_12,state_raw_13,state_raw_14,state_raw_15,state_raw_16,state_raw_17,state_used_0,state_used_1,state_used_2,state_used_3,state_used_4,state_used_5,state_used_6,state_used_7,state_used_8,state_used_9,state_used_10,state_used_11,state_used_12,state_used_13,state_used_14,state_used_15,state_used_16,state_used_17,control_raw_0,control_raw_1,control_raw_2,control_raw_3,control_used_0,control_used_1,control_used_2,control_used_3,reference_0,reference_1,reference_2,reference_3,reference_4,reference_5,reference_6,reference_7,reference_8,reference_9,reference_10,reference_11,reference_12,reference_13,reference_14,reference_15,reference_16,reference_17
0,1773702354302692495,0.0,0,0.0,119.75225100468379,80.0,1.0,-1.0,-0.024181731045246124,0.002295983023941517,-0.0007926970720291138,-0.02294131927192211,0.006966858636587858,-0.006690355483442545,0.9945790296180581,-0.10397968553577241,0.000832436811658812,0.10397983889628315,0.9945793516677606,-0.0001430048585717384,-0.0008130548902843312,0.0002287863203177705,0.999999643299205,-0.0005944789154455066,-0.0004140370583627373,0.0003923142794519663,-0.024181731045246124,0.002295983023941517,-0.0007926970720291138,-0.02294131927192211,0.006966858636587858,-0.006690355483442545,0.9945790296180581,-0.10397968553577241,0.000832436811658812,0.10397983889628315,0.9945793516677606,-0.0001430048585717384,-0.0008130548902843312,0.0002287863203177705,0.999999643299205,-0.0005944789154455066,-0.0004140370583627373,0.0003923142794519663,40.00191735165248,0.1286879552250585,0.014678807156306109,-0.0038880695756975422,40.00191735165248,0.1286879552250585,0.014678807156306109,-0.0038880695756975422,-0.02564455009996891,0.0022989504504948854,-0.007636174559593201,0.0,0.0,0.0,0.9946113018134294,-0.10366412601379893,0.0014490606862628541,0.10366412048513518,0.9946123548183355,7.912553940600531e-05,-0.001449456146524336,7.151645098638082e-05,0.9999989469805802,0.0,0.0,0.0
1,1773702354424297515,0.12160502,121,121.60502,38.761014002375305,80.0,1.0,-1.0,-0.024181731045246124,0.002295983023941517,-0.0007926970720291138,-0.02294131927192211,0.006966858636587858,-0.006690355483442545,0.9945790296180581,-0.10397968553577241,0.000832436811658812,0.10397983889628315,0.9945793516677606,-0.0001430048585717384,-0.0008130548902843312,0.0002287863203177705,0.999999643299205,-0.0005944789154455066,-0.0004140370583627373,0.0003923142794519663,-0.024181731045246124,0.002295983023941517,-0.0007926970720291138,-0.02294131927192211,0.006966858636587858,-0.006690355483442545,0.9945790296180581,-0.10397968553577241,0.000832436811658812,0.10397983889628315,0.9945793516677606,-0.0001430048585717384,-0.0008130548902843312,0.0002287863203177705,0.999999643299205,-0.0005944789154455066,-0.0004140370583627373,0.0003923142794519663,40.00191735165248,0.1286879552250585,0.014678807156306109,-0.0038880695756975422,40.00191735165248,0.1286879552250585,0.014678807156306109,-0.0038880695756975422,-0.02564455009996891,0.0022989504504948854,-0.007636174559593201,0.0,0.0,0.0,0.9946113018134294,-0.10366412601379893,0.0014490606862628541,0.10366412048513518,0.9946123548183355,7.912553940600531e-05,-0.001449456146524336,7.151645098638082e-05,0.9999989469805802,0.0,0.0,0.0
2,1773702354470031741,0.167339246,167,45.734226,42.389098001876846,79.99993641881133,0.9999992052351416,-0.9999992052351416,-0.02304079383611679,0.0008894973434507847,-0.0009962916374206543,-0.02110300213098526,0.005394403822720051,-0.0070382715202867985,0.9945807673914776,-0.10396514254504785,0.0006992250975725173,0.10396522264550567,0.9945810016626434,-7.910235936538917e-05,-0.0006872120705768286,0.00015136872327523726,0.9999997524135252,0.0005697848391719162,-0.000565614434890449,0.0006165168597362936,-0.02304079383611679,0.0008894973434507847,-0.0009962916374206543,-0.02110300213098526,0.005394403822720051,-0.0070382715202867985,0.9945807673914776,-0.10396514254504785,0.0006992250975725173,0.10396522264550567,0.9945810016626434,-7.910235936538917e-05,-0.0006872120705768286,0.00015136872327523726,0.9999997524135252,0.0005697848391719162,-0.000565614434890449,0.0006165168597362936,39.99993641881133,0.08541967573462415,0.014853187142681015,-0.006226902540817097,39.99993641881133,0.08541967573462415,0.014853187142681015,-0.006226902540817097,-0.02564455009996891,0.0022989504504948854,-0.007636174559593201,0.0,0.0,0.0,0.9946113018134294,-0.10366412601379893,0.0014490606862628541,0.10366412048513518,0.9946123548183355,7.912553940600531e-05,-0.001449456146524336,7.151645098638082e-05,0.9999989469805802,0.0,0.0,0.0
3,1773702354520228655,0.21753616,217,50.196914,54.435230005765334,79.99982303140386,0.9999977878925483,-0.9999977878925483,-0.02218548022210598,-0.0002675106516107917,-0.0012028515338897705,-0.019819628447294235,0.003972571808844805,-0.0073446352034807205,0.9945784123428266,-0.10398833038800182,0.0005800678718003265,0.10398836535742872,0.9945785773792922,-3.0372273910988373e-05,-0.000573764685253244,9.052787898614426e-05,0.9999998312993901,0.0008452799520455301,0.00010179202217841521,-0.0004951236769556999,-0.02218548022210598,-0.0002675106516107917,-0.0012028515338897705,-0.019819628447294235,0.003972571808844805,-0.0073446352034807205,0.9945784123428266,-0.10398833038800182,0.0005800678718003265,0.10398836535742872,0.9945785773792922,-3.0372273910988373e-05,-0.000573764685253244,9.052787898614426e-05,0.9999998312993901,0.0008452799520455301,0.00010179202217841521,-0.0004951236769556999,39.999823031403864,0.05854259891335908,0.005389725152169938,0.005455288117840772,39.999823031403864,0.05854259891335908,0.005389725152169938,0.005455288117840772,-0.02564455009996891,0.0022989504504948854,-0.007636174559593201,0.0,0.0,0.0,0.9946113018134294,-0.10366412601379893,0.0014490606862628541,0.10366412048513518,0.9946123548183355,7.912553940600531e-05,-0.001449456146524336,7.151645098638082e-05,0.9999989469805802,0.0,0.0,0.0
4,1773702354581322458,0.278629963,278,61.093803,53.38796599244233,0.0,0.0,-0.0,-0.020694352686405182,-0.0026276977732777596,-0.0011805891990661621,-0.017800750210881233,0.0010328831849619746,0.03299253061413765,0.9945803372939647,-0.10397106263905553,0.00035543196927861486,0.1039709046539592,0.9945803211571761,0.00043735827354337,-0.00039897818769644717,-0.0003980333528293453,0.9999998411929265,0.0392502136528492,0.00652697728946805,0.0009036202100105584,-0.020694352686405182,-0.0026276977732777596,-0.0011805891990661621,-0.017800750210881233,0.0010328831849619746,0.03299253061413765,0.9945803372939647,-0.10397106263905553,0.00035543196927861486,0.1039709046539592,0.9945803211571761,0.00043735827354337,-0.00039897818769644717,-0.0003980333528293453,0.9999998411929265,0.0392502136528492,0.00652697728946805,0.0009036202100105584,-40.00036575859973,-0.46080640901947023,-0.07577020870945743,-0.00917951718346448,-40.00036575859973,-0.46080640901947023,-0.07577020870945743,-0.00917951718346448,-0.02564455009996891,0.0022989504504948854,-0.007636174559593201,0.0,0.0,0.0,0.9946113018134294,-0.10366412601379893,0.0014490606862628541,0.10366412048513518,0.9946123548183355,7.912553940600531e-05,-0.001449456146524336,7.151645098638082e-05,0.9999989469805802,0.0,0.0,0.0
5,1773702354646420320,0.343727825,343,65.097862,45.939528004964814,0.0,0.0,-0.0,-0.018734434619545937,-0.00586713058874011,0.017287224531173706,-0.014775848016142845,-0.007908512838184834,0.4777389466762543,0.9945696217583322,-0.10405705692714418,-0.0019239634923945426,0.10407324319730638,0.9944868544882279,0.012843736269125938,0.0005768767013957232,-0.012974220984025009,0.9999156648570151,0.2854461371898651,0.049656789749860764,-0.0018710996955633163,-0.018734434619545937,-0.00586713058874011,0.017287224531173706,-0.014775848016142845,-0.007908512838184834,0.4777389466762543,0.9945696217583322,-0.10405705692714418,-0.0019239634923945426,0.10407324319730638,0.9944868544882279,0.012843736269125938,0.0005768767013957232,-0.012974220984025009,0.9999156648570151,0.2854461371898651,0.049656789749860764,-0.0018710996955633163,-40.02095560363218,-3.5396833017115976,-0.6019232265887677,0.019961353635999084,-40.02095560363218,-3.5396833017115976,-0.6019232265887677,0.019961353635999084,-0.02564455009996891,0.0022989504504948854,-0.007636174559593201,0.0,0.0,0.0,0.9946113018134294,-0.10366412601379893,0.0014490606862628541,0.10366412048513518,0.9946123548183355,7.912553940600531e-05,-0.001449456146524336,7.151645098638082e-05,0.9999989469805802,0.0,0.0,0.0
6,1773702354702870227,0.400177732,400,56.449907,46.7490659939358,0.0,0.0,-0.0,-0.017157098278403282,-0.008656593039631844,0.05066567659378052,-0.011839969083666801,-0.0261501744389534,0.797736644744873,0.9945497518209595,-0.10412648961320436,-0.005324998603333353,0.10423956670626167,0.9941052988961542,0.029810362706116145,0.0021895595333329965,-0.030202966143173637,0.9995413881474031,0.40501266717910767,0.08388900011777878,-0.0028789802454411983,-0.017157098278403282,-0.008656593039631844,0.05066567659378052,-0.011839969083666801,-0.0261501744389534,0.797736644744873,0.9945497518209595,-0.10412648961320436,-0.005324998603333353,0.10423956670626167,0.9941052988961542,0.029810362706116145,0.0021895595333329965,-0.030202966143173637,0.9995413881474031,0.40501266717910767,0.08388900011777878,-0.0028789802454411983,-40.00130139758059,-4.001291336669084,-1.0142755044780496,0.030397470407589937,-40.00130139758059,-4.001291336669084,-1.0142755044780496,0.030397470407589937,-0.02564455009996891,0.0022989504504948854,-0.007636174559593201,0.0,0.0,0.0,0.9946113018134294,-0.10366412601379893,0.0014490606862628541,0.10366412048513518,0.9946123548183355,7.912553940600531e-05,-0.001449456146524336,7.151645098638082e-05,0.9999989469805802,0.0,0.0,0.0
7,1773702354759936919,0.457244424,457,57.066692,44.14925299352035,0.0,0.0,-0.0,-0.014620495028793812,-0.014280189760029316,0.12579289078712463,-0.0051182047463953495,-0.07542714476585388,1.24063241481781,0.9945046244869238,-0.10404492176984359,-0.011638314188691545,0.10455788350382389,0.9927204037970492,0.05978372039964497,0.005333405471383168,-0.06067205590760416,0.9981435051277463,0.5166757106781006,0.1031685546040535,-0.0018025476019829512,-0.014620495028793812,-0.014280189760029316,0.12579289078712463,-0.0051182047463953495,-0.07542714476585388,1.24063241481781,0.9945046244869238,-0.10404492176984359,-0.011638314188691545,0.10455788350382389,0.9927204037970492,0.05978372039964497,0.005333405471383168,-0.06067205590760416,0.9981435051277463,0.5166757106781006,0.1031685546040535,-0.0018025476019829512,-40.00111604175256,-4.001301024069001,-1.2393333941148328,0.018744870749120617,-40.00111604175256,-4.001301024069001,-1.2393333941148328,0.018744870749120617,-0.02564455009996891,0.0022989504504948854,-0.007636174559593201,0.0,0.0,0.0,0.9946113018134294,-0.10366412601379893,0.0014490606862628541,0.10366412048513518,0.9946123548183355,7.912553940600531e-05,-0.001449456146524336,7.151645098638082e-05,0.9999989469805802,0.0,0.0,0.0
8,1773702354808771678,0.506079183,506,48.834759,24.789105998934247,0.0,0.0,-0.0,-0.012794923037290573,-0.01929134503006935,0.18351778388023376,-0.001791179645806551,-0.09354934096336365,1.1009118556976318,0.9944665917710924,-0.10383117931034569,-0.015974454000960314,0.10479098275895482,0.9911816836279084,0.08110252161100862,0.007412612380719441,-0.08232773147601069,0.9965777428253976,0.5385740995407104,0.10564194619655609,-0.0029731537215411663,-0.012794923037290573,-0.01929134503006935,0.18351778388023376,-0.001791179645806551,-0.09354934096336365,1.1009118556976318,0.9944665917710924,-0.10383117931034569,-0.015974454000960314,0.10479098275895482,0.9911816836279084,0.08110252161100862,0.007412612380719441,-0.08232773147601069,0.9965777428253976,0.5385740995407104,0.10564194619655609,-0.0029731537215411663,-40.001436227009286,-4.0012949391846275,-1.2639150072336998,0.030728311138493114,-40.001436227009286,-4.0012949391846275,-1.2639150072336998,0.030728311138493114,-0.02564455009996891,0.0022989504504948854,-0.007636174559593201,0.0,0.0,0.0,0.9946113018134294,-0.10366412601379893,0.0014490606862628541,0.10366412048513518,0.9946123548183355,7.912553940600531e-05,-0.001449456146524336,7.151645098638082e-05,0.9999989469805802,0.0,0.0,0.0
9,1773702354836410461,0.533717966,533,27.638783,18.657681008335203,0.0,0.0,-0.0,-0.012041104957461357,-0.021448148414492607,0.20443010330200195,-0.0008372511947527528,-0.09599108248949051,0.9682076573371887,0.9944473609751732,-0.10373161920371565,-0.01772848117012993,0.10491156550158576,0.9904270315460757,0.08971042488574188,0.008252963096089694,-0.09107221298461221,0.9958100928429948,0.5383680462837219,0.10676605999469757,-0.0022274048533290625,-0.012041104957461357,-0.021448148414492607,0.20443010330200195,-0.0008372511947527528,-0.09599108248949051,0.9682076573371887,0.9944473609751732,-0.10373161920371565,-0.01772848117012993,0.10491156550158576,0.9904270315460757,0.08971042488574188,0.008252963096089694,-0.09107221298461221,0.9958100928429948,0.5383680462837219,0.10676605999469757,-0.0022274048533290625,-40.001263633893174,-4.001289760498769,-1.2755435841402452,0.022796401433326185,-40.001263633893174,-4.001289760498769,-1.2755435841402452,0.022796401433326185,-0.02564455009996891,0.0022989504504948854,-0.007636174559593201,0.0,0.0,0.0,0.9946113018134294,-0.10366412601379893,0.0014490606862628541,0.10366412048513518,0.9946123548183355,7.912553940600531e-05,-0.001449456146524336,7.151645098638082e-05,0.9999989469805802,0.0,0.0,0.0
10,1773702354857889956,0.555197461,555,21.479495,29.338267995626666,0.0,0.0,-0.0,-0.011663674376904964,-0.022554028779268265,0.21425941586494446,-0.0003909095248673111,-0.09707707911729813,0.898622453212738,0.9944375488353404,-0.10367077649964518,-0.018609402233243255,0.10496974691556504,0.9900214651306481,0.09401504705443564,0.008677093893860288,-0.09544551831114712,0.9953968359329388,0.539254903793335,0.10709921270608902,-0.0018099976005032659,-0.011663674376904964,-0.022554028779268265,0.21425941586494446,-0.0003909095248673111,-0.09707707911729813,0.898622453212738,0.9944375488353404,-0.10367077649964518,-0.018609402233243255,0.10496974691556504,0.9900214651306481,0.09401504705443564,0.008677093893860288,-0.09544551831114712,0.9953968359329388,0.539254903793335,0.10709921270608902,-0.0018099976005032659,-40.00124429011516,-4.001335364670378,-1.2785972715846055,0.018368694935971836,-40.00124429011516,-4.001335364670378,-1.2785972715846055,0.018368694935971836,-0.02564455009996891,0.0022989504504948854,-0.007636174559593201,0.0,0.0,0.0,0.9946113018134294,-0.10366412601379893,0.0014490606862628541,0.10366412048513518,0.9946123548183355,7.912553940600531e-05,-0.001449456146524336,7.151645098638082e-05,0.9999989469805802,0.0,0.0,0.0
11,1773702354889723413,0.587030918,587,31.833457,27.52929800772108,0.0,0.0,-0.0,-0.01091846451163292,-0.024770449846982956,0.23207148909568787,0.0004273528466001153,-0.09884418547153473,0.7559626698493958,0.9944172800307147,-0.10353724258717323,-0.02036178565976421,0.10509064077388874,0.9891521724671601,0.10263638280152332,0.009514228681214654,-0.1042032093672578,0.9945105188239424,0.5408219695091248,0.10563597828149796,-0.0011372760636731982,-0.01091846451163292,-0.024770449846982956,0.23207148909568787,0.0004273528466001153,-0.09884418547153473,0.7559626698493958,0.9944172800307147,-0.10353724258717323,-0.02036178565976421,0.10509064077388874,0.9891521724671601,0.10263638280152332,0.009514228681214654,-0.1042032093672578,0.9945105188239424,0.5408219695091248,0.10563597828149796,-0.0011372760636731982,-40.000339960505016,-4.001312749937535,-1.2586726588335442,0.011231404541354352,-40.000339960505016,-4.001312749937535,-1.2586726588335442,0.011231404541354352,-0.02564455009996891,0.0022989504504948854,-0.007636174559593201,0.0,0.0,0.0,0.9946113018134294,-0.10366412601379893,0.0014490606862628541,0.10366412048513518,0.9946123548183355,7.912553940600531e-05,-0.001449456146524336,7.151645098638082e-05,0.9999989469805802,0.0,0.0,0.0
12,1773702354920117391,0.617424896,617,30.393978,25.671583993243985,0.00015624581959627903,1.953072744953488e-06,-1.953072744953488e-06,-0.009096484631299973,-0.030462779104709625,0.266254186630249,0.002176139270886779,-0.10280166566371918,0.3917044401168823,0.9943545422056761,-0.10318587483110209,-0.02473522340779688,0.1054739338543289,0.9866407304099678,0.12415889115037881,0.011593340784549433,-0.12606687105730252,0.9919540005895241,0.5405194759368896,0.10602008551359177,-0.0015717634232714772,-0.009096484631299973,-0.030462779104709625,0.266254186630249,0.002176139270886779,-0.10280166566371918,0.3917044401168823,0.9943545422056761,-0.10318587483110209,-0.02473522340779688,0.1054739338543289,0.9866407304099678,0.12415889115037881,0.011593340784549433,-0.12606687105730252,0.9919540005895241,0.5405194759368896,0.10602008551359177,-0.0015717634232714772,-39.999843754180404,-4.001039619702278,-1.2577299854310051,0.0156844709951346,-39.999843754180404,-4.001039619702278,-1.2577299854310051,0.0156844709951346,-0.02564455009996891,0.0022989504504948854,-0.007636174559593201,0.0,0.0,0.0,0.9946113018134294,-0.10366412601379893,0.0014490606862628541,0.10366412048513518,0.9946123548183355,7.912553940600531e-05,-0.001449456146524336,7.151645098638082e-05,0.9999989469805802,0.0,0.0,0.0
13,1773702354948479959,0.645787464,645,28.362568,35.53108400956262,0.00017044775457719652,2.1305969322149565e-06,-2.1305969322149565e-06,-0.008386549539864063,-0.032740041613578796,0.27512529492378235,0.0028531269636005163,-0.10426030308008194,0.24415256083011627,0.9943271746613502,-0.10302003305243979,-0.026465501258663426,0.10563932843862989,0.9855025767018193,0.13275949694340872,0.012404936298460623,-0.1348021674194091,0.9907948798233008,0.5404037833213806,0.10559874773025513,-0.0016269152984023094,-0.008386549539864063,-0.032740041613578796,0.27512529492378235,0.0028531269636005163,-0.10426030308008194,0.24415256083011627,0.9943271746613502,-0.10302003305243979,-0.026465501258663426,0.10563932843862989,0.9855025767018193,0.13275949694340872,0.012404936298460623,-0.1348021674194091,0.9907948798233008,0.5404037833213806,0.10559874773025513,-0.0016269152984023094,-39.99982955224542,-4.000839292849198,-1.2501307095552936,0.016257182146700126,-39.99982955224542,-4.000839292849198,-1.2501307095552936,0.016257182146700126,-0.02564455009996891,0.0022989504504948854,-0.007636174559593201,0.0,0.0,0.0,0.9946113018134294,-0.10366412601379893,0.0014490606862628541,0.10366412048513518,0.9946123548183355,7.912553940600531e-05,-0.001449456146524336,7.151645098638082e-05,0.9999989469805802,0.0,0.0,0.0
14,1773702354986651136,0.683958641,683,38.171177,31.78893400763627,79.9998661299456,0.99999832662432,-0.99999832662432,-0.006987233180552721,-0.03729261830449104,0.2833065092563629,0.004264986142516136,-0.10716856271028519,-0.05346587672829628,0.9942670714637059,-0.10264894295605842,-0.029938615971834448,0.10599973978036203,0.9830018862855683,0.14990491236427017,0.014042143529769735,-0.15221899251518467,0.9882470328658889,0.5398854613304138,0.10778341442346573,-0.002027152804657817,-0.006987233180552721,-0.03729261830449104,0.2833065092563629,0.004264986142516136,-0.10716856271028519,-0.05346587672829628,0.9942670714637059,-0.10264894295605842,-0.029938615971834448,0.10599973978036203,0.9830018862855683,0.14990491236427017,0.014042143529769735,-0.15221899251518467,0.9882470328658889,0.5398854613304138,0.10778341442346573,-0.002027152804657817,39.9998661299456,-3.999136426933624,-1.2720204147369933,0.02047395748819393,39.9998661299456,-3.999136426933624,-1.2720204147369933,0.02047395748819393,-0.02564455009996891,0.0022989504504948854,-0.007636174559593201,0.0,0.0,0.0,0.9946113018134294,-0.10366412601379893,0.0014490606862628541,0.10366412048513518,0.9946123548183355,7.912553940600531e-05,-0.001449456146524336,7.151645098638082e-05,0.9999989469805802,0.0,0.0,0.0
15,1773702355021460300,0.718767805,718,34.809164,24.102922005113214,80.0,1.0,-1.0,-0.0056759025901556015,-0.041808098554611206,0.2784145176410675,0.005418471526354551,-0.10988360643386841,-0.35415324568748474,0.9941971493473305,-0.10225572507466651,-0.03340797563847353,0.10642720694350327,0.9801980865648672,0.16698880130538285,0.015670893289073007,-0.16957528033646874,0.9853926381653161,0.5394086837768555,0.10700178891420364,-0.0011114143999293447,-0.0056759025901556015,-0.041808098554611206,0.2784145176410675,0.005418471526354551,-0.10988360643386841,-0.35415324568748474,0.9941971493473305,-0.10225572507466651,-0.03340797563847353,0.10642720694350327,0.9801980865648672,0.16698880130538285,0.015670893289073007,-0.16957528033646874,0.9853926381653161,0.5394086837768555,0.10700178891420364,-0.0011114143999293447,40.000169715122595,-3.998663996371717,-1.256470566616997,0.01102201172796395,40.000169715122595,-3.998663996371717,-1.256470566616997,0.01102201172796395,-0.02564455009996891,0.0022989504504948854,-0.007636174559593201,0.0,0.0,0.0,0.9946113018134294,-0.10366412601379893,0.0014490606862628541,0.10366412048513518,0.9946123548183355,7.912553940600531e-05,-0.001449456146524336,7.151645098638082e-05,0.9999989469805802,0.0,0.0,0.0
16,1773702355048982029,0.746289534,746,27.521729,30.185527008143254,79.99999387826445,0.9999999234783056,-0.9999999234783056,-0.00505605386570096,-0.04407047480344772,0.27101609110832214,0.005925832316279411,-0.1113256886601448,-0.5057036280632019,0.9941592279801248,-0.1020457108596644,-0.03513255450844399,0.10665906880649345,0.978687338346726,0.17548541729363576,0.016476266108635063,-0.17820763374257487,0.9838549561668714,0.5386926531791687,0.10633844882249832,-0.003344781929627061,-0.00505605386570096,-0.04407047480344772,0.27101609110832214,0.005925832316279411,-0.1113256886601448,-0.5057036280632019,0.9941592279801248,-0.1020457108596644,-0.03513255450844399,0.10665906880649345,0.978687338346726,0.17548541729363576,0.016476266108635063,-0.17820763374257487,0.9838549561668714,0.5386926531791687,0.10633844882249832,-0.003344781929627061,39.99999387826445,-3.9990562742166995,-1.2452214998885238,0.03457928283068288,39.99999387826445,-3.9990562742166995,-1.2452214998885238,0.03457928283068288,-0.02564455009996891,0.0022989504504948854,-0.007636174559593201,0.0,0.0,0.0,0.9946113018134294,-0.10366412601379893,0.0014490606862628541,0.10366412048513518,0.9946123548183355,7.912553940600531e-05,-0.001449456146524336,7.151645098638082e-05,0.9999989469805802,0.0,0.0,0.0
17,1773702355082490822,0.779798327,779,33.508793,25.515317989629693,80.0,1.0,-1.0,-0.003635145490989089,-0.04971279576420784,0.23819538950920105,0.007022486999630928,-0.11467696726322174,-0.8875693678855896,0.994060122872748,-0.10143888996816108,-0.03943261039975221,0.10725377757616927,0.9745799378907286,0.19669997591318644,0.018477228622324482,-0.19976086531056358,0.9796704519276138,0.5395098924636841,0.10620125383138657,-0.001707172952592373,-0.003635145490989089,-0.04971279576420784,0.23819538950920105,0.007022486999630928,-0.11467696726322174,-0.8875693678855896,0.994060122872748,-0.10143888996816108,-0.03943261039975221,0.10725377757616927,0.9745799378907286,0.19669997591318644,0.018477228622324482,-0.19976086531056358,0.9796704519276138,0.5395098924636841,0.10620125383138657,-0.001707172952592373,40.0011881956127,-3.998657166974665,-1.2348021955065132,0.017789127232790285,40.0011881956127,-3.998657166974665,-1.2348021955065132,0.017789127232790285,-0.02564455009996891,0.0022989504504948854,-0.007636174559593201,0.0,0.0,0.0,0.9946113018134294,-0.10366412601379893,0.0014490606862628541,0.10366412048513518,0.9946123548183355,7.912553940600531e-05,-0.001449456146524336,7.151645098638082e-05,0.9999989469805802,0.0,0.0,0.0
18,1773702355110456548,0.807764053,807,27.965726,29.71535200776998,80.0,1.0,-1.0,-0.0026034479960799217,-0.05419670417904854,0.1984470784664154,0.00772118428722024,-0.11733758449554443,-1.1951113939285278,0.9939768922701067,-0.10087496991099698,-0.04283002912018219,0.10774288522011277,0.9709649295052056,0.2135856060854291,0.0200410351277025,-0.21691376035725796,0.9759850319386767,0.5387221574783325,0.10673186182975769,-0.002791746286675334,-0.0026034479960799217,-0.05419670417904854,0.1984470784664154,0.00772118428722024,-0.11733758449554443,-1.1951113939285278,0.9939768922701067,-0.10087496991099698,-0.04283002912018219,0.10774288522011277,0.9709649295052056,0.2135856060854291,0.0200410351277025,-0.21691376035725796,0.9759850319386767,0.5387221574783325,0.10673186182975769,-0.002791746286675334,40.00156729327786,-3.9986592212981695,-1.2336990386751328,0.029588231698552993,40.00156729327786,-3.9986592212981695,-1.2336990386751328,0.029588231698552993,-0.02564455009996891,0.0022989504504948854,-0.007636174559593201,0.0,0.0,0.0,0.9946113018134294,-0.10366412601379893,0.0014490606862628541,0.10366412048513518,0.9946123548183355,7.912553940600531e-05,-0.001449456146524336,7.151645098638082e-05,0.9999989469805802,0.0,0.0,0.0
19,1773702355142559889,0.839867394,839,32.103341,35.58138599328231,80.0,1.0,-1.0,-0.002354925964027643,-0.05532131716609001,0.1864234209060669,0.007848061621189117,-0.11804059147834778,-1.2723740339279175,0.9939556513144532,-0.10072054850922463,-0.04367856508324497,0.10786534580669382,0.9700172208928115,0.21778875751561788,0.020433182543873052,-0.22118373583755346,0.9750180749445984,0.538436770439148,0.10595821589231491,-0.002040854888036847,-0.002354925964027643,-0.05532131716609001,0.1864234209060669,0.007848061621189117,-0.11804059147834778,-1.2723740339279175,0.9939556513144532,-0.10072054850922463,-0.04367856508324497,0.10786534580669382,0.9700172208928115,0.21778875751561788,0.020433182543873052,-0.22118373583755346,0.9750180749445984,0.538436770439148,0.10595821589231491,-0.002040854888036847,40.00154367847824,-3.9986640336278194,-1.2222584493254567,0.021828795356883958,40.00154367847824,-3.9986640336278194,-1.2222584493254567,0.021828795356883958,-0.02564455009996891,0.0022989504504948854,-0.007636174559593201,0.0,0.0,0.0,0.9946113018134294,-0.10366412601379893,0.0014490606862628541,0.10366412048513518,0.9946123548183355,7.912553940600531e-05,-0.001449456146524336,7.151645098638082e-05,0.9999989469805802,0.0,0.0,0.0
20,1773702355181842602,0.879150107,879,39.282713,35.20558899617754,79.99928587804867,0.9999910734756083,-0.9999910734756083,-0.001230422523804009,-0.06121248006820679,0.11655202507972717,0.010956091806292534,-0.1478978842496872,-1.5501371622085571,0.9939788493117683,-0.10165687724675987,-0.040893160892798264,0.10837224154113478,0.9671654742091298,0.22988416412573187,0.016181178535891405,-0.2329316401538879,0.9723584877041621,-0.14422570168972015,-0.43354713916778564,-0.014094365760684013,-0.001230422523804009,-0.06121248006820679,0.11655202507972717,0.010956091806292534,-0.1478978842496872,-1.5501371622085571,0.9939788493117683,-0.10165687724675987,-0.040893160892798264,0.10837224154113478,0.9671654742091298,0.22988416412573187,0.016181178535891405,-0.2329316401538879,0.9723584877041621,-0.14422570168972015,-0.43354713916778564,-0.014094365760684013,39.99928587804867,0.7063717688679257,3.999836311008344,0.15042052742074713,39.99928587804867,0.7063717688679257,3.999836311008344,0.15042052742074713,-0.02564455009996891,0.0022989504504948854,-0.007636174559593201,0.0,0.0,0.0,0.9946113018134294,-0.10366412601379893,0.0014490606862628541,0.10366412048513518,0.9946123548183355,7.912553940600531e-05,-0.001449456146524336,7.151645098638082e-05,0.9999989469805802,0.0,0.0,0.0
21,1773702355226419916,0.923727421,923,44.577314,51.383426995016634,79.99999943659019,0.9999999929573773,-0.9999999929573773,-0.0020841623190790415,-0.0666920617222786,0.041641056537628174,-0.42219287157058716,0.40805527567863464,-0.17513225972652435,0.9938598457270134,-0.11055525142104417,0.004520749907751309,0.1076309778572142,0.9754316271145056,0.19222124336761226,-0.025660721512068108,-0.19055437794235885,0.9813412053683392,-1.5159506797790527,-1.9044053554534912,0.2606915831565857,-0.0020841623190790415,-0.0666920617222786,0.041641056537628174,-0.42219287157058716,0.40805527567863464,-0.17513225972652435,0.9938598457270134,-0.11055525142104417,0.004520749907751309,0.1076309778572142,0.9754316271145056,0.19222124336761226,-0.025660721512068108,-0.19055437794235885,0.9813412053683392,-1.5159506797790527,-1.9044053554534912,0.2606915831565857,39.99999943659019,4.000128583469138,3.9999839697554638,-2.500000065573546,39.99999943659019,4.000128583469138,3.9999839697554638,-2.500000065573546,-0.02564455009996891,0.0022989504504948854,-0.007636174559593201,0.0,0.0,0.0,0.9946113018134294,-0.10366412601379893,0.0014490606862628541,0.10366412048513518,0.9946123548183355,7.912553940600531e-05,-0.001449456146524336,7.151645098638082e-05,0.9999989469805802,0.0,0.0,0.0
22,1773702355287825616,0.985133121,985,61.4057,50.3455519938143,40.135251247508876,0.5016906405938609,-0.5016906405938609,-0.016251301392912865,-0.04936712235212326,0.023336857557296753,-0.3595360517501831,0.4261229932308197,-0.07956799864768982,0.9890221669933433,-0.11640944147725918,0.09101699236242866,0.10833705435470664,0.9901122694276202,0.08911157973946904,-0.10049046178900478,-0.07827281540738595,0.9918543412069023,-3.348491668701172,-2.73249888420105,0.1095360517501831,-0.016251301392912865,-0.04936712235212326,0.023336857557296753,-0.3595360517501831,0.4261229932308197,-0.07956799864768982,0.9890221669933433,-0.11640944147725918,0.09101699236242866,0.10833705435470664,0.9901122694276202,0.08911157973946904,-0.10049046178900478,-0.07827281540738595,0.9918543412069023,-3.348491668701172,-2.73249888420105,0.1095360517501831,0.1352512475088792,4.000006658057942,4.000008438469795,-1.1236491249848464,0.1352512475088792,4.000006658057942,4.000008438469795,-1.1236491249848464,-0.02564455009996891,0.0022989504504948854,-0.007636174559593201,0.0,0.0,0.0,0.9946113018134294,-0.10366412601379893,0.0014490606862628541,0.10366412048513518,0.9946123548183355,7.912553940600531e-05,-0.001449456146524336,7.151645098638082e-05,0.9999989469805802,0.0,0.0,0.0
23,1773702355343493140,1.040800645,1040,55.667524,43.800102997920476,0.0003050490571041564,3.813113213801955e-06,-3.813113213801955e-06,-0.0379071980714798,-0.026335395872592926,0.01498955488204956,-0.43914979696273804,0.4247209131717682,0.31863269209861755,0.9708479713814895,-0.11664806490414303,0.20939832454930007,0.12944990405164525,0.9904011304766684,-0.0484617213675449,-0.20173535672215515,0.07415552986894758,0.9766287972889732,-1.697829246520996,-1.6973693370819092,-0.16945049166679382,-0.0379071980714798,-0.026335395872592926,0.01498955488204956,-0.43914979696273804,0.4247209131717682,0.31863269209861755,0.9708479713814895,-0.11664806490414303,0.20939832454930007,0.12944990405164525,0.9904011304766684,-0.0484617213675449,-0.20173535672215515,0.07415552986894758,0.9766287972889732,-1.697829246520996,-1.6973693370819092,-0.16945049166679382,-39.999694950942896,3.999860273931126,4.000014618191882,1.790363985098037,-39.999694950942896,3.999860273931126,4.000014618191882,1.790363985098037,-0.02564455009996891,0.0022989504504948854,0.007363825440406813,0.0,0.0,0.0,0.9946113018134294,-0.10366412601379893,0.0014490606862628541,0.10366412048513518,0.9946123548183355,7.912553940600531e-05,-0.001449456146524336,7.151645098638082e-05,0.9999989469805802,0.0,0.0,0.0
24,1773702355390657599,1.087965104,1087,47.164459,22.444820002419874,0.00027489604116226474,3.436200514528309e-06,-3.436200514528309e-06,-0.07380279898643494,0.009476407431066036,0.032731980085372925,-0.5681198239326477,0.5515888333320618,0.2607136070728302,0.9446563103390329,-0.11949652937306343,0.3055247074723493,0.17094886187811653,0.9741703964147721,-0.14754271173520372,-0.2800022649439402,0.19160618541295982,0.9406836970378575,-2.1713459491729736,-1.2356616258621216,-0.3768262565135956,-0.07380279898643494,0.009476407431066036,0.032731980085372925,-0.5681198239326477,0.5515888333320618,0.2607136070728302,0.9446563103390329,-0.11949652937306343,0.3055247074723493,0.17094886187811653,0.9741703964147721,-0.14754271173520372,-0.2800022649439402,0.19160618541295982,0.9406836970378575,-2.1713459491729736,-1.2356616258621216,-0.3768262565135956,-39.99972510395884,3.9987995576519073,4.000143904099274,2.500006003673589,-39.99972510395884,3.9987995576519073,4.000143904099274,2.500006003673589,-0.02564455009996891,0.0022989504504948854,0.024988825440406787,0.0,0.0,0.0,0.9946113018134294,-0.10366412601379893,0.0014490606862628541,0.10366412048513518,0.9946123548183355,7.912553940600531e-05,-0.001449456146524336,7.151645098638082e-05,0.9999989469805802,0.0,0.0,0.0
25,1773702355416182488,1.113489993,1113,25.524889,26.133369989111088,39.599129160697046,0.4949891145087131,-0.4949891145087131,-0.0988394245505333,0.034081920981407166,0.04569286108016968,-0.6536636352539062,0.6203341484069824,0.21035601198673248,0.9414187031356529,-0.13114103879137007,0.3106979633333271,0.2028136039705264,0.9562329879268394,-0.2109158823954811,-0.26943990430621234,0.2615738362940778,0.9268124352554699,-2.2753868103027344,0.8831105828285217,-0.37541064620018005,-0.0988394245505333,0.034081920981407166,0.04569286108016968,-0.6536636352539062,0.6203341484069824,0.21035601198673248,0.9414187031356529,-0.13114103879137007,0.3106979633333271,0.2028136039705264,0.9562329879268394,-0.2109158823954811,-0.26943990430621234,0.2615738362940778,0.9268124352554699,-2.2753868103027344,0.8831105828285217,-0.37541064620018005,-0.4008708393029506,4.000002478551035,-3.9999949645626645,2.4999981696453193,-0.4008708393029506,4.000002478551035,-3.9999949645626645,2.4999981696453193,-0.02564455009996891,0.0022989504504948854,0.034738825440406795,0.0,0.0,0.0,0.9946113018134294,-0.10366412601379893,0.0014490606862628541,0.10366412048513518,0.9946123548183355,7.912553940600531e-05,-0.001449456146524336,7.151645098638082e-05,0.9999989469805802,0.0,0.0,0.0
26,1773702355444764158,1.142071663,1142,28.58167,33.29753500293009,39.648924654550505,0.4956115581818813,-0.4956115581818813,-0.1124967560172081,0.0471060536801815,0.05170023441314697,-0.694072961807251,0.6612403988838196,0.18482251465320587,0.9467928256484301,-0.14311484970233157,0.28827385887799584,0.216948220216715,0.9454079489704126,-0.2431823058305079,-0.23773339930717854,0.29278367856714094,0.9261536427105065,-2.280449151992798,2.0327415466308594,-0.3724319636821747,-0.1124967560172081,0.0471060536801815,0.05170023441314697,-0.694072961807251,0.6612403988838196,0.18482251465320587,0.9467928256484301,-0.14311484970233157,0.28827385887799584,0.216948220216715,0.9454079489704126,-0.2431823058305079,-0.23773339930717854,0.29278367856714094,0.9261536427105065,-2.280449151992798,2.0327415466308594,-0.3724319636821747,-0.3510753454494929,4.000002673277581,-4.000001378080649,2.499998124755839,-0.3510753454494929,4.000002673277581,-4.000001378080649,2.499998124755839,-0.02564455009996891,0.0022989504504948854,0.04561382544040685,0.0,0.0,0.0,0.9946113018134294,-0.10366412601379893,0.0014490606862628541,0.10366412048513518,0.9946123548183355,7.912553940600531e-05,-0.001449456146524336,7.151645098638082e-05,0.9999989469805802,0.0,0.0,0.0
27,1773702355481126875,1.17843438,1178,36.362717,24.400950002018362,39.905269402783915,0.49881586753479895,-0.49881586753479895,-0.15737532079219818,0.09026087075471878,0.06747928261756897,-0.7727432250976562,0.8053091764450073,0.10839345306158066,0.9684216318209808,-0.21973250411793543,0.11780380435722737,0.2472649238167155,0.906997958303428,-0.3409037115377007,-0.03194025560253699,0.3592671665115814,0.932688026303928,-2.2423646450042725,5.538574695587158,-0.35847532749176025,-0.15737532079219818,0.09026087075471878,0.06747928261756897,-0.7727432250976562,0.8053091764450073,0.10839345306158066,0.9684216318209808,-0.21973250411793543,0.11780380435722737,0.2472649238167155,0.906997958303428,-0.3409037115377007,-0.03194025560253699,0.3592671665115814,0.932688026303928,-2.2423646450042725,5.538574695587158,-0.35847532749176025,-0.0947305972160813,4.000024404077474,-4.00002153167767,2.4999950583401565,-0.0947305972160813,4.000024404077474,-4.00002153167767,2.4999950583401565,-0.02564455009996891,0.0022989504504948854,0.059113825440406775,0.0,0.0,0.0,0.9946113018134294,-0.10366412601379893,0.0014490606862628541,0.10366412048513518,0.9946123548183355,7.912553940600531e-05,-0.001449456146524336,7.151645098638082e-05,0.9999989469805802,0.0,0.0,0.0
28,1773702355508270599,1.205578104,1205,27.143724,28.23475499462802,39.907226815926684,0.49884033519908355,-0.49884033519908355,-0.17316031455993652,0.10624566674232483,0.07148823142051697,-0.7765292525291443,0.8581535816192627,0.08269694447517395,0.9651199430074877,-0.2604615972654476,0.026524825700848353,0.2512428238118023,0.8929129461362129,-0.37360918916044206,0.07362643011852477,0.36724180234769754,0.9272068946866674,-2.217863082885742,6.705697059631348,-0.3527386784553528,-0.17316031455993652,0.10624566674232483,0.07148823142051697,-0.7765292525291443,0.8581535816192627,0.08269694447517395,0.9651199430074877,-0.2604615972654476,0.026524825700848353,0.2512428238118023,0.8929129461362129,-0.37360918916044206,0.07362643011852477,0.36724180234769754,0.9272068946866674,-2.217863082885742,6.705697059631348,-0.3527386784553528,-0.09277318407331747,4.000000112718555,-3.999999846450097,2.4999853361745497,-0.09277318407331747,4.000000112718555,-3.999999846450097,2.4999853361745497,-0.02564455009996891,0.0022989504504948854,0.06923882544040683,0.0,0.0,0.0,0.9946113018134294,-0.10366412601379893,0.0014490606862628541,0.10366412048513518,0.9946123548183355,7.912553940600531e-05,-0.001449456146524336,7.151645098638082e-05,0.9999989469805802,0.0,0.0,0.0
29,1773702355538998151,1.236305656,1236,30.727552,37.38662500109058,39.98635755722922,0.4998294694653652,-0.4998294694653652,-0.18902714550495148,0.12297757714986801,0.07448700070381165,-0.7714487910270691,0.8928341865539551,0.00886606052517891,0.9485738162021846,-0.3069251560283419,-0.07749244821162549,0.2511445217395716,0.8786867768526747,-0.4060004622639459,0.19270324955719875,0.36565955819377294,0.9105814480619515,-2.1931238174438477,7.43066930770874,-0.3465256094932556,-0.18902714550495148,0.12297757714986801,0.07448700070381165,-0.7714487910270691,0.8928341865539551,0.00886606052517891,0.9485738162021846,-0.3069251560283419,-0.07749244821162549,0.2511445217395716,0.8786867768526747,-0.4060004622639459,0.19270324955719875,0.36565955819377294,0.9105814480619515,-2.1931238174438477,7.43066930770874,-0.3465256094932556,-0.013642442770782501,4.000000106429925,-3.9999998078686265,2.4999829072527433,-0.013642442770782501,4.000000106429925,-3.9999998078686265,2.4999829072527433,-0.02564455009996891,0.0022989504504948854,0.0808638254404068,0.0,0.0,0.0,0.9946113018134294,-0.10366412601379893,0.0014490606862628541,0.10366412048513518,0.9946123548183355,7.912553940600531e-05,-0.001449456146524336,7.151645098638082e-05,0.9999989469805802,0.0,0.0,0.0
