step,timestamp_ns,experiment_time_s,reference_index,tick_dt_ms,solver_ms,px4_collective_command_newton,px4_collective_normalized,px4_thrust_body_z,state_raw_0,state_raw_1,state_raw_2,state_raw_3,state_raw_4,state_raw_5,state_raw_6,state_raw_7,state_raw_8,state_raw_9,state_raw_10,state_raw_11,state_raw_12,state_raw_13,state_raw_14,state_raw_15,state_raw_16,state_raw_17,state_used_0,state_used_1,state_used_2,state_used_3,state_used_4,state_used_5,state_used_6,state_used_7,state_used_8,state_used_9,state_used_10,state_used_11,state_used_12,state_used_13,state_used_14,state_used_15,state_used_16,state_used_17,control_raw_0,control_raw_1,control_raw_2,control_raw_3,control_internal_0,control_internal_1,control_internal_2,control_internal_3,control_used_0,control_used_1,control_used_2,control_used_3,reference_0,reference_1,reference_2,reference_3,reference_4,reference_5,reference_6,reference_7,reference_8,reference_9,reference_10,reference_11,reference_12,reference_13,reference_14,reference_15,reference_16,reference_17
0,1775092258515735630,0.0,0,0.0,30.215173996111844,49.28608694758545,0.7949368862513783,-0.7949368862513783,-0.011883885599672794,0.002137957839295268,0.01339566707611084,-0.00019096367759630084,-0.019011303782463074,-0.005376489367336035,0.9945792522981287,-0.10398018846699575,-0.00043671316132413984,0.1039806887638135,0.9945783853385228,0.0013458066441273016,0.0002944082230228566,-0.0013839211346270558,0.9999989990425263,0.0005189032526686788,0.0006753208581358194,0.00053027254762128,-0.011883885599672794,0.002137957839295268,0.01339566707611084,-0.00019096367759630084,-0.019011303782463074,-0.005376489367336035,0.9945792522981287,-0.10398018846699575,-0.00043671316132413984,0.1039806887638135,0.9945783853385228,0.0013458066441273016,0.0002944082230228566,-0.0013839211346270558,0.9999989990425263,0.0005189032526686788,0.0006753208581358194,0.00053027254762128,49.28608694758545,-0.0002638125236910212,0.00022383022816110896,-0.0028922622837282263,-0.21957717025900614,-0.010632798896445247,-0.002587930750896313,0.0005543010346608131,49.28608694758545,-0.0002638125236910212,0.00022383022816110896,-0.0028922622837282263,-0.015968918800354004,0.016761822625994682,0.023517027497291565,0.0,0.0,0.0,0.9945782938846149,-0.1039907564465834,-0.00044495701622918743,0.10399123268923027,0.9945775819391544,0.0012308970147354298,0.000314542468705839,-0.001270494880964347,0.9999991434526297,0.0,0.0,0.0
1,1775092258572313385,0.056577755,56,56.577755,14.574664004612714,48.66383216475997,0.7849005187864511,-0.7849005187864511,-0.011883885599672794,0.002137957839295268,0.01339566707611084,-0.00019096367759630084,-0.019011303782463074,-0.005376489367336035,0.9945792522981287,-0.10398018846699575,-0.00043671316132413984,0.1039806887638135,0.9945783853385228,0.0013458066441273016,0.0002944082230228566,-0.0013839211346270558,0.9999989990425263,0.0005189032526686788,0.0006753208581358194,0.00053027254762128,-0.011883885599672794,0.002137957839295268,0.01339566707611084,-0.00019096367759630084,-0.019011303782463074,-0.005376489367336035,0.9945792522981287,-0.10398018846699575,-0.00043671316132413984,0.1039806887638135,0.9945783853385228,0.0013458066441273016,0.0002944082230228566,-0.0013839211346270558,0.9999989990425263,0.0005189032526686788,0.0006753208581358194,0.00053027254762128,48.66383216475997,-0.00026665527334470936,0.00027186552922441054,-0.0029011712143835284,-0.3802482954383491,-0.01070770918290402,-0.001660488317628911,0.00040797435886176986,48.66383216475997,-0.00026665527334470936,0.00027186552922441054,-0.0029011712143835284,-0.015968918800354004,0.016761822625994682,0.023517027497291565,0.0,0.0,0.0,0.9945782938846149,-0.1039907564465834,-0.00044495701622918743,0.10399123268923027,0.9945775819391544,0.0012308970147354298,0.000314542468705839,-0.001270494880964347,0.9999991434526297,0.0,0.0,0.0
2,1775092258591175070,0.07543944,75,18.861685,12.51807600056054,48.22610546482027,0.7778404107229077,-0.7778404107229077,-0.011784075759351254,0.001721840468235314,0.013277336955070496,-0.0001448149123461917,-0.019280772656202316,-0.005350491963326931,0.994579589889348,-0.10397700260698395,-0.0004348017417837788,0.10397750118845073,0.9945787179781077,0.0013489773035539158,0.0002921819263942034,-0.0013868749193962568,0.9999989956033204,0.00012240084470249712,0.00030582473846152425,-0.0001588986488059163,-0.011784075759351254,0.001721840468235314,0.013277336955070496,-0.0001448149123461917,-0.019280772656202316,-0.005350491963326931,0.994579589889348,-0.10397700260698395,-0.0004348017417837788,0.10397750118845073,0.9945787179781077,0.0013489773035539158,0.0002921819263942034,-0.0013868749193962568,0.9999989956033204,0.00012240084470249712,0.00030582473846152425,-0.0001588986488059163,48.22610546482027,-0.00022322094606136924,0.00037273551769336275,-0.0029035769843753765,-0.4932728045968034,-0.009563156093356444,0.0002870607864355542,0.0003684602646045936,48.22610546482027,-0.00022322094606136924,0.00037273551769336275,-0.0029035769843753765,-0.015968918800354004,0.016761822625994682,0.023517027497291565,0.0,0.0,0.0,0.9945782938846149,-0.1039907564465834,-0.00044495701622918743,0.10399123268923027,0.9945775819391544,0.0012308970147354298,0.000314542468705839,-0.001270494880964347,0.9999991434526297,0.0,0.0,0.0
3,1775092258609038600,0.09330297,93,17.86353,13.0669409991242,47.882968128138806,0.7723059375506259,-0.7723059375506259,-0.011737141758203506,0.0015154379652813077,0.013221219182014465,-0.00015591592818964273,-0.019314222037792206,-0.0052900719456374645,0.9945795772492653,-0.10397736202036834,-0.000431026277728605,0.10397785717608476,0.9945786955120076,0.0013552595333787172,0.0002877732482237487,-0.0013927306317135513,0.9999989887434673,0.0009188589174300432,-0.0006268805009312928,0.00017467481666244566,-0.011737141758203506,0.0015154379652813077,0.013221219182014465,-0.00015591592818964273,-0.019314222037792206,-0.0052900719456374645,0.9945795772492653,-0.10397736202036834,-0.000431026277728605,0.10397785717608476,0.9945786955120076,0.0013552595333787172,0.0002877732482237487,-0.0013927306317135513,0.9999989887434673,0.0009188589174300432,-0.0006268805009312928,0.00017467481666244566,47.882968128138806,-0.0002451348303101194,0.0005245821783948278,-0.0029156456033058446,-0.5818735891907181,-0.010140616491379355,0.003218842900154586,0.00017023659917176446,47.882968128138806,-0.0002451348303101194,0.0005245821783948278,-0.0029156456033058446,-0.015968918800354004,0.016761822625994682,0.023517027497291565,0.0,0.0,0.0,0.9945782938846149,-0.1039907564465834,-0.00044495701622918743,0.10399123268923027,0.9945775819391544,0.0012308970147354298,0.000314542468705839,-0.001270494880964347,0.9999991434526297,0.0,0.0,0.0
4,1775092258627148074,0.111412444,111,18.109474,16.42226900003152,47.64515050881843,0.7684701694970715,-0.7684701694970715,-0.011692122556269169,0.0013102894881740212,0.013167336583137512,-0.0001528020657133311,-0.019438324496150017,-0.0052249073050916195,0.9945794852939028,-0.10397931796226967,-0.00042059881340469896,0.10397979983768746,0.9945785943813322,0.0013597275508495932,0.0002769351451118729,-0.0013960907204686734,0.9999989871184044,0.00046577147440984845,-0.0003530598187353462,7.064906094456092e-05,-0.011692122556269169,0.0013102894881740212,0.013167336583137512,-0.0001528020657133311,-0.019438324496150017,-0.0052249073050916195,0.9945794852939028,-0.10397931796226967,-0.00042059881340469896,0.10397979983768746,0.9945785943813322,0.0013597275508495932,0.0002769351451118729,-0.0013960907204686734,0.9999989871184044,0.00046577147440984845,-0.0003530598187353462,7.064906094456092e-05,47.64515050881843,-0.00020165247680586926,0.0005482268462450613,-0.002921077276304779,-0.6432799865994675,-0.008994797846153587,0.003675362747004752,8.102290061316781e-05,47.64515050881843,-0.00020165247680586926,0.0005482268462450613,-0.002921077276304779,-0.015968918800354004,0.016761822625994682,0.023517027497291565,0.0,0.0,0.0,0.9945782938846149,-0.1039907564465834,-0.00044495701622918743,0.10399123268923027,0.9945775819391544,0.0012308970147354298,0.000314542468705839,-0.001270494880964347,0.9999991434526297,0.0,0.0,0.0
5,1775092258648609700,0.13287407,132,21.461626,15.336463999119587,47.467786474121866,0.7656094592600301,-0.7656094592600301,-0.011642532423138618,0.001144826877862215,0.013115018606185913,-0.00021772485342808068,-0.019520625472068787,-0.005170909687876701,0.9945793450120627,-0.10398038154196754,-0.00042051444189830645,0.10398086366900272,0.9945784522065187,0.0013610657003131493,0.00027671055547083545,-0.00139741314753547,0.9999989853334452,0.0004718715790659189,4.045261812279932e-05,-0.0005082004354335368,-0.011642532423138618,0.001144826877862215,0.013115018606185913,-0.00021772485342808068,-0.019520625472068787,-0.005170909687876701,0.9945793450120627,-0.10398038154196754,-0.00042051444189830645,0.10398086366900272,0.9945784522065187,0.0013610657003131493,0.00027671055547083545,-0.00139741314753547,0.9999989853334452,0.0004718715790659189,4.045261812279932e-05,-0.0005082004354335368,47.467786474121866,-0.00017527536354896284,0.0005317968518811299,-0.002916767138219814,-0.689076788500526,-0.008299725345672651,0.0033581403373570333,0.00015181570421777353,47.467786474121866,-0.00017527536354896284,0.0005317968518811299,-0.002916767138219814,-0.015968918800354004,0.016761822625994682,0.023517027497291565,0.0,0.0,0.0,0.9945782938846149,-0.1039907564465834,-0.00044495701622918743,0.10399123268923027,0.9945775819391544,0.0012308970147354298,0.000314542468705839,-0.001270494880964347,0.9999991434526297,0.0,0.0,0.0
6,1775092258669367883,0.153632253,153,20.758183,13.900871002988424,47.34596532830723,0.7636446020694715,-0.7636446020694715,-0.011550161056220531,0.000816000800114125,0.013009130954742432,-0.00019525653624441475,-0.019543185830116272,-0.005118463654071093,0.9945799177449627,-0.10397418958603533,-0.0004001322033940838,0.10397464220238928,0.9945790252379626,0.0013569535810885151,0.00025687495040337474,-0.0013912023796979409,0.9999989992851008,0.0003335490473546088,-5.57360181119293e-05,-0.0003606181126087904,-0.011550161056220531,0.000816000800114125,0.013009130954742432,-0.00019525653624441475,-0.019543185830116272,-0.005118463654071093,0.9945799177449627,-0.10397418958603533,-0.0004001322033940838,0.10397464220238928,0.9945790252379626,0.0013569535810885151,0.00025687495040337474,-0.0013912023796979409,0.9999989992851008,0.0003335490473546088,-5.57360181119293e-05,-0.0003606181126087904,47.34596532830723,-0.0001586069779029199,0.0005690366512564154,-0.0029218677595504376,-0.7205319755218261,-0.007860490908714615,0.004077148428958047,6.803943603280747e-05,47.34596532830723,-0.0001586069779029199,0.0005690366512564154,-0.0029218677595504376,-0.015968918800354004,0.016761822625994682,0.023517027497291565,0.0,0.0,0.0,0.9945782938846149,-0.1039907564465834,-0.00044495701622918743,0.10399123268923027,0.9945775819391544,0.0012308970147354298,0.000314542468705839,-0.001270494880964347,0.9999991434526297,0.0,0.0,0.0
7,1775092258685469586,0.169733956,169,16.101703,16.641788999550045,47.26837448954525,0.7623931369281493,-0.7623931369281493,-0.011458217166364193,0.0005389946745708585,0.012897312641143799,-0.0002690816472750157,-0.019573377445340157,-0.004914518445730209,0.9945798550398801,-0.10397561411397982,-0.00039638227527059866,0.10397606405656057,0.994578947521497,0.0013670226203584546,0.0002520965373060402,-0.0014008272872123445,0.9999989870646903,-0.00017007837595883757,0.0007114773034118116,0.0011039100354537368,-0.011458217166364193,0.0005389946745708585,0.012897312641143799,-0.0002690816472750157,-0.019573377445340157,-0.004914518445730209,0.9945798550398801,-0.10397561411397982,-0.00039638227527059866,0.10397606405656057,0.994578947521497,0.0013670226203584546,0.0002520965373060402,-0.0014008272872123445,0.9999989870646903,-0.00017007837595883757,0.0007114773034118116,0.0011039100354537368,47.26837448954525,-0.00010862386358554373,0.0005297568948777812,-0.0029444136300903682,-0.7405665461054205,-0.006543368450618996,0.003318753831077964,-0.0003022701349750607,47.26837448954525,-0.00010862386358554373,0.0005297568948777812,-0.0029444136300903682,-0.015968918800354004,0.016761822625994682,0.023517027497291565,0.0,0.0,0.0,0.9945782938846149,-0.1039907564465834,-0.00044495701622918743,0.10399123268923027,0.9945775819391544,0.0012308970147354298,0.000314542468705839,-0.001270494880964347,0.9999991434526297,0.0,0.0,0.0
8,1775092258707813299,0.192077669,192,22.343713,16.426194000814576,47.18070461306496,0.760979106662338,-0.760979106662338,-0.011325513012707233,0.00019834718841593713,0.01273520290851593,-0.0003229663707315922,-0.019577892497181892,-0.004768436308950186,0.994581528848794,-0.10395948716494541,-0.0003948638189667543,0.10395993115437108,0.9945806422390613,0.0013517448031878238,0.0002521972880591833,-0.0013854703087290941,0.9999990084338508,0.0005090708727948368,0.0017974015790969133,0.0002639829181134701,-0.011325513012707233,0.00019834718841593713,0.01273520290851593,-0.0003229663707315922,-0.019577892497181892,-0.004768436308950186,0.994581528848794,-0.10395948716494541,-0.0003948638189667543,0.10395993115437108,0.9945806422390613,0.0013517448031878238,0.0002521972880591833,-0.0013854703087290941,0.9999990084338508,0.0005090708727948368,0.0017974015790969133,0.0002639829181134701,47.18070461306496,-0.0001095877245955481,0.0004230974132190826,-0.002934601836559199,-0.7632036042481665,-0.006568767487875827,0.001259423983842815,-0.000141114190833977,47.18070461306496,-0.0001095877245955481,0.0004230974132190826,-0.002934601836559199,-0.015968918800354004,0.016761822625994682,0.023517027497291565,0.0,0.0,0.0,0.9945782938846149,-0.1039907564465834,-0.00044495701622918743,0.10399123268923027,0.9945775819391544,0.0012308970147354298,0.000314542468705839,-0.001270494880964347,0.9999991434526297,0.0,0.0,0.0
9,1775092258727886086,0.212150456,212,20.072787,16.350573998352047,47.11468316149446,0.7599142445402333,-0.7599142445402333,-0.011212794110178947,4.7364828787976876e-05,0.012628421187400818,-0.00036571489181369543,-0.019518772140145302,-0.0046373046934604645,0.9945820061213542,-0.10395346859105437,-0.00038847917171208265,0.1039539040977604,0.9945811159195241,0.0013531916348161963,0.00024570500447591154,-0.0013862441048264652,0.9999990089776041,0.0010618852684274316,-0.0003619830240495503,-0.0005730813136324286,-0.011212794110178947,4.7364828787976876e-05,0.012628421187400818,-0.00036571489181369543,-0.019518772140145302,-0.0046373046934604645,0.9945820061213542,-0.10395346859105437,-0.00038847917171208265,0.1039539040977604,0.9945811159195241,0.0013531916348161963,0.00024570500447591154,-0.0013862441048264652,0.9999990089776041,0.0010618852684274316,-0.0003619830240495503,-0.0005730813136324286,47.11468316149446,-0.00017667757830505332,0.0006560813606084879,-0.002925910352624584,-0.7802508672063363,-0.008336675595202776,0.005757765709531645,1.6409838464028803e-06,47.11468316149446,-0.00017667757830505332,0.0006560813606084879,-0.002925910352624584,-0.015968918800354004,0.016761822625994682,0.023517027497291565,0.0,0.0,0.0,0.9945782938846149,-0.1039907564465834,-0.00044495701622918743,0.10399123268923027,0.9945775819391544,0.0012308970147354298,0.000314542468705839,-0.001270494880964347,0.9999991434526297,0.0,0.0,0.0
10,1775092258748938513,0.233202883,233,21.052427,16.104447000543587,47.07922434207359,0.7593423280979611,-0.7593423280979611,-0.011051760986447334,-0.00016483705257996917,0.012451514601707458,-0.00046833750093355775,-0.019318724051117897,-0.0045505426824092865,0.9945827698648486,-0.10394710766952708,-0.0003598713894434058,0.10394750410895548,0.9945818695890125,0.0013556867857125246,0.00021700184771427516,-0.0013857504378437246,0.9999990163024847,0.000679178221616894,0.0005937756504863501,-9.481755114393309e-05,-0.011051760986447334,-0.00016483705257996917,0.012451514601707458,-0.00046833750093355775,-0.019318724051117897,-0.0045505426824092865,0.9945827698648486,-0.10394710766952708,-0.0003598713894434058,0.10394750410895548,0.9945818695890125,0.0013556867857125246,0.00021700184771427516,-0.0013857504378437246,0.9999990163024847,0.000679178221616894,0.0005937756504863501,-9.481755114393309e-05,47.07922434207359,-0.00014567509600121574,0.0006198714091547382,-0.0029325966209032147,-0.7894066158982369,-0.007519718383617005,0.0050586414250704224,-0.00010817908868165271,47.07922434207359,-0.00014567509600121574,0.0006198714091547382,-0.0029325966209032147,-0.015968918800354004,0.016761822625994682,0.023517027497291565,0.0,0.0,0.0,0.9945782938846149,-0.1039907564465834,-0.00044495701622918743,0.10399123268923027,0.9945775819391544,0.0012308970147354298,0.000314542468705839,-0.001270494880964347,0.9999991434526297,0.0,0.0,0.0
11,1775092258770438400,0.25470277,254,21.499887,15.074767004989553,47.09241448625544,0.7595550723589588,-0.7595550723589588,-0.010940907523036003,-0.00028381479205563664,0.012306824326515198,-0.00041227880865335464,-0.019096197560429573,-0.004494129680097103,0.9945836011365374,-0.10393913421619616,-0.00035335363229852673,0.10393951947060387,0.9945827136092644,0.0013454411839356403,0.000211595426853263,-0.0013748811382164952,0.999999032464151,-0.0002671815163921565,0.0006955054122954607,0.0005068750469945371,-0.010940907523036003,-0.00028381479205563664,0.012306824326515198,-0.00041227880865335464,-0.019096197560429573,-0.004494129680097103,0.9945836011365374,-0.10393913421619616,-0.00035335363229852673,0.10393951947060387,0.9945827136092644,0.0013454411839356403,0.000211595426853263,-0.0013748811382164952,0.999999032464151,-0.0002671815163921565,0.0006955054122954607,0.0005068750469945371,47.09241448625544,-9.434002494788146e-05,0.0006357681899088106,-0.002944448168088005,-0.7860008159502585,-0.006166970042588255,0.005365568803421736,-0.0003028374118546825,47.09241448625544,-9.434002494788146e-05,0.0006357681899088106,-0.002944448168088005,-0.015968918800354004,0.016761822625994682,0.023517027497291565,0.0,0.0,0.0,0.9945782938846149,-0.1039907564465834,-0.00044495701622918743,0.10399123268923027,0.9945775819391544,0.0012308970147354298,0.000314542468705839,-0.001270494880964347,0.9999991434526297,0.0,0.0,0.0
12,1775092258792839296,0.277103666,277,22.400896,17.075114999897778,47.06200711519143,0.7590646308901843,-0.7590646308901843,-0.010767368599772453,-0.0004244826268404722,0.012047484517097473,-0.000474895176012069,-0.018935557454824448,-0.0044533987529575825,0.9945850802524369,-0.10392532060675075,-0.00034273041227595585,0.10392569029224141,0.9945841972249504,0.0013405654790981866,0.00020155559168007903,-0.0013689248637931486,0.9999990427096032,0.001216322067193687,-0.00018602382624521852,0.0009748319280333817,-0.010767368599772453,-0.0004244826268404722,0.012047484517097473,-0.000474895176012069,-0.018935557454824448,-0.0044533987529575825,0.9945850802524369,-0.10392532060675075,-0.00034273041227595585,0.10392569029224141,0.9945841972249504,0.0013405654790981866,0.00020155559168007903,-0.0013689248637931486,0.9999990427096032,0.001216322067193687,-0.00018602382624521852,0.0009748319280333817,47.06200711519143,-0.00017587651813788136,0.0007423251790680272,-0.002952944243859221,-0.7938522405715631,-0.008315566579670681,0.007422919774892458,-0.0004423830625101818,47.06200711519143,-0.00017587651813788136,0.0007423251790680272,-0.002952944243859221,-0.015968918800354004,0.016761822625994682,0.023517027497291565,0.0,0.0,0.0,0.9945782938846149,-0.1039907564465834,-0.00044495701622918743,0.10399123268923027,0.9945775819391544,0.0012308970147354298,0.000314542468705839,-0.001270494880964347,0.9999991434526297,0.0,0.0,0.0
13,1775092258813691511,0.297955881,297,20.852215,14.586473000235856,47.15271125981455,0.7605276009647508,-0.7605276009647508,-0.010655464604496956,-0.0005073773791082203,0.011865153908729553,-0.0004377561854198575,-0.018796298652887344,-0.0044023385271430016,0.9945857642896919,-0.10391999598109547,-0.000324836329184848,0.10392033468251927,0.9945849251572588,0.001305488629491404,0.00018741110183708581,-0.0013321772710108218,0.9999990950901179,-0.0017331085400655866,-7.584864215459675e-05,-0.00019955648167524487,-0.010655464604496956,-0.0005073773791082203,0.011865153908729553,-0.0004377561854198575,-0.018796298652887344,-0.0044023385271430016,0.9945857642896919,-0.10391999598109547,-0.000324836329184848,0.10392033468251927,0.9945849251572588,0.001305488629491404,0.00018741110183708581,-0.0013321772710108218,0.9999990950901179,-0.0017331085400655866,-7.584864215459675e-05,-0.00019955648167524487,47.15271125981455,-5.304024330780058e-05,0.000773885836359034,-0.0029429528186789454,-0.7704317103044396,-0.0050786651089021785,0.008032277729262653,-0.00027827671914623626,47.15271125981455,-5.304024330780058e-05,0.000773885836359034,-0.0029429528186789454,-0.015968918800354004,0.016761822625994682,0.023517027497291565,0.0,0.0,0.0,0.9945782938846149,-0.1039907564465834,-0.00044495701622918743,0.10399123268923027,0.9945775819391544,0.0012308970147354298,0.000314542468705839,-0.001270494880964347,0.9999991434526297,0.0,0.0,0.0
14,1775092258830190085,0.314454455,314,16.498574,20.94927000143798,47.170025912466,0.7608068695559033,-0.7608068695559033,-0.01048444677144289,-0.0006149658001959324,0.01158037781715393,-0.00042615359416231513,-0.018620168790221214,-0.004442467354238033,0.9945864496151295,-0.10391271797978252,-0.00030482998304242476,0.10391302216768916,0.9945856676066263,0.0012590682244243562,0.00017234640550679858,-0.0012839278908200538,0.9999991609126494,-0.00015498290304094553,-0.00019662806880660355,0.0008113163057714701,-0.01048444677144289,-0.0006149658001959324,0.01158037781715393,-0.00042615359416231513,-0.018620168790221214,-0.004442467354238033,0.9945864496151295,-0.10391271797978252,-0.00030482998304242476,0.10391302216768916,0.9945856676066263,0.0012590682244243562,0.00017234640550679858,-0.0012839278908200538,0.9999991609126494,-0.00015498290304094553,-0.00019662806880660355,0.0008113163057714701,47.170025912466,-0.00011688219275127608,0.0007857056226646915,-0.0029542388373548696,-0.7659609295239916,-0.006760986559436012,0.008260488464479522,-0.000463646395906611,47.170025912466,-0.00011688219275127608,0.0007857056226646915,-0.0029542388373548696,-0.015968918800354004,0.016761822625994682,0.023517027497291565,0.0,0.0,0.0,0.9945782938846149,-0.1039907564465834,-0.00044495701622918743,0.10399123268923027,0.9945775819391544,0.0012308970147354298,0.000314542468705839,-0.001270494880964347,0.9999991434526297,0.0,0.0,0.0
15,1775092258854685269,0.338949639,338,24.495184,16.550203996303026,47.17909836018449,0.7609531993578144,-0.7609531993578144,-0.010376762598752975,-0.0006835800013504922,0.011392742395401001,-0.0005385492113418877,-0.01855418086051941,-0.004445192404091358,0.9945880455230471,-0.10389819640284781,-0.0002795437940073843,0.10389846562482452,0.9945872813489112,0.0012418847421490423,0.00014900126261412766,-0.0012642076843976356,0.9999991897885567,0.00021813249622937292,-0.0007440107292495668,0.00031324062729254365,-0.010376762598752975,-0.0006835800013504922,0.011392742395401001,-0.0005385492113418877,-0.01855418086051941,-0.004445192404091358,0.9945880455230471,-0.10389819640284781,-0.0002795437940073843,0.10389846562482452,0.9945872813489112,0.0012418847421490423,0.00014900126261412766,-0.0012642076843976356,0.9999991897885567,0.00021813249622937292,-0.0007440107292495668,0.00031324062729254365,47.17909836018449,-0.00015884058655218585,0.000847952291929456,-0.002949801446881418,-0.7636183514943918,-0.00786664681161414,0.009462317143134552,-0.0003907635076762348,47.17909836018449,-0.00015884058655218585,0.000847952291929456,-0.002949801446881418,-0.015968918800354004,0.016761822625994682,0.023517027497291565,0.0,0.0,0.0,0.9945782938846149,-0.1039907564465834,-0.00044495701622918743,0.10399123268923027,0.9945775819391544,0.0012308970147354298,0.000314542468705839,-0.001270494880964347,0.9999991434526297,0.0,0.0,0.0
16,1775092258876045931,0.360310301,360,21.360662,18.210225003713276,47.228629189648636,0.7617520837040103,-0.7617520837040103,-0.01010442990809679,-0.0007697301916778088,0.011153921484947205,-0.0003849192289635539,-0.018383249640464783,-0.004524256102740765,0.9945892714408376,-0.10388579379951524,-0.0002720045567832924,0.10388605159492026,0.9945885230345436,0.0012284694007193842,0.00014291216578651844,-0.0012500798615628222,0.9999992084379672,-0.0009004137828014791,0.0004639920953195542,-0.0005751799908466637,-0.01010442990809679,-0.0007697301916778088,0.011153921484947205,-0.0003849192289635539,-0.018383249640464783,-0.004524256102740765,0.9945892714408376,-0.10388579379951524,-0.0002720045567832924,0.10388605159492026,0.9945885230345436,0.0012284694007193842,0.00014291216578651844,-0.0012500798615628222,0.9999992084379672,-0.0009004137828014791,0.0004639920953195542,-0.0005751799908466637,47.228629189648636,-9.551553962160406e-05,0.0007472338157049922,-0.0029380885937263625,-0.7508290980877164,-0.006197946439271939,0.0075176933644368,-0.00019838319486264168,47.228629189648636,-9.551553962160406e-05,0.0007472338157049922,-0.0029380885937263625,-0.015968918800354004,0.016761822625994682,0.023517027497291565,0.0,0.0,0.0,0.9945782938846149,-0.1039907564465834,-0.00044495701622918743,0.10399123268923027,0.9945775819391544,0.0012308970147354298,0.000314542468705839,-0.001270494880964347,0.9999991434526297,0.0,0.0,0.0
17,1775092258896899752,0.381164122,381,20.853821,21.404280996648595,47.26570594146598,0.7623500958300965,-0.7623500958300965,-0.009887145832180977,-0.0008212898392230272,0.01096370816230774,-0.0003395661769900471,-0.01827373541891575,-0.004553163889795542,0.9945909846116022,-0.10386878303790081,-0.0002582884345766756,0.10386902051394054,0.9945902646071433,0.001203993163277517,0.00013183386632070748,-0.0012243089007052121,0.9999992418434923,-0.0007348196813836694,0.0003163927176501602,0.0009630583808757365,-0.009887145832180977,-0.0008212898392230272,0.01096370816230774,-0.0003395661769900471,-0.01827373541891575,-0.004553163889795542,0.9945909846116022,-0.10386878303790081,-0.0002582884345766756,0.10386902051394054,0.9945902646071433,0.001203993163277517,0.00013183386632070748,-0.0012243089007052121,0.9999992418434923,-0.0007348196813836694,0.0003163927176501602,0.0009630583808757365,47.26570594146598,-0.00010111568946160202,0.0007637533230042039,-0.0029586662505872306,-0.7412555864058328,-0.006345517938641231,0.007836644046681291,-0.0005363654107633021,47.26570594146598,-0.00010111568946160202,0.0007637533230042039,-0.0029586662505872306,-0.015968918800354004,0.016761822625994682,0.023517027497291565,0.0,0.0,0.0,0.9945782938846149,-0.1039907564465834,-0.00044495701622918743,0.10399123268923027,0.9945775819391544,0.0012308970147354298,0.000314542468705839,-0.001270494880964347,0.9999991434526297,0.0,0.0,0.0
18,1775092258924213320,0.40847769,408,27.313568,18.941362999612466,47.29443019006772,0.7628133901623826,-0.7628133901623826,-0.009362880140542984,-0.0009136793087236583,0.010506317019462585,-5.681352922692895e-05,-0.018179312348365784,-0.004756133537739515,0.9945940734701861,-0.10384007542402296,-0.0002609612328600165,0.1038403131140948,0.99459338136128,0.001181300806410282,0.00013688404493911177,-0.001202012944407218,0.9999992682136185,-0.0002564098685979843,0.0002080631093122065,-0.0004007096285931766,-0.009362880140542984,-0.0009136793087236583,0.010506317019462585,-5.681352922692895e-05,-0.018179312348365784,-0.004756133537739515,0.9945940734701861,-0.10384007542402296,-0.0002609612328600165,0.1038403131140948,0.99459338136128,0.001181300806410282,0.00013688404493911177,-0.001202012944407218,0.9999992682136185,-0.0002564098685979843,0.0002080631093122065,-0.0004007096285931766,47.29443019006772,-0.0001400470864201667,0.0007831336352469869,-0.0029440562745424227,-0.7338387573670648,-0.007371412742505722,0.008210829771472361,-0.00029640067078991596,47.29443019006772,-0.0001400470864201667,0.0007831336352469869,-0.0029440562745424227,-0.015968918800354004,0.016761822625994682,0.023517027497291565,0.0,0.0,0.0,0.9945782938846149,-0.1039907564465834,-0.00044495701622918743,0.10399123268923027,0.9945775819391544,0.0012308970147354298,0.000314542468705839,-0.001270494880964347,0.9999991434526297,0.0,0.0,0.0
19,1775092258947066825,0.431331195,431,22.853505,18.761111998173874,47.27510549745913,0.7625017015719214,-0.7625017015719214,-0.009073157794773579,-0.0009620658820495009,0.0102461576461792,0.0001797385048121214,-0.01816674694418907,-0.004847035743296146,0.9945946020331267,-0.10383457440632449,-0.0002672278147358223,0.1038348176161421,0.994593927581354,0.001167268274562018,0.00014458040949256318,-0.0011887062021199504,0.9999992830368147,0.0011618328280746937,-0.00022211048053577542,-0.00015068268112372607,-0.009073157794773579,-0.0009620658820495009,0.0102461576461792,0.0001797385048121214,-0.01816674694418907,-0.004847035743296146,0.9945946020331267,-0.10383457440632449,-0.0002672278147358223,0.1038348176161421,0.994593927581354,0.001167268274562018,0.00014458040949256318,-0.0011887062021199504,0.9999992830368147,0.0011618328280746937,-0.00022211048053577542,-0.00015068268112372607,47.27510549745913,-0.00022437035997526777,0.0008239993377899572,-0.002945507324165237,-0.7388285464227131,-0.00959344469982523,0.008999845053247909,-0.00032023375199136984,47.27510549745913,-0.00022437035997526777,0.0008239993377899572,-0.002945507324165237,-0.015968918800354004,0.016761822625994682,0.023517027497291565,0.0,0.0,0.0,0.9945782938846149,-0.1039907564465834,-0.00044495701622918743,0.10399123268923027,0.9945775819391544,0.0012308970147354298,0.000314542468705839,-0.001270494880964347,0.9999991434526297,0.0,0.0,0.0
20,1775092258973298747,0.457563117,457,26.231922,12.830854000640102,47.32301199163386,0.7632743869618365,-0.7632743869618365,-0.00863233394920826,-0.0010488975094631314,0.009807944297790527,0.0005089793703518808,-0.018158214166760445,-0.005059691146016121,0.9945957279506974,-0.10382410769157002,-0.0002853149136069037,0.10382436974394404,0.9945950756816142,0.0011508594744408657,0.0001642859344525155,-0.0011742624330097103,0.9999992970587481,-0.0003129701071884483,0.0008796899928711355,0.0005209324299357831,-0.00863233394920826,-0.0010488975094631314,0.009807944297790527,0.0005089793703518808,-0.018158214166760445,-0.005059691146016121,0.9945957279506974,-0.10382410769157002,-0.0002853149136069037,0.10382436974394404,0.9945950756816142,0.0011508594744408657,0.0001642859344525155,-0.0011742624330097103,0.9999992970587481,-0.0003129701071884483,0.0008796899928711355,0.0005209324299357831,47.32301199163386,-0.00015333971121157003,0.0007390059537302859,-0.0029585063867687738,-0.7264587092838146,-0.007721691329162525,0.007358833772397316,-0.0005337396925889868,47.32301199163386,-0.00015333971121157003,0.0007390059537302859,-0.0029585063867687738,-0.015968918800354004,0.016761822625994682,0.023517027497291565,0.0,0.0,0.0,0.9945782938846149,-0.1039907564465834,-0.00044495701622918743,0.10399123268923027,0.9945775819391544,0.0012308970147354298,0.000314542468705839,-0.001270494880964347,0.9999991434526297,0.0,0.0,0.0
21,1775092258988986144,0.473250514,473,15.687397,17.046143002517056,47.34021440170555,0.7635518451887993,-0.7635518451887993,-0.008486797101795673,-0.0010810712119564414,0.009656369686126709,0.0005696941516362131,-0.01807353086769581,-0.00512343505397439,0.9945956021855507,-0.10382481398682986,-0.00028636611144773616,0.10382507669086549,0.994594954214894,0.0011473413690373246,0.00016569582347669698,-0.0011708726066368275,0.9999993008008993,0.000636771903373301,-0.00044842000352218747,-0.0004391488910187036,-0.008486797101795673,-0.0010810712119564414,0.009656369686126709,0.0005696941516362131,-0.01807353086769581,-0.00512343505397439,0.9945956021855507,-0.10382481398682986,-0.00028636611144773616,0.10382507669086549,0.994594954214894,0.0011473413690373246,0.00016569582347669698,-0.0011708726066368275,0.9999993008008993,0.000636771903373301,-0.00044842000352218747,-0.0004391488910187036,47.34021440170555,-0.00022127340484847088,0.0008640083880007482,-0.002947714338278541,-0.722016910428586,-0.009511835756386495,0.009772320504818717,-0.0003564833369456668,47.34021440170555,-0.00022127340484847088,0.0008640083880007482,-0.002947714338278541,-0.015968918800354004,0.016761822625994682,0.023517027497291565,0.0,0.0,0.0,0.9945782938846149,-0.1039907564465834,-0.00044495701622918743,0.10399123268923027,0.9945775819391544,0.0012308970147354298,0.000314542468705839,-0.001270494880964347,0.9999991434526297,0.0,0.0,0.0
22,1775092259007580445,0.491844815,491,18.594301,10.92567000159761,47.38302501362333,0.7642423389294086,-0.7642423389294086,-0.00804121233522892,-0.001184657565318048,0.009166479110717773,0.0007302726153284311,-0.018118051812052727,-0.005312570836395025,0.9945969685979199,-0.10381134690131288,-0.0002836839195040908,0.10381160414019774,0.9945963367689055,0.0011330921926078347,0.00016452316316638294,-0.0011564197386398078,0.9999993178125276,0.00011373751476639882,0.0002734138979576528,0.00012920540757477283,-0.00804121233522892,-0.001184657565318048,0.009166479110717773,0.0007302726153284311,-0.018118051812052727,-0.005312570836395025,0.9945969685979199,-0.10381134690131288,-0.0002836839195040908,0.10381160414019774,0.9945963367689055,0.0011330921926078347,0.00016452316316638294,-0.0011564197386398078,0.9999993178125276,0.00011373751476639882,0.0002734138979576528,0.00012920540757477283,47.38302501362333,-0.00020204572970618015,0.0008206612733933033,-0.002956589642465379,-0.7109628705460587,-0.009005160590327986,0.008935395315286318,-0.0005022577074749142,47.38302501362333,-0.00020204572970618015,0.0008206612733933033,-0.002956589642465379,-0.015968918800354004,0.016761822625994682,0.023517027497291565,0.0,0.0,0.0,0.9945782938846149,-0.1039907564465834,-0.00044495701622918743,0.10399123268923027,0.9945775819391544,0.0012308970147354298,0.000314542468705839,-0.001270494880964347,0.9999991434526297,0.0,0.0,0.0
23,1775092259020138218,0.504402588,504,12.557773,11.30807600566186,47.40020861065613,0.7645194937202602,-0.7645194937202602,-0.00789482332766056,-0.0012221959186717868,0.008997321128845215,0.000787649187259376,-0.018102969974279404,-0.005487161688506603,0.9945970983127408,-0.10381045555290491,-0.0002933990609275232,0.10381072347825593,0.994596471800631,0.0011299158874667342,0.00017451662448575433,-0.0011542689762273732,0.9999993186033331,0.0006061643362045288,0.0009059249423444271,-5.293416325002909e-05,-0.00789482332766056,-0.0012221959186717868,0.008997321128845215,0.000787649187259376,-0.018102969974279404,-0.005487161688506603,0.9945970983127408,-0.10381045555290491,-0.0002933990609275232,0.10381072347825593,0.994596471800631,0.0011299158874667342,0.00017451662448575433,-0.0011542689762273732,0.9999993186033331,0.0006061643362045288,0.0009059249423444271,-5.293416325002909e-05,47.40020861065613,-0.00021613978273720408,0.0007441514803005434,-0.002954212047897094,-0.7065259293668333,-0.009376557891722205,0.00745818111855994,-0.0004632063866109485,47.40020861065613,-0.00021613978273720408,0.0007441514803005434,-0.002954212047897094,-0.015968918800354004,0.016761822625994682,0.023517027497291565,0.0,0.0,0.0,0.9945782938846149,-0.1039907564465834,-0.00044495701622918743,0.10399123268923027,0.9945775819391544,0.0012308970147354298,0.000314542468705839,-0.001270494880964347,0.9999991434526297,0.0,0.0,0.0
24,1775092259035696962,0.519961332,519,15.558744,9.984331998566631,47.48142227893644,0.765829391595749,-0.765829391595749,-0.006958350073546171,-0.0014390123542398214,0.008003100752830505,0.0013097681803628802,-0.018024269491434097,-0.006226122844964266,0.9945985990326413,-0.10379573646122431,-0.0002893845296469133,0.10379599247475513,0.9945980196312271,0.0010877225985008662,0.00017492031682102976,-0.0011118843195457306,0.9999993665578741,0.00010896894673351198,4.3537096644286066e-05,-0.0009310494642704725,-0.006958350073546171,-0.0014390123542398214,0.008003100752830505,0.0013097681803628802,-0.018024269491434097,-0.006226122844964266,0.9945985990326413,-0.10379573646122431,-0.0002893845296469133,0.10379599247475513,0.9945980196312271,0.0010877225985008662,0.00017492031682102976,-0.0011118843195457306,0.9999993665578741,0.00010896894673351198,4.3537096644286066e-05,-0.0009310494642704725,47.48142227893644,-0.00023900042758698403,0.0008521513273938128,-0.002950614996531222,-0.6855559154389558,-0.009978966708167754,0.00954339009536415,-0.00040412583144541455,47.48142227893644,-0.00023900042758698403,0.0008521513273938128,-0.002950614996531222,-0.015968918800354004,0.016761822625994682,0.023517027497291565,0.0,0.0,0.0,0.9945782938846149,-0.1039907564465834,-0.00044495701622918743,0.10399123268923027,0.9945775819391544,0.0012308970147354298,0.000314542468705839,-0.001270494880964347,0.9999991434526297,0.0,0.0,0.0
25,1775092259055829538,0.540093908,540,20.132576,12.147139997978229,47.59823271139916,0.7677134308290188,-0.7677134308290188,-0.005427063908427954,-0.0019255353836342692,0.00627252459526062,0.002152817789465189,-0.01804443448781967,-0.007137567736208439,0.9946034272283595,-0.10374966836047816,-0.00029859576123023035,0.10374992903292779,0.994602882681018,0.0010574909087469296,0.00018726989756964393,-0.0010827633334073161,0.9999993962766089,0.0001581609103595838,0.0009005924803204834,0.0003673469473142177,-0.005427063908427954,-0.0019255353836342692,0.00627252459526062,0.002152817789465189,-0.01804443448781967,-0.007137567736208439,0.9946034272283595,-0.10374966836047816,-0.00029859576123023035,0.10374992903292779,0.994602882681018,0.0010574909087469296,0.00018726989756964393,-0.0010827633334073161,0.9999993962766089,0.0001581609103595838,0.0009005924803204834,0.0003673469473142177,47.59823271139916,-0.00026640346703926926,0.0008216917619814296,-0.002976796398033014,-0.6553945343865665,-0.010701073747227098,0.00895529149210775,-0.0008341479741407815,47.59823271139916,-0.00026640346703926926,0.0008216917619814296,-0.002976796398033014,-0.015968918800354004,0.016761822625994682,0.023517027497291565,0.0,0.0,0.0,0.9945782938846149,-0.1039907564465834,-0.00044495701622918743,0.10399123268923027,0.9945775819391544,0.0012308970147354298,0.000314542468705839,-0.001270494880964347,0.9999991434526297,0.0,0.0,0.0
26,1775092259075819308,0.560083678,560,19.98977,12.9381779988762,47.68564698507069,0.7691233384688821,-0.7691233384688821,-0.005132902879267931,-0.0020379952620714903,0.005922049283981323,0.002363015664741397,-0.01802678219974041,-0.007325045298784971,0.9946034121749636,-0.10375002444402948,-0.0002990040546623496,0.10375028642187001,0.9946028627052539,0.0010620977171740507,0.0001871976660197637,-0.001087387704256218,0.9999993912723508,0.0008762527722865343,-0.0009102671756409109,-0.0001362231996608898,-0.005132902879267931,-0.0020379952620714903,0.005922049283981323,0.002363015664741397,-0.01802678219974041,-0.007325045298784971,0.9946034121749636,-0.10375002444402948,-0.0002990040546623496,0.10375028642187001,0.9946028627052539,0.0010620977171740507,0.0001871976660197637,-0.001087387704256218,0.9999993912723508,0.0008762527722865343,-0.0009102671756409109,-0.0001362231996608898,47.68564698507069,-0.00035553777831786963,0.001005504382271302,-0.0029752043923829763,-0.6328234749183452,-0.01304988303562946,0.012504256941543388,-0.0008079997299084991,47.68564698507069,-0.00035553777831786963,0.001005504382271302,-0.0029752043923829763,-0.015968918800354004,0.016761822625994682,0.023517027497291565,0.0,0.0,0.0,0.9945782938846149,-0.1039907564465834,-0.00044495701622918743,0.10399123268923027,0.9945775819391544,0.0012308970147354298,0.000314542468705839,-0.001270494880964347,0.9999991434526297,0.0,0.0,0.0
