step,timestamp_ns,experiment_time_s,reference_index,tick_dt_ms,solver_ms,px4_collective_command_newton,px4_collective_normalized,px4_thrust_body_z,state_raw_0,state_raw_1,state_raw_2,state_raw_3,state_raw_4,state_raw_5,state_raw_6,state_raw_7,state_raw_8,state_raw_9,state_raw_10,state_raw_11,state_raw_12,state_raw_13,state_raw_14,state_raw_15,state_raw_16,state_raw_17,state_used_0,state_used_1,state_used_2,state_used_3,state_used_4,state_used_5,state_used_6,state_used_7,state_used_8,state_used_9,state_used_10,state_used_11,state_used_12,state_used_13,state_used_14,state_used_15,state_used_16,state_used_17,control_raw_0,control_raw_1,control_raw_2,control_raw_3,control_internal_0,control_internal_1,control_internal_2,control_internal_3,control_used_0,control_used_1,control_used_2,control_used_3,reference_0,reference_1,reference_2,reference_3,reference_4,reference_5,reference_6,reference_7,reference_8,reference_9,reference_10,reference_11,reference_12,reference_13,reference_14,reference_15,reference_16,reference_17
0,1775097219269945871,0.0,0,0.0,24.490040996170137,48.21090407138857,0.7775952269578802,-0.7775952269578802,0.012730679474771023,0.0034499666653573513,0.04118861258029938,0.005283153150230646,-0.006108089815825224,0.017261477187275887,0.9947160970338902,-0.1026640657758644,-0.00042935646735097095,0.10266410093794054,0.9947161842211156,6.0614660310895005e-05,0.0004208648453501388,-0.00010437382358194185,0.9999999059894479,-0.00017031490278895944,-0.0009342379635199904,-0.0011138655245304108,0.012730679474771023,0.0034499666653573513,0.04118861258029938,0.005283153150230646,-0.006108089815825224,0.017261477187275887,0.9947160970338902,-0.1026640657758644,-0.00042935646735097095,0.10266410093794054,0.9947161842211156,6.0614660310895005e-05,0.0004208648453501388,-0.00010437382358194185,0.9999999059894479,-0.00017031490278895944,-0.0009342379635199904,-0.0011138655245304108,48.21090407138857,0.00035907982986575955,0.00046763257842922704,-0.002783438040753047,-0.4971979250689603,0.0057812545103961815,0.0021192874816073322,0.0023417085627942783,48.21090407138857,0.00035907982986575955,0.00046763257842922704,-0.002783438040753047,0.011152929626405239,0.0011284303618595004,0.042634814977645874,0.0,0.0,0.0,0.994727447403275,-0.10255344054496818,-0.00038174403124225775,0.10255342497077402,0.99472752043761,-6.020264179367775e-05,0.0003859052718706898,2.073607027468661e-05,0.9999999253235671,0.0,0.0,0.0
1,1775097219295646067,0.025700196,25,25.700196,3.8363429994205944,46.86993514504758,0.7559666958878641,-0.7559666958878641,0.012730679474771023,0.0034499666653573513,0.04118861258029938,0.005283153150230646,-0.006108089815825224,0.017261477187275887,0.9947160970338902,-0.1026640657758644,-0.00042935646735097095,0.10266410093794054,0.9947161842211156,6.0614660310895005e-05,0.0004208648453501388,-0.00010437382358194185,0.9999999059894479,-0.00017031490278895944,-0.0009342379635199904,-0.0011138655245304108,0.012730679474771023,0.0034499666653573513,0.04118861258029938,0.005283153150230646,-0.006108089815825224,0.017261477187275887,0.9947160970338902,-0.1026640657758644,-0.00042935646735097095,0.10266410093794054,0.9947161842211156,6.0614660310895005e-05,0.0004208648453501388,-0.00010437382358194185,0.9999999059894479,-0.00017031490278895944,-0.0009342379635199904,-0.0011138655245304108,46.86993514504758,0.0004444447219452979,0.0005764087782712257,-0.0027924906577890467,-0.8434467481755015,0.008030734520323886,0.004219485902974538,0.0021930218786778916,46.86993514504758,0.0004444447219452979,0.0005764087782712257,-0.0027924906577890467,0.011152929626405239,0.0011284303618595004,0.042634814977645874,0.0,0.0,0.0,0.994727447403275,-0.10255344054496818,-0.00038174403124225775,0.10255342497077402,0.99472752043761,-6.020264179367775e-05,0.0003859052718706898,2.073607027468661e-05,0.9999999253235671,0.0,0.0,0.0
2,1775097219310293373,0.040347502,40,14.647306,5.676813001628034,45.96341243112843,0.7413453617923941,-0.7413453617923941,0.01280707586556673,0.004279634449630976,0.040596723556518555,0.005332529079169035,-0.005413898266851902,0.016774358227849007,0.9947176009069828,-0.1026497265656654,-0.0003961330036250047,0.1026497462840612,0.9947176773055851,2.9717159316056292e-05,0.0003909900055032887,-7.022308534465095e-05,0.999999921097772,0.00015582249034196138,-0.00027019219123758376,-0.0004555081541184336,0.01280707586556673,0.004279634449630976,0.040596723556518555,0.005332529079169035,-0.005413898266851902,0.016774358227849007,0.9947176009069828,-0.1026497265656654,-0.0003961330036250047,0.1026497462840612,0.9947176773055851,2.9717159316056292e-05,0.0003909900055032887,-7.022308534465095e-05,0.999999921097772,0.00015582249034196138,-0.00027019219123758376,-0.0004555081541184336,45.96341243112843,0.0004910209024733329,0.0005926451064081518,-0.002820106157739965,-1.077518110045401,0.009258079679256175,0.004532969098485163,0.0017394450730326785,45.96341243112843,0.0004910209024733329,0.0005926451064081518,-0.002820106157739965,0.011152929626405239,0.0011284303618595004,0.042634814977645874,0.0,0.0,0.0,0.994727447403275,-0.10255344054496818,-0.00038174403124225775,0.10255342497077402,0.99472752043761,-6.020264179367775e-05,0.0003859052718706898,2.073607027468661e-05,0.9999999253235671,0.0,0.0,0.0
3,1775097219329993953,0.060048082,60,19.70058,5.941181007074192,45.34273743553711,0.7313344747667275,-0.7313344747667275,0.0128323370590806,0.004600939340889454,0.04035279154777527,0.00525339599698782,-0.005128677934408188,0.016529539600014687,0.994719088686883,-0.1026337964783588,-0.0003939352318144216,0.1026338101008335,0.9947191651805222,1.4468622126588213e-05,0.0003903699694952998,-5.4823305328690133e-05,0.9999999223028401,0.00016545012476854026,0.0007447432726621628,0.00045298581244423985,0.0128323370590806,0.004600939340889454,0.04035279154777527,0.00525339599698782,-0.005128677934408188,0.016529539600014687,0.994719088686883,-0.1026337964783588,-0.0003939352318144216,0.1026338101008335,0.9947191651805222,1.4468622126588213e-05,0.0003903699694952998,-5.4823305328690133e-05,0.9999999223028401,0.00016545012476854026,0.0007447432726621628,0.00045298581244423985,45.34273743553711,0.0005377304772406389,0.0005597080309313444,-0.002843659562485689,-1.2377813216185112,0.010488939956258311,0.0038970359254075814,0.0013525870365813399,45.34273743553711,0.0005377304772406389,0.0005597080309313444,-0.002843659562485689,0.011152929626405239,0.0011284303618595004,0.042634814977645874,0.0,0.0,0.0,0.994727447403275,-0.10255344054496818,-0.00038174403124225775,0.10255342497077402,0.99472752043761,-6.020264179367775e-05,0.0003859052718706898,2.073607027468661e-05,0.9999999253235671,0.0,0.0,0.0
4,1775097219349999579,0.080053708,80,20.005626,10.831602005055174,44.95418890606098,0.7250675630009835,-0.7250675630009835,0.012855827808380127,0.004906940273940563,0.04010935127735138,0.005320472177118063,-0.00490797171369195,0.016265904530882835,0.9947210186022418,-0.10261609386207104,-0.00038481558695951067,0.10261610372065699,0.9947210920021162,5.91072225769422e-06,0.00038217762591679673,-4.536777328899115e-05,0.9999999259410148,-0.00046483054757118225,0.00019060578779317439,-0.00039987359195947647,0.012855827808380127,0.004906940273940563,0.04010935127735138,0.005320472177118063,-0.00490797171369195,0.016265904530882835,0.9947210186022418,-0.10261609386207104,-0.00038481558695951067,0.10261610372065699,0.9947210920021162,5.91072225769422e-06,0.00038217762591679673,-4.536777328899115e-05,0.9999999259410148,-0.00046483054757118225,0.00019060578779317439,-0.00039987359195947647,44.95418890606098,0.0005703254403396544,0.0006284203304447878,-0.002849357730480232,-1.338107636724099,0.011347861184053567,0.005223699875575535,0.001258996232808516,44.95418890606098,0.0005703254403396544,0.0006284203304447878,-0.002849357730480232,0.011152929626405239,0.0011284303618595004,0.042634814977645874,0.0,0.0,0.0,0.994727447403275,-0.10255344054496818,-0.00038174403124225775,0.10255342497077402,0.99472752043761,-6.020264179367775e-05,0.0003859052718706898,2.073607027468661e-05,0.9999999253235671,0.0,0.0,0.0
5,1775097219369991004,0.100045133,100,19.991425,12.41484299680451,44.731087917939256,0.7214691599667622,-0.7214691599667622,0.012876992113888264,0.005336265079677105,0.039680659770965576,0.005228902213275433,-0.00463362829759717,0.01599140278995037,0.9947214137745405,-0.1026116701131774,-0.000374457031986063,0.10261167231396051,0.9947214839385922,-1.3380667352562436e-05,0.00037385346959648014,-2.5113628437265986e-05,0.9999999298014416,-0.0012610238045454025,0.0005657762521877885,0.0005241328617557883,0.012876992113888264,0.005336265079677105,0.039680659770965576,0.005228902213275433,-0.00463362829759717,0.01599140278995037,0.9947214137745405,-0.1026116701131774,-0.000374457031986063,0.10261167231396051,0.9947214839385922,-1.3380667352562436e-05,0.00037385346959648014,-2.5113628437265986e-05,0.9999999298014416,-0.0012610238045454025,0.0005657762521877885,0.0005241328617557883,44.731087917939256,0.0006148572266231662,0.0006271538481053432,-0.002866199388019057,-1.3957140831179282,0.012521333798038674,0.005199247245185296,0.0009823767531030037,44.731087917939256,0.0006148572266231662,0.0006271538481053432,-0.002866199388019057,0.011152929626405239,0.0011284303618595004,0.042634814977645874,0.0,0.0,0.0,0.994727447403275,-0.10255344054496818,-0.00038174403124225775,0.10255342497077402,0.99472752043761,-6.020264179367775e-05,0.0003859052718706898,2.073607027468661e-05,0.9999999253235671,0.0,0.0,0.0
6,1775097219389931731,0.11998586,119,19.940727,9.916032999171875,44.61609481802933,0.7196144325488602,-0.7196144325488602,0.012865989468991756,0.005726168863475323,0.039232656359672546,0.005108465440571308,-0.004348308779299259,0.015528632327914238,0.9947242493756653,-0.1025845859350143,-0.0003407115030618132,0.10258457589437664,0.9947243076572926,-4.686211348687956e-05,0.00034372133641620735,1.1663142430473963e-05,0.9999999408598065,-0.0011779405176639557,-0.0005136413965374231,0.00044081962550990283,0.012865989468991756,0.005726168863475323,0.039232656359672546,0.005108465440571308,-0.004348308779299259,0.015528632327914238,0.9947242493756653,-0.1025845859350143,-0.0003407115030618132,0.10258457589437664,0.9947243076572926,-4.686211348687956e-05,0.00034372133641620735,1.1663142430473963e-05,0.9999999408598065,-0.0011779405176639557,-0.0005136413965374231,0.00044081962550990283,44.61609481802933,0.0006000728840084422,0.0007158862738423683,-0.002875091771623679,-1.4254062144768764,0.012131746435346799,0.006912450140006692,0.0008363218579490081,44.61609481802933,0.0006000728840084422,0.0007158862738423683,-0.002875091771623679,0.011152929626405239,0.0011284303618595004,0.042634814977645874,0.0,0.0,0.0,0.994727447403275,-0.10255344054496818,-0.00038174403124225775,0.10255342497077402,0.99472752043761,-6.020264179367775e-05,0.0003859052718706898,2.073607027468661e-05,0.9999999253235671,0.0,0.0,0.0
7,1775097219409964438,0.140018567,140,20.032707,23.46156199928373,44.535415585449655,0.7183131546040267,-0.7183131546040267,0.01282430998980999,0.005965393502265215,0.038877710700035095,0.004982614424079657,-0.004166508559137583,0.015215551480650902,0.9947246195584698,-0.10258069302470751,-0.00032631333981838085,0.10258067618550348,0.9947246724951084,-6.797346521781027e-05,0.0003315646999947743,3.4141432812907595e-05,0.9999999444496039,-0.0005883212434127927,0.0004954768810421228,0.00020008927094750106,0.01282430998980999,0.005965393502265215,0.038877710700035095,0.004982614424079657,-0.004166508559137583,0.015215551480650902,0.9947246195584698,-0.10258069302470751,-0.00032631333981838085,0.10258067618550348,0.9947246724951084,-6.797346521781027e-05,0.0003315646999947743,3.4141432812907595e-05,0.9999999444496039,-0.0005883212434127927,0.0004954768810421228,0.00020008927094750106,44.535415585449655,0.0005924136058472373,0.0006364125516894386,-0.002876908263164222,-1.446238232863818,0.011929914128242692,0.00537800983001055,0.0008064864962171786,44.535415585449655,0.0005924136058472373,0.0006364125516894386,-0.002876908263164222,0.011152929626405239,0.0011284303618595004,0.042634814977645874,0.0,0.0,0.0,0.994727447403275,-0.10255344054496818,-0.00038174403124225775,0.10255342497077402,0.99472752043761,-6.020264179367775e-05,0.0003859052718706898,2.073607027468661e-05,0.9999999253235671,0.0,0.0,0.0
8,1775097219434524864,0.164578993,164,24.560426,13.917659998696763,44.47940495874701,0.7174097573991454,-0.7174097573991454,0.01282430998980999,0.005965393502265215,0.038877710700035095,0.004982614424079657,-0.004166508559137583,0.015215551480650902,0.9947246195584698,-0.10258069302470751,-0.00032631333981838085,0.10258067618550348,0.9947246724951084,-6.797346521781027e-05,0.0003315646999947743,3.4141432812907595e-05,0.9999999444496039,-0.0005883212434127927,0.0004954768810421228,0.00020008927094750106,0.01282430998980999,0.005965393502265215,0.038877710700035095,0.004982614424079657,-0.004166508559137583,0.015215551480650902,0.9947246195584698,-0.10258069302470751,-0.00032631333981838085,0.10258067618550348,0.9947246724951084,-6.797346521781027e-05,0.0003315646999947743,3.4141432812907595e-05,0.9999999444496039,-0.0005883212434127927,0.0004954768810421228,0.00020008927094750106,44.47940495874701,0.0005939293973035289,0.000632065092698772,-0.002878127014809375,-1.460700621362386,0.011969857276966762,0.005294071187895646,0.0007864688438456532,44.47940495874701,0.0005939293973035289,0.000632065092698772,-0.002878127014809375,0.011152929626405239,0.0011284303618595004,0.042634814977645874,0.0,0.0,0.0,0.994727447403275,-0.10255344054496818,-0.00038174403124225775,0.10255342497077402,0.99472752043761,-6.020264179367775e-05,0.0003859052718706898,2.073607027468661e-05,0.9999999253235671,0.0,0.0,0.0
9,1775097219449879771,0.1799339,179,15.354907,30.534035999153275,44.461524666050494,0.7171213655814596,-0.7171213655814596,0.012721238657832146,0.006387483794242144,0.03809230029582977,0.004826955497264862,-0.004081550519913435,0.014348852448165417,0.9947254916057041,-0.102573789021146,-0.00030793914484870955,0.10257376778960037,0.9947255379123184,-8.400815259172745e-05,0.00031493191524685493,5.197860512727581e-05,0.9999999490580619,0.0003115120925940573,0.0020303307101130486,-4.603714114637114e-05,0.012721238657832146,0.006387483794242144,0.03809230029582977,0.004826955497264862,-0.004081550519913435,0.014348852448165417,0.9947254916057041,-0.102573789021146,-0.00030793914484870955,0.10257376778960037,0.9947255379123184,-8.400815259172745e-05,0.00031493191524685493,5.197860512727581e-05,0.9999999490580619,0.0003115120925940573,0.0020303307101130486,-4.603714114637114e-05,44.461524666050494,0.0005739321189920145,0.0004764463185408062,-0.002881561238936454,-1.4653174548932444,0.01144290202968783,0.0022894589262392154,0.0007300626801984756,44.461524666050494,0.0005739321189920145,0.0004764463185408062,-0.002881561238936454,0.011152929626405239,0.0011284303618595004,0.042634814977645874,0.0,0.0,0.0,0.994727447403275,-0.10255344054496818,-0.00038174403124225775,0.10255342497077402,0.99472752043761,-6.020264179367775e-05,0.0003859052718706898,2.073607027468661e-05,0.9999999253235671,0.0,0.0,0.0
10,1775097219486008851,0.21606298,216,36.12908,17.241776004084386,44.48272950023417,0.7174633790360351,-0.7174633790360351,0.012691095471382141,0.006480202544480562,0.03788357973098755,0.004801279399544001,-0.004050204064697027,0.01411789283156395,0.9947253344635671,-0.10257520405509735,-0.00030359098829827597,0.10257518363393925,0.9947253795069739,-8.212949503593869e-05,0.0003104140652483477,5.055541738307329e-05,0.9999999505436334,0.0005015223869122565,-0.0008005461422726512,-0.00021008386102039367,0.012691095471382141,0.006480202544480562,0.03788357973098755,0.004801279399544001,-0.004050204064697027,0.01411789283156395,0.9947253344635671,-0.10257520405509735,-0.00030359098829827597,0.10257518363393925,0.9947253795069739,-8.212949503593869e-05,0.0003104140652483477,5.055541738307329e-05,0.9999999505436334,0.0005015223869122565,-0.0008005461422726512,-0.00021008386102039367,44.48272950023417,0.0005177640125179916,0.000685540469423107,-0.00288543697246005,-1.459842198355942,0.00996279668859421,0.006326547979156951,0.0006664048491148729,44.48272950023417,0.0005177640125179916,0.000685540469423107,-0.00288543697246005,0.011152929626405239,0.0011284303618595004,0.042634814977645874,0.0,0.0,0.0,0.994727447403275,-0.10255344054496818,-0.00038174403124225775,0.10255342497077402,0.99472752043761,-6.020264179367775e-05,0.0003859052718706898,2.073607027468661e-05,0.9999999253235671,0.0,0.0,0.0
11,1775097219504534060,0.234588189,234,18.525209,6.571332000021357,44.507017817238676,0.7178551260844948,-0.7178551260844948,0.012661407701671124,0.006570141296833754,0.03768052160739899,0.004734641872346401,-0.003988518845289946,0.013976380228996277,0.9947249567129495,-0.10257750395111653,-0.00030068611205494485,0.10257748508873288,0.9947250010819682,-7.753649583264015e-05,0.00030705349784008844,4.628385931283903e-05,0.9999999517879752,0.0002452678163535893,0.0006498242728412151,-0.0004024878144264221,0.012661407701671124,0.006570141296833754,0.03768052160739899,0.004734641872346401,-0.003988518845289946,0.013976380228996277,0.9947249567129495,-0.10257750395111653,-0.00030068611205494485,0.10257748508873288,0.9947250010819682,-7.753649583264015e-05,0.00030705349784008844,4.628385931283903e-05,0.9999999517879752,0.0002452678163535893,0.0006498242728412151,-0.0004024878144264221,44.507017817238676,0.0005386577772020565,0.0005867929047183742,-0.002883930861671363,-1.4535707620736729,0.010513375560586987,0.0044199776098300505,0.0006911422944515334,44.507017817238676,0.0005386577772020565,0.0005867929047183742,-0.002883930861671363,0.011152929626405239,0.0011284303618595004,0.042634814977645874,0.0,0.0,0.0,0.994727447403275,-0.10255344054496818,-0.00038174403124225775,0.10255342497077402,0.99472752043761,-6.020264179367775e-05,0.0003859052718706898,2.073607027468661e-05,0.9999999253235671,0.0,0.0,0.0
12,1775097219514078772,0.244132901,244,9.544712,24.10286300437292,44.56268993468687,0.7187530634626915,-0.7187530634626915,0.01261912938207388,0.0066435630433261395,0.037432193756103516,0.004622233100235462,-0.00400061160326004,0.013759860768914223,0.9947252824757175,-0.10257449322043999,-0.0002907037317208122,0.10257447424388122,0.9947253237347081,-7.949186811336689e-05,0.00029732420194487214,4.925378838631367e-05,0.9999999545861906,-0.0002484626602381468,-0.00025059416657313704,0.00043276019277982414,0.01261912938207388,0.0066435630433261395,0.037432193756103516,0.004622233100235462,-0.00400061160326004,0.013759860768914223,0.9947252824757175,-0.10257449322043999,-0.0002907037317208122,0.10257447424388122,0.9947253237347081,-7.949186811336689e-05,0.00029732420194487214,4.925378838631367e-05,0.9999999545861906,-0.0002484626602381468,-0.00025059416657313704,0.00043276019277982414,44.56268993468687,0.0005389243406831453,0.0006499475063453912,-0.0028941038877573558,-1.4391957793521235,0.010520399867740416,0.005639336208786405,0.0005240532073797428,44.56268993468687,0.0005389243406831453,0.0006499475063453912,-0.0028941038877573558,0.011152929626405239,0.0011284303618595004,0.042634814977645874,0.0,0.0,0.0,0.994727447403275,-0.10255344054496818,-0.00038174403124225775,0.10255342497077402,0.99472752043761,-6.020264179367775e-05,0.0003859052718706898,2.073607027468661e-05,0.9999999253235671,0.0,0.0,0.0
13,1775097219543513078,0.273567207,273,29.434306,10.765945000457577,44.66156091568727,0.7203477567046334,-0.7203477567046334,0.012535111047327518,0.00678188307210803,0.03695669770240784,0.004394263029098511,-0.003996761981397867,0.013430889695882797,0.9947255917034259,-0.10257183575320727,-0.0002750215152354848,0.1025718168112959,0.9947256282830661,-8.215373249879053e-05,0.0002819975987959373,5.351096970930731e-05,0.9999999588069655,-0.0012933381367474794,1.9285667804069817e-05,-0.0008098494727164507,0.012535111047327518,0.00678188307210803,0.03695669770240784,0.004394263029098511,-0.003996761981397867,0.013430889695882797,0.9947255917034259,-0.10257183575320727,-0.0002750215152354848,0.1025718168112959,0.9947256282830661,-8.215373249879053e-05,0.0002819975987959373,5.351096970930731e-05,0.9999999588069655,-0.0012933381367474794,1.9285667804069817e-05,-0.0008098494727164507,44.66156091568727,0.0005667212457352345,0.0006260275516506458,-0.002887079413560422,-1.4136665070936025,0.011252885796431947,0.005177501256268759,0.0006394282168217308,44.66156091568727,0.0005667212457352345,0.0006260275516506458,-0.002887079413560422,0.011152929626405239,0.0011284303618595004,0.042634814977645874,0.0,0.0,0.0,0.994727447403275,-0.10255344054496818,-0.00038174403124225775,0.10255342497077402,0.99472752043761,-6.020264179367775e-05,0.0003859052718706898,2.073607027468661e-05,0.9999999253235671,0.0,0.0,0.0
14,1775097219555601515,0.285655644,285,12.088437,9.916347997204866,44.68660640602059,0.7207517162261385,-0.7207517162261385,0.012493218295276165,0.006847021169960499,0.03672824800014496,0.0043325903825461864,-0.004000621847808361,0.01320718601346016,0.9947252766821741,-0.10257466732958753,-0.00027111779317564016,0.10257464882621958,0.9947253122126234,-8.133103825709153e-05,0.0002780302337079014,5.309222828941539e-05,0.9999999599402016,0.0005243628984317183,0.0006336007500067353,0.00011930039909202605,0.012493218295276165,0.006847021169960499,0.03672824800014496,0.0043325903825461864,-0.004000621847808361,0.01320718601346016,0.9947252766821741,-0.10257466732958753,-0.00027111779317564016,0.10257464882621958,0.9947253122126234,-8.133103825709153e-05,0.0002780302337079014,5.309222828941539e-05,0.9999999599402016,0.0005243628984317183,0.0006336007500067353,0.00011930039909202605,44.68660640602059,0.0005124475796565949,0.0005524903528305483,-0.0028938138482377026,-1.4071995626464253,0.009822701514167097,0.003757680476557126,0.0005288170247674031,44.68660640602059,0.0005124475796565949,0.0005524903528305483,-0.0028938138482377026,0.011152929626405239,0.0011284303618595004,0.042634814977645874,0.0,0.0,0.0,0.994727447403275,-0.10255344054496818,-0.00038174403124225775,0.10255342497077402,0.99472752043761,-6.020264179367775e-05,0.0003859052718706898,2.073607027468661e-05,0.9999999253235671,0.0,0.0,0.0
15,1775097219570704015,0.300758144,300,15.1025,13.39354599622311,44.884131541160386,0.7239376055025869,-0.7239376055025869,0.011916491203010082,0.007122903596609831,0.03435969352722168,0.003326351987197995,-0.00457940436899662,0.0113206272944808,0.9947239607903872,-0.10258899352083595,-0.00022590008589434656,0.1025889867303369,0.9947239862768039,-4.14753914527383e-05,0.00022896311449110193,1.8081734036468414e-05,0.9999999736244749,-0.0003080420137848705,0.0006560896872542799,0.0009061119635589421,0.011916491203010082,0.007122903596609831,0.03435969352722168,0.003326351987197995,-0.00457940436899662,0.0113206272944808,0.9947239607903872,-0.10258899352083595,-0.00022590008589434656,0.1025889867303369,0.9947239862768039,-4.14753914527383e-05,0.00022896311449110193,1.8081734036468414e-05,0.9999999736244749,-0.0003080420137848705,0.0006560896872542799,0.0009061119635589421,44.884131541160386,0.0004887905350401902,0.0004912512426090422,-0.002919627132206281,-1.3561970045463385,0.009199306490027825,0.0025753052621264286,0.0001048411088328722,44.884131541160386,0.0004887905350401902,0.0004912512426090422,-0.002919627132206281,0.011152929626405239,0.0011284303618595004,0.042634814977645874,0.0,0.0,0.0,0.994727447403275,-0.10255344054496818,-0.00038174403124225775,0.10255342497077402,0.99472752043761,-6.020264179367775e-05,0.0003859052718706898,2.073607027468661e-05,0.9999999253235671,0.0,0.0,0.0
16,1775097219589957233,0.320011362,320,19.253218,20.190892995742615,45.086995695473945,0.7272096079915152,-0.7272096079915152,0.011738831177353859,0.007129840552806854,0.03354831039905548,0.002992111025378108,-0.0047409748658537865,0.01058217789977789,0.9947236895325587,-0.1025909356656447,-0.00021643550812353897,0.10259093619744242,0.9947237129863041,-8.673013881041122e-06,0.00021618328800212215,-1.3577051781102703e-05,0.9999999765402263,-0.0003028687206096947,-0.00026609725318849087,0.000881877145729959,0.011738831177353859,0.007129840552806854,0.03354831039905548,0.002992111025378108,-0.0047409748658537865,0.01058217789977789,0.9947236895325587,-0.1025909356656447,-0.00021643550812353897,0.10259093619744242,0.9947237129863041,-8.673013881041122e-06,0.00021618328800212215,-1.3577051781102703e-05,0.9999999765402263,-0.0003028687206096947,-0.00026609725318849087,0.000881877145729959,45.086995695473945,0.0004481889818728184,0.00053653315903952,-0.0029271943110997277,-1.3038158693076312,0.008129400818069366,0.0034495866724157105,-1.9447672334801407e-05,45.086995695473945,0.0004481889818728184,0.00053653315903952,-0.0029271943110997277,0.011152929626405239,0.0011284303618595004,0.042634814977645874,0.0,0.0,0.0,0.994727447403275,-0.10255344054496818,-0.00038174403124225775,0.10255342497077402,0.99472752043761,-6.020264179367775e-05,0.0003859052718706898,2.073607027468661e-05,0.9999999253235671,0.0,0.0,0.0
17,1775097219611496967,0.341551096,341,21.539734,10.912243997154292,45.228208010131425,0.7294872259698617,-0.7294872259698617,0.011738831177353859,0.007129840552806854,0.03354831039905548,0.002992111025378108,-0.0047409748658537865,0.01058217789977789,0.9947236895325587,-0.1025909356656447,-0.00021643550812353897,0.10259093619744242,0.9947237129863041,-8.673013881041122e-06,0.00021618328800212215,-1.3577051781102703e-05,0.9999999765402263,-0.0003028687206096947,-0.00026609725318849087,0.000881877145729959,0.011738831177353859,0.007129840552806854,0.03354831039905548,0.002992111025378108,-0.0047409748658537865,0.01058217789977789,0.9947236895325587,-0.1025909356656447,-0.00021643550812353897,0.10259093619744242,0.9947237129863041,-8.673013881041122e-06,0.00021618328800212215,-1.3577051781102703e-05,0.9999999765402263,-0.0003028687206096947,-0.00026609725318849087,0.000881877145729959,45.228208010131425,0.0004373122094961337,0.0005310056598096553,-0.002925441499115884,-1.2673537285392236,0.007842783200008197,0.003342864382305075,9.341770620845205e-06,45.228208010131425,0.0004373122094961337,0.0005310056598096553,-0.002925441499115884,0.011152929626405239,0.0011284303618595004,0.042634814977645874,0.0,0.0,0.0,0.994727447403275,-0.10255344054496818,-0.00038174403124225775,0.10255342497077402,0.99472752043761,-6.020264179367775e-05,0.0003859052718706898,2.073607027468661e-05,0.9999999253235671,0.0,0.0,0.0
18,1775097219630000659,0.360054788,360,18.503692,17.69201700517442,45.41787835410835,0.7325464250662638,-0.7325464250662638,0.011581930331885815,0.007096767891198397,0.032377153635025024,0.0027433689683675766,-0.005166196264326572,0.009678574278950691,0.994719369810926,-0.10263218053817247,-0.00022317497927390375,0.10263218690178655,0.9947193940410244,1.722067125162468e-05,0.00022022908152049322,-4.003466678896995e-05,0.9999999749481887,-0.000997479073703289,0.0005774538149125874,-0.0013703776057809591,0.011581930331885815,0.007096767891198397,0.032377153635025024,0.0027433689683675766,-0.005166196264326572,0.009678574278950691,0.994719369810926,-0.10263218053817247,-0.00022317497927390375,0.10263218690178655,0.9947193940410244,1.722067125162468e-05,0.00022022908152049322,-4.003466678896995e-05,0.9999999749481887,-0.000997479073703289,0.0005774538149125874,-0.0013703776057809591,45.41787835410835,0.0004420885853779992,0.0004227096528052959,-0.002911470514948988,-1.2183793398787628,0.007968647144826944,0.0012519372927276035,0.00023881124904431036,45.41787835410835,0.0004420885853779992,0.0004227096528052959,-0.002911470514948988,0.011152929626405239,0.0011284303618595004,0.042634814977645874,0.0,0.0,0.0,0.994727447403275,-0.10255344054496818,-0.00038174403124225775,0.10255342497077402,0.99472752043761,-6.020264179367775e-05,0.0003859052718706898,2.073607027468661e-05,0.9999999253235671,0.0,0.0,0.0
19,1775097219653868212,0.383922341,383,23.867553,4.1978480003308505,45.611758705590816,0.7356735275095293,-0.7356735275095293,0.011519706808030605,0.007059441413730383,0.031516462564468384,0.0026788210961967707,-0.0054982197470963,0.009002948179841042,0.9947174255387429,-0.10265200587224577,-0.00023249890305664794,0.10265201884574537,0.9947174503741346,4.4540279202726074e-05,0.00022669854682105112,-6.817144023141264e-05,0.9999999719802145,-0.0012131707044318318,0.0005804504617117345,5.1522485591704026e-05,0.011519706808030605,0.007059441413730383,0.031516462564468384,0.0026788210961967707,-0.0054982197470963,0.009002948179841042,0.9947174255387429,-0.10265200587224577,-0.00023249890305664794,0.10265201884574537,0.9947174503741346,4.4540279202726074e-05,0.00022669854682105112,-6.817144023141264e-05,0.9999999719802145,-0.0012131707044318318,0.0005804504617117345,5.1522485591704026e-05,45.611758705590816,0.0004281207431900754,0.0003875023652055083,-0.0029268048569786255,-1.1683178938559533,0.007600575669327583,0.0005721719585359431,-1.305099812977153e-05,45.611758705590816,0.0004281207431900754,0.0003875023652055083,-0.0029268048569786255,0.011152929626405239,0.0011284303618595004,0.042634814977645874,0.0,0.0,0.0,0.994727447403275,-0.10255344054496818,-0.00038174403124225775,0.10255342497077402,0.99472752043761,-6.020264179367775e-05,0.0003859052718706898,2.073607027468661e-05,0.9999999253235671,0.0,0.0,0.0
20,1775097219670047655,0.400101784,400,16.179443,4.971629001374822,45.76730236839645,0.7381822962644589,-0.7381822962644589,0.011497482657432556,0.007025936618447304,0.030995681881904602,0.002677788259461522,-0.005748019088059664,0.008553531020879745,0.9947151978472201,-0.1026721872795664,-0.0002402825559922727,0.10267220239724728,0.9947152239791214,5.141766080289309e-05,0.00023373355605950732,-7.581627350640614e-05,0.9999999698102577,-0.0008489878964610398,0.001012012711726129,-0.00028352250228635967,0.011497482657432556,0.007025936618447304,0.030995681881904602,0.002677788259461522,-0.005748019088059664,0.008553531020879745,0.9947151978472201,-0.1026721872795664,-0.0002402825559922727,0.10267220239724728,0.9947152239791214,5.141766080289309e-05,0.00023373355605950732,-7.581627350640614e-05,0.9999999698102577,-0.0008489878964610398,0.001012012711726129,-0.00028352250228635967,45.76730236839645,0.0004035896141918614,0.00031906448316193514,-0.0029263583800199014,-1.1281552852151355,0.006954147343136713,-0.0007491936714309523,-5.717739883782124e-06,45.76730236839645,0.0004035896141918614,0.00031906448316193514,-0.0029263583800199014,0.011152929626405239,0.0011284303618595004,0.042634814977645874,0.0,0.0,0.0,0.994727447403275,-0.10255344054496818,-0.00038174403124225775,0.10255342497077402,0.99472752043761,-6.020264179367775e-05,0.0003859052718706898,2.073607027468661e-05,0.9999999253235671,0.0,0.0,0.0
21,1775097219690036410,0.420090539,420,19.988755,7.367067002633121,45.89306452163581,0.7402107180909001,-0.7402107180909001,0.011516828089952469,0.0070222970098257065,0.030210062861442566,0.002686696359887719,-0.006022656336426735,0.007891016080975533,0.9947127697361661,-0.10269644001927514,-0.0002623942858919425,0.10269646357420847,0.9947127988627235,7.789499178806466e-05,0.0002530074064925462,-0.00010443008797430273,0.9999999625408058,0.0004574366030283272,0.0004935588221997023,0.0006623136578127742,0.011516828089952469,0.0070222970098257065,0.030210062861442566,0.002686696359887719,-0.006022656336426735,0.007891016080975533,0.9947127697361661,-0.10269644001927514,-0.0002623942858919425,0.10269646357420847,0.9947127988627235,7.789499178806466e-05,0.0002530074064925462,-0.00010443008797430273,0.9999999625408058,0.0004574366030283272,0.0004935588221997023,0.0006623136578127742,45.89306452163581,0.0003292033767552038,0.0003236301842662675,-0.0029387528982457844,-1.0956824987880183,0.004993969686359641,-0.000661041315808293,-0.00020929420941716658,45.89306452163581,0.0003292033767552038,0.0003236301842662675,-0.0029387528982457844,0.011152929626405239,0.0011284303618595004,0.042634814977645874,0.0,0.0,0.0,0.994727447403275,-0.10255344054496818,-0.00038174403124225775,0.10255342497077402,0.99472752043761,-6.020264179367775e-05,0.0003859052718706898,2.073607027468661e-05,0.9999999253235671,0.0,0.0,0.0
22,1775097219709982704,0.440036833,440,19.946294,6.73485600418644,46.0238365360187,0.7423199441293339,-0.7423199441293339,0.011558671481907368,0.007014316041022539,0.029469430446624756,0.0028251141775399446,-0.0063216849230229855,0.0072370911948382854,0.9947096408474465,-0.10272600288163813,-0.0002701442223841865,0.10272603468155173,0.9947096685384906,0.000106561930826218,0.0002577683904582944,-0.00013374902941520276,0.9999999578333256,0.0008344609523192048,0.00012920275912620127,-0.00028806942282244563,0.011558671481907368,0.007014316041022539,0.029469430446624756,0.0028251141775399446,-0.0063216849230229855,0.0072370911948382854,0.9947096408474465,-0.10272600288163813,-0.0002701442223841865,0.10272603468155173,0.9947096685384906,0.000106561930826218,0.0002577683904582944,-0.00013374902941520276,0.9999999578333256,0.0008344609523192048,0.00012920275912620127,-0.00028806942282244563,46.0238365360187,0.00028210468981145447,0.00032109899994237567,-0.002935868683538604,-1.0619161264389583,0.003752855778840251,-0.0007099122023528557,-0.0001619217955190751,46.0238365360187,0.00028210468981145447,0.00032109899994237567,-0.002935868683538604,0.011152929626405239,0.0011284303618595004,0.042634814977645874,0.0,0.0,0.0,0.994727447403275,-0.10255344054496818,-0.00038174403124225775,0.10255342497077402,0.99472752043761,-6.020264179367775e-05,0.0003859052718706898,2.073607027468661e-05,0.9999999253235671,0.0,0.0,0.0
23,1775097219730012738,0.460066867,460,20.030034,8.290577003208455,46.17132175073553,0.7446987379150892,-0.7446987379150892,0.011594967916607857,0.007000982295721769,0.029013559222221375,0.0029191093053668737,-0.0065129585564136505,0.006815419998019934,0.9947082819320316,-0.10273928010782374,-0.0002828316511068723,0.10273931826935478,0.9947083104913643,0.0001238384231996223,0.0002686119229950712,-0.00015224103505066637,0.99999995233515,-5.0374059355817735e-05,0.00044497865019366145,-0.0004193208005744964,0.011594967916607857,0.007000982295721769,0.029013559222221375,0.0029191093053668737,-0.0065129585564136505,0.006815419998019934,0.9947082819320316,-0.10273928010782374,-0.0002828316511068723,0.10273931826935478,0.9947083104913643,0.0001238384231996223,0.0002686119229950712,-0.00015224103505066637,0.99999995233515,-5.0374059355817735e-05,0.00044497865019366145,-0.0004193208005744964,46.17132175073553,0.00029685963767851634,0.0002824120011109182,-0.0029363644671879558,-1.0238342730729297,0.004141668550296173,-0.0014568621233032196,-0.0001700649022657805,46.17132175073553,0.00029685963767851634,0.0002824120011109182,-0.0029363644671879558,0.011152929626405239,0.0011284303618595004,0.042634814977645874,0.0,0.0,0.0,0.994727447403275,-0.10255344054496818,-0.00038174403124225775,0.10255342497077402,0.99472752043761,-6.020264179367775e-05,0.0003859052718706898,2.073607027468661e-05,0.9999999253235671,0.0,0.0,0.0
24,1775097219750259415,0.480313544,480,20.246677,4.177498005446978,46.3213617910661,0.7471187385655823,-0.7471187385655823,0.011691073887050152,0.007014140952378511,0.028353095054626465,0.0031706644222140312,-0.006702186539769173,0.006360821425914764,0.9947045037497823,-0.10277663492033473,-0.0002950907181593779,0.1027766784180626,0.9947045337030339,0.0001361916559859417,0.00027953074382170394,-0.0001657988611616359,0.9999999471866532,-0.00012538845476228744,-8.896108192857355e-05,-0.0002473596250638366,0.011691073887050152,0.007014140952378511,0.028353095054626465,0.0031706644222140312,-0.006702186539769173,0.006360821425914764,0.9947045037497823,-0.10277663492033473,-0.0002950907181593779,0.1027766784180626,0.9947045337030339,0.0001361916559859417,0.00027953074382170394,-0.0001657988611616359,0.9999999471866532,-0.00012538845476228744,-8.896108192857355e-05,-0.0002473596250638366,46.3213617910661,0.00027679230217541077,0.0002993004980098249,-0.00294131448392928,-0.9850927434499621,0.0036128672015556585,-0.0011307871677718713,-0.0002513675325064269,46.3213617910661,0.00027679230217541077,0.0002993004980098249,-0.00294131448392928,0.011152929626405239,0.0011284303618595004,0.042634814977645874,0.0,0.0,0.0,0.994727447403275,-0.10255344054496818,-0.00038174403124225775,0.10255342497077402,0.99472752043761,-6.020264179367775e-05,0.0003859052718706898,2.073607027468661e-05,0.9999999253235671,0.0,0.0,0.0
25,1775097219770034610,0.500088739,500,19.775195,3.9286589963012375,46.45812893468536,0.7493246602368607,-0.7493246602368607,0.011758792214095592,0.007024986669421196,0.027941599488258362,0.0032514664344489574,-0.006822966504842043,0.006119437515735626,0.994701905113972,-0.1028007133912836,-0.00031310452782452175,0.10280076062694232,0.9947019398461221,0.0001386594746847717,0.000297191390819582,-0.00017011223497090389,0.9999999413695497,-0.00052257050992921,0.00033186335349455476,0.00026997155509889126,0.011758792214095592,0.007024986669421196,0.027941599488258362,0.0032514664344489574,-0.006822966504842043,0.006119437515735626,0.994701905113972,-0.1028007133912836,-0.00031310452782452175,0.10280076062694232,0.9947019398461221,0.0001386594746847717,0.000297191390819582,-0.00017011223497090389,0.9999999413695497,-0.00052257050992921,0.00033186335349455476,0.00026997155509889126,46.45812893468536,0.0002831597104292373,0.0002558885597658036,-0.0029470744683049994,-0.949778381135074,0.0037806569946791085,-0.001968963940825326,-0.0003459736529224485,46.45812893468536,0.0002831597104292373,0.0002558885597658036,-0.0029470744683049994,0.011152929626405239,0.0011284303618595004,0.042634814977645874,0.0,0.0,0.0,0.994727447403275,-0.10255344054496818,-0.00038174403124225775,0.10255342497077402,0.99472752043761,-6.020264179367775e-05,0.0003859052718706898,2.073607027468661e-05,0.9999999253235671,0.0,0.0,0.0
26,1775097219789985917,0.520040046,520,19.951307,6.256995002331678,46.558510137329954,0.7509437118924186,-0.7509437118924186,0.011828982271254063,0.007040712982416153,0.027544528245925903,0.003323283279314637,-0.006914194673299789,0.005786161869764328,0.9947010287490551,-0.1028095646997691,-0.0003244232654950937,0.10280962003538963,0.9947010632718408,0.00015872205351074795,0.0003063860186654811,-0.00019123481124388476,0.9999999347784265,0.0004712908703368157,-0.0005816568736918271,-0.00010114960605278611,0.011828982271254063,0.007040712982416153,0.027544528245925903,0.003323283279314637,-0.006914194673299789,0.005786161869764328,0.9947010287490551,-0.1028095646997691,-0.0003244232654950937,0.10280962003538963,0.9947010632718408,0.00015872205351074795,0.0003063860186654811,-0.00019123481124388476,0.9999999347784265,0.0004712908703368157,-0.0005816568736918271,-0.00010114960605278611,46.558510137329954,0.0002237166037860697,0.0003052521068296883,-0.0029461950224548054,-0.9238591576579522,0.0022142509832099345,-0.001015876374177056,-0.00033152900262903203,46.558510137329954,0.0002237166037860697,0.0003052521068296883,-0.0029461950224548054,0.011152929626405239,0.0011284303618595004,0.042634814977645874,0.0,0.0,0.0,0.994727447403275,-0.10255344054496818,-0.00038174403124225775,0.10255342497077402,0.99472752043761,-6.020264179367775e-05,0.0003859052718706898,2.073607027468661e-05,0.9999999253235671,0.0,0.0,0.0
