step,timestamp_ns,experiment_time_s,reference_index,tick_dt_ms,solver_ms,state_raw_0,state_raw_1,state_raw_2,state_raw_3,state_raw_4,state_raw_5,state_raw_6,state_raw_7,state_raw_8,state_raw_9,state_raw_10,state_raw_11,state_raw_12,state_raw_13,state_raw_14,state_raw_15,state_raw_16,state_raw_17,state_used_0,state_used_1,state_used_2,state_used_3,state_used_4,state_used_5,state_used_6,state_used_7,state_used_8,state_used_9,state_used_10,state_used_11,state_used_12,state_used_13,state_used_14,state_used_15,state_used_16,state_used_17,control_raw_0,control_raw_1,control_raw_2,control_raw_3,control_used_0,control_used_1,control_used_2,control_used_3,reference_0,reference_1,reference_2,reference_3,reference_4,reference_5,reference_6,reference_7,reference_8,reference_9,reference_10,reference_11,reference_12,reference_13,reference_14,reference_15,reference_16,reference_17
0,1773698451816400984,0.0,0,0.0,65.12916900101118,-0.050382718443870544,-0.05497587472200394,0.040769755840301514,-0.03008631058037281,-0.02664422243833542,0.004662159830331802,0.9946520594836318,-0.10327917495360062,0.000844426649018589,0.10327841611045607,0.9946520915633198,0.0008977666214992499,-0.0009326313116066596,-0.0008057543725365581,0.9999992404790825,-0.0006049323128536344,-0.00024086973280645907,0.0002560617867857218,-0.050382718443870544,-0.05497587472200394,0.040769755840301514,-0.03008631058037281,-0.02664422243833542,0.004662159830331802,0.9946520594836318,-0.10327917495360062,0.000844426649018589,0.10327841611045607,0.9946520915633198,0.0008977666214992499,-0.0009326313116066596,-0.0008057543725365581,0.9999992404790825,-0.0006049323128536344,-0.00024086973280645907,0.0002560617867857218,31.2087685897686,-0.8115582752924007,-0.03748425725854204,-0.001387855154281285,31.2087685897686,-0.8115582752924007,-0.03748425725854204,-0.001387855154281285,-0.04338938370347023,-0.041987061500549316,0.04278257489204407,0.0,0.0,0.0,0.9946324791709339,-0.1034692182327539,0.0005323084826376057,0.10346896374587633,0.9946325296758806,0.0004853325304418187,-0.0005796683434125972,-0.000427650087616388,0.9999997405499653,0.0,0.0,0.0
1,1773698451909699936,0.093298952,93,93.298952,29.024161005509086,-0.050382718443870544,-0.05497587472200394,0.040769755840301514,-0.03008631058037281,-0.02664422243833542,0.004662159830331802,0.9946520594836318,-0.10327917495360062,0.000844426649018589,0.10327841611045607,0.9946520915633198,0.0008977666214992499,-0.0009326313116066596,-0.0008057543725365581,0.9999992404790825,-0.0006049323128536344,-0.00024086973280645907,0.0002560617867857218,-0.050382718443870544,-0.05497587472200394,0.040769755840301514,-0.03008631058037281,-0.02664422243833542,0.004662159830331802,0.9946520594836318,-0.10327917495360062,0.000844426649018589,0.10327841611045607,0.9946520915633198,0.0008977666214992499,-0.0009326313116066596,-0.0008057543725365581,0.9999992404790825,-0.0006049323128536344,-0.00024086973280645907,0.0002560617867857218,31.2087685897686,-0.8115582752924007,-0.03748425725854204,-0.001387855154281285,31.2087685897686,-0.8115582752924007,-0.03748425725854204,-0.001387855154281285,-0.04338938370347023,-0.041987061500549316,0.04278257489204407,0.0,0.0,0.0,0.9946324791709339,-0.1034692182327539,0.0005323084826376057,0.10346896374587633,0.9946325296758806,0.0004853325304418187,-0.0005796683434125972,-0.000427650087616388,0.9999997405499653,0.0,0.0,0.0
2,1773698451943708102,0.127307118,127,34.008166,28.778341991710477,-0.05070701241493225,-0.055257733911275864,0.040515169501304626,-0.0303141251206398,-0.026546455919742584,0.004478820133954287,0.9946518936499252,-0.10328217921401706,0.0008625337341794926,0.10328142762660386,0.9946519610008316,0.0008747761993788284,-0.0009482693797292756,-0.0007810141004265813,0.9999992454009115,-0.00016050673730205745,-0.0005164937465451658,-5.240266546024941e-06,-0.05070701241493225,-0.055257733911275864,0.040515169501304626,-0.0303141251206398,-0.026546455919742584,0.004478820133954287,0.9946518936499252,-0.10328217921401706,0.0008625337341794926,0.10328142762660386,0.9946519610008316,0.0008747761993788284,-0.0009482693797292756,-0.0007810141004265813,0.9999992454009115,-0.00016050673730205745,-0.0005164937465451658,-5.240266546024941e-06,31.96152038522695,-0.8211813614467696,-0.03433156000499485,0.0013654267728982208,31.96152038522695,-0.8211813614467696,-0.03433156000499485,0.0013654267728982208,-0.04338938370347023,-0.041987061500549316,0.04278257489204407,0.0,0.0,0.0,0.9946324791709339,-0.1034692182327539,0.0005323084826376057,0.10346896374587633,0.9946325296758806,0.0004853325304418187,-0.0005796683434125972,-0.000427650087616388,0.9999997405499653,0.0,0.0,0.0
3,1773698451978854312,0.162453328,162,35.14621,25.39975599211175,-0.05144532769918442,-0.055768027901649475,0.039900004863739014,-0.030881134793162346,-0.026161542162299156,0.003986623603850603,0.994647844076303,-0.10332060125813292,0.0008996374843412954,0.10331985855684245,0.9946479764609478,0.0008363416309464344,-0.000981233684879308,-0.0007389150035993662,0.9999992455923511,0.000969558663200587,-0.0011557805119082332,-7.106078555807471e-06,-0.05144532769918442,-0.055768027901649475,0.039900004863739014,-0.030881134793162346,-0.026161542162299156,0.003986623603850603,0.994647844076303,-0.10332060125813292,0.0008996374843412954,0.10331985855684245,0.9946479764609478,0.0008363416309464344,-0.000981233684879308,-0.0007389150035993662,0.9999992455923511,0.000969558663200587,-0.0011557805119082332,-7.106078555807471e-06,33.94632304413121,-0.8422262423248591,-0.02687661200300235,0.0014093126353391145,33.94632304413121,-0.8422262423248591,-0.02687661200300235,0.0014093126353391145,-0.04338938370347023,-0.041987061500549316,0.04278257489204407,0.0,0.0,0.0,0.9946324791709339,-0.1034692182327539,0.0005323084826376057,0.10346896374587633,0.9946325296758806,0.0004853325304418187,-0.0005796683434125972,-0.000427650087616388,0.9999997405499653,0.0,0.0,0.0
4,1773698452011825821,0.195424837,195,32.971509,19.490471997414716,-0.052160054445266724,-0.05617492273449898,0.03918132185935974,-0.0315195694565773,-0.025765376165509224,0.003451654454693198,0.9946456646938762,-0.10334078175503558,0.0009377086053332789,0.10334005376210764,0.994645865196703,0.0007942927115968251,-0.0010147706571418252,-0.0006931369659857051,0.9999992449006114,6.868542550364509e-05,0.0002403697435511276,0.00031340200803242624,-0.052160054445266724,-0.05617492273449898,0.03918132185935974,-0.0315195694565773,-0.025765376165509224,0.003451654454693198,0.9946456646938762,-0.10334078175503558,0.0009377086053332789,0.10334005376210764,0.994645865196703,0.0007942927115968251,-0.0010147706571418252,-0.0006931369659857051,0.9999992449006114,6.868542550364509e-05,0.0002403697435511276,0.00031340200803242624,35.94181940706564,-0.8365755930882387,-0.04409440883047974,-0.0019345939761570975,35.94181940706564,-0.8365755930882387,-0.04409440883047974,-0.0019345939761570975,-0.04338938370347023,-0.041987061500549316,0.04278257489204407,0.0,0.0,0.0,0.9946324791709339,-0.1034692182327539,0.0005323084826376057,0.10346896374587633,0.9946325296758806,0.0004853325304418187,-0.0005796683434125972,-0.000427650087616388,0.9999997405499653,0.0,0.0,0.0
5,1773698452034016370,0.217615386,217,22.190549,25.271824997616932,-0.05245409533381462,-0.05629679188132286,0.03892134130001068,-0.03167067468166351,-0.02556760050356388,0.0031680406536906958,0.9946440655080857,-0.10335494239120724,0.0009543077863377047,0.10335422533598404,0.9946442978186645,0.0007725234798254543,-0.0010290409407629764,-0.000669754149057733,0.9999992462517674,0.00011042726691812277,0.00013994677283335477,0.00021420285338535905,-0.05245409533381462,-0.05629679188132286,0.03892134130001068,-0.03167067468166351,-0.02556760050356388,0.0031680406536906958,0.9946440655080857,-0.10335494239120724,0.0009543077863377047,0.10335422533598404,0.9946442978186645,0.0007725234798254543,-0.0010290409407629764,-0.000669754149057733,0.9999992462517674,0.00011042726691812277,0.00013994677283335477,0.00021420285338535905,37.02333826199494,-0.8384535984271393,-0.04292546353564469,-0.0008865698840707918,37.02333826199494,-0.8384535984271393,-0.04292546353564469,-0.0008865698840707918,-0.04338938370347023,-0.041987061500549316,0.04278257489204407,0.0,0.0,0.0,0.9946324791709339,-0.1034692182327539,0.0005323084826376057,0.10346896374587633,0.9946325296758806,0.0004853325304418187,-0.0005796683434125972,-0.000427650087616388,0.9999997405499653,0.0,0.0,0.0
6,1773698452065294096,0.248893112,248,31.277726,27.410886992583983,-0.052994001656770706,-0.05650070682168007,0.03838042914867401,-0.03197474032640457,-0.025126347318291664,0.0027721624355763197,0.9946413711745214,-0.10338200674711229,0.000979716730210087,0.10338133201378952,0.9946416660149162,0.0007161241744993059,-0.0010485012299573208,-0.0006110023531328192,0.9999992636604621,-0.00032224750611931086,-0.0007509837159886956,0.0008972985669970512,-0.052994001656770706,-0.05650070682168007,0.03838042914867401,-0.03197474032640457,-0.025126347318291664,0.0027721624355763197,0.9946413711745214,-0.10338200674711229,0.000979716730210087,0.10338133201378952,0.9946416660149162,0.0007161241744993059,-0.0010485012299573208,-0.0006110023531328192,0.9999992636604621,-0.00032224750611931086,-0.0007509837159886956,0.0008972985669970512,38.51882608647199,-0.8354045913308464,-0.03214219614265606,-0.008041967436150241,38.51882608647199,-0.8354045913308464,-0.03214219614265606,-0.008041967436150241,-0.04338938370347023,-0.041987061500549316,0.04278257489204407,0.0,0.0,0.0,0.9946324791709339,-0.1034692182327539,0.0005323084826376057,0.10346896374587633,0.9946325296758806,0.0004853325304418187,-0.0005796683434125972,-0.000427650087616388,0.9999997405499653,0.0,0.0,0.0
7,1773698452101349904,0.28494892,284,36.055808,30.77843799837865,-0.05344105511903763,-0.056625377386808395,0.037841543555259705,-0.032296061515808105,-0.024663584306836128,0.00254702172242105,0.9946386832430276,-0.10340729501349744,0.0009941238509238726,0.10340666832707823,0.9946390245554371,0.0006625137514259093,-0.0010573030020527441,-0.0005561628031920118,0.9999992863964485,-0.00077320501441136,-0.0002825663541443646,0.0005891810869798064,-0.05344105511903763,-0.056625377386808395,0.037841543555259705,-0.032296061515808105,-0.024663584306836128,0.00254702172242105,0.9946386832430276,-0.10340729501349744,0.0009941238509238726,0.10340666832707823,0.9946390245554371,0.0006625137514259093,-0.0010573030020527441,-0.0005561628031920118,0.9999992863964485,-0.00077320501441136,-0.0002825663541443646,0.0005891810869798064,39.35557930522328,-0.8310100129896348,-0.037873178074178844,-0.004797357945163995,39.35557930522328,-0.8310100129896348,-0.037873178074178844,-0.004797357945163995,-0.04338938370347023,-0.041987061500549316,0.04278257489204407,0.0,0.0,0.0,0.9946324791709339,-0.1034692182327539,0.0005323084826376057,0.10346896374587633,0.9946325296758806,0.0004853325304418187,-0.0005796683434125972,-0.000427650087616388,0.9999997405499653,0.0,0.0,0.0
8,1773698452137959143,0.321558159,321,36.609239,32.00928099977318,-0.05385414883494377,-0.05671008676290512,0.03716844320297241,-0.03244803473353386,-0.024109231308102608,0.0019584810361266136,0.9946347922916077,-0.10344425236167876,0.0010113358437830611,0.10344370222549526,0.9946351933470352,0.0005820731578689998,-0.0010661222658530489,-0.00047433391643898586,0.999999319195126,0.001068519544787705,-0.0010004632640630007,-0.0005756761529482901,-0.05385414883494377,-0.05671008676290512,0.03716844320297241,-0.03244803473353386,-0.024109231308102608,0.0019584810361266136,0.9946347922916077,-0.10344425236167876,0.0010113358437830611,0.10344370222549526,0.9946351933470352,0.0005820731578689998,-0.0010661222658530489,-0.00047433391643898586,0.999999319195126,0.001068519544787705,-0.0010004632640630007,-0.0005756761529482901,41.69753990795283,-0.8540866660846107,-0.02918414909593342,0.0074392157032007675,41.69753990795283,-0.8540866660846107,-0.02918414909593342,0.0074392157032007675,-0.04338938370347023,-0.041987061500549316,0.04278257489204407,0.0,0.0,0.0,0.9946324791709339,-0.1034692182327539,0.0005323084826376057,0.10346896374587633,0.9946325296758806,0.0004853325304418187,-0.0005796683434125972,-0.000427650087616388,0.9999997405499653,0.0,0.0,0.0
9,1773698452173087296,0.356686312,356,35.128153,31.19977199821733,-0.054056961089372635,-0.056695226579904556,0.03671211004257202,-0.0324590764939785,-0.023606153205037117,0.0016365812625735998,0.9946338126610529,-0.10345483239709963,0.0010119162465458582,0.1034543424574077,0.9946342396927689,0.0005252302382319496,-0.0010608239029633176,-0.00041772471806001896,0.9999993500792446,-0.0011394545435905457,0.0005710196564905345,-0.00017034634947776794,-0.054056961089372635,-0.056695226579904556,0.03671211004257202,-0.0324590764939785,-0.023606153205037117,0.0016365812625735998,0.9946338126610529,-0.10345483239709963,0.0010119162465458582,0.1034543424574077,0.9946342396927689,0.0005252302382319496,-0.0010608239029633176,-0.00041772471806001896,0.9999993500792446,-0.0011394545435905457,0.0005710196564905345,-0.00017034634947776794,42.765280551537344,-0.826437824360257,-0.04827221620097868,0.0031871929634007885,42.765280551537344,-0.826437824360257,-0.04827221620097868,0.0031871929634007885,-0.04338938370347023,-0.041987061500549316,0.04278257489204407,0.0,0.0,0.0,0.9946324791709339,-0.1034692182327539,0.0005323084826376057,0.10346896374587633,0.9946325296758806,0.0004853325304418187,-0.0005796683434125972,-0.000427650087616388,0.9999997405499653,0.0,0.0,0.0
10,1773698452210777826,0.394376842,394,37.69053,29.558283989899792,-0.05419963225722313,-0.05649438500404358,0.03614389896392822,-0.03230343386530876,-0.022867925465106964,0.0011724102078005672,0.99463141289312,-0.1034761941401543,0.0010098552578455093,0.1034757944859741,0.9946318696150278,0.00044042791804573336,-0.0010500080346065137,-0.00033356786424067544,0.9999993931076168,0.0005966658354736865,7.312324305530638e-05,-0.0005883820122107863,-0.05419963225722313,-0.05649438500404358,0.03614389896392822,-0.03230343386530876,-0.022867925465106964,0.0011724102078005672,0.99463141289312,-0.1034761941401543,0.0010098552578455093,0.1034757944859741,0.9946318696150278,0.00044042791804573336,-0.0010500080346065137,-0.00033356786424067544,0.9999993931076168,0.0005966658354736865,7.312324305530638e-05,-0.0005883820122107863,44.60026799557107,-0.8439852691545239,-0.04207437933590566,0.007574626566304486,44.60026799557107,-0.8439852691545239,-0.04207437933590566,0.007574626566304486,-0.04338938370347023,-0.041987061500549316,0.04278257489204407,0.0,0.0,0.0,0.9946324791709339,-0.1034692182327539,0.0005323084826376057,0.10346896374587633,0.9946325296758806,0.0004853325304418187,-0.0005796683434125972,-0.000427650087616388,0.9999997405499653,0.0,0.0,0.0
11,1773698452248561050,0.432160066,432,37.783224,31.58593400439713,-0.05427856743335724,-0.05605996400117874,0.0355197936296463,-0.03204270079731941,-0.02176002226769924,0.0006323889247141778,0.9946285558841044,-0.10350534717299409,0.0009865881618560668,0.10350503037090131,0.9946290104237943,0.0003670707288627728,-0.0010192828054020608,-0.00026298228783339095,0.9999994459513599,0.00045500550186261535,0.0002590377989690751,-0.0003036012640222907,-0.05427856743335724,-0.05605996400117874,0.0355197936296463,-0.03204270079731941,-0.02176002226769924,0.0006323889247141778,0.9946285558841044,-0.10350534717299409,0.0009865881618560668,0.10350503037090131,0.9946290104237943,0.0003670707288627728,-0.0010192828054020608,-0.00026298228783339095,0.9999994459513599,0.00045500550186261535,0.0002590377989690751,-0.0003036012640222907,46.57451418603044,-0.834712574546753,-0.043969135600317955,0.004579826529701888,46.57451418603044,-0.834712574546753,-0.043969135600317955,0.004579826529701888,-0.04338938370347023,-0.041987061500549316,0.04278257489204407,0.0,0.0,0.0,0.9946324791709339,-0.1034692182327539,0.0005323084826376057,0.10346896374587633,0.9946325296758806,0.0004853325304418187,-0.0005796683434125972,-0.000427650087616388,0.9999997405499653,0.0,0.0,0.0
12,1773698452285636306,0.469235322,469,37.075256,29.76881699578371,-0.05435844883322716,-0.05557424947619438,0.035017430782318115,-0.031911853700876236,-0.020758766680955887,0.00019838285516016185,0.9946274057649213,-0.10351609429747977,0.0009662763401597219,0.1035158475997211,0.9946278549413513,0.0003020557269611049,-0.0009923528801387346,-0.0002004080562822419,0.9999994875360994,2.0612218577298336e-05,0.0007614626083523035,-5.918886017752811e-05,-0.05435844883322716,-0.05557424947619438,0.035017430782318115,-0.031911853700876236,-0.020758766680955887,0.00019838285516016185,0.9946274057649213,-0.10351609429747977,0.0009662763401597219,0.1035158475997211,0.9946278549413513,0.0003020557269611049,-0.0009923528801387346,-0.0002004080562822419,0.9999994875360994,2.0612218577298336e-05,0.0007614626083523035,-5.918886017752811e-05,48.12083715814672,-0.8208243002370851,-0.04965428011621759,0.002006477246191743,48.12083715814672,-0.8208243002370851,-0.04965428011621759,0.002006477246191743,-0.04338938370347023,-0.041987061500549316,0.04278257489204407,0.0,0.0,0.0,0.9946324791709339,-0.1034692182327539,0.0005323084826376057,0.10346896374587633,0.9946325296758806,0.0004853325304418187,-0.0005796683434125972,-0.000427650087616388,0.9999997405499653,0.0,0.0,0.0
13,1773698452323354570,0.506953586,506,37.718264,32.77165099279955,-0.05441625416278839,-0.05475830286741257,0.03449587523937225,-0.031511493027210236,-0.01930399239063263,-5.600634904112667e-05,0.9946244529622753,-0.10354347547824783,0.0009592955806749376,0.1035433341012757,0.994624910974958,0.00019602010860695143,-0.0009744358986284209,-9.563772030411755e-05,0.9999995206639324,0.00016175197379197925,-0.00041847198735922575,0.00025073863798752427,-0.05441625416278839,-0.05475830286741257,0.03449587523937225,-0.031511493027210236,-0.01930399239063263,-5.600634904112667e-05,0.9946244529622753,-0.10354347547824783,0.0009592955806749376,0.1035433341012757,0.994624910974958,0.00019602010860695143,-0.0009744358986284209,-9.563772030411755e-05,0.9999995206639324,0.00016175197379197925,-0.00041847198735922575,0.00025073863798752427,49.00504466950443,-0.8082379386106381,-0.03457106478678199,-0.001261205614641267,49.00504466950443,-0.8082379386106381,-0.03457106478678199,-0.001261205614641267,-0.04338938370347023,-0.041987061500549316,0.04278257489204407,0.0,0.0,0.0,0.9946324791709339,-0.1034692182327539,0.0005323084826376057,0.10346896374587633,0.9946325296758806,0.0004853325304418187,-0.0005796683434125972,-0.000427650087616388,0.9999997405499653,0.0,0.0,0.0
14,1773698452357831074,0.54143009,541,34.476504,33.603594012674876,-0.054415855556726456,-0.05398101359605789,0.03413686156272888,-0.03111782670021057,-0.01817944087088108,-0.0004599232051987201,0.9946230565878557,-0.10355741559203446,0.0009493686646669663,0.10355735378456887,0.9946235095577117,0.0001141637688256425,-0.0009560868667790878,-1.5235837245136663e-05,0.999999542832795,0.00037462892942130566,-0.0008023538393899798,0.00029088667361065745,-0.054415855556726456,-0.05398101359605789,0.03413686156272888,-0.03111782670021057,-0.01817944087088108,-0.0004599232051987201,0.9946230565878557,-0.10355741559203446,0.0009493686646669663,0.10355735378456887,0.9946235095577117,0.0001141637688256425,-0.0009560868667790878,-1.5235837245136663e-05,0.999999542832795,0.00037462892942130566,-0.0008023538393899798,0.00029088667361065745,50.443771541660325,-0.7971617816068026,-0.02922760970983756,-0.0016997230090945521,50.443771541660325,-0.7971617816068026,-0.02922760970983756,-0.0016997230090945521,-0.04338938370347023,-0.041987061500549316,0.04278257489204407,0.0,0.0,0.0,0.9946324791709339,-0.1034692182327539,0.0005323084826376057,0.10346896374587633,0.9946325296758806,0.0004853325304418187,-0.0005796683434125972,-0.000427650087616388,0.9999997405499653,0.0,0.0,0.0
15,1773698452399019383,0.582618399,582,41.188309,32.76228600589093,-0.05438338592648506,-0.053087230771780014,0.033795520663261414,-0.030749237164855003,-0.017032241448760033,-0.0006971862749196589,0.9946209418296246,-0.1035786318009495,0.0009578168623761256,0.10357864437626652,0.9946214010338668,3.6599916838367386e-05,-0.0009564559981833642,6.28062043406992e-05,0.9999995406236024,0.0006407314212992787,-0.00034938257886096835,-0.00024965687771327794,-0.05438338592648506,-0.053087230771780014,0.033795520663261414,-0.030749237164855003,-0.017032241448760033,-0.0006971862749196589,0.9946209418296246,-0.1035786318009495,0.0009578168623761256,0.10357864437626652,0.9946214010338668,3.6599916838367386e-05,-0.0009564559981833642,6.28062043406992e-05,0.9999995406236024,0.0006407314212992787,-0.00034938257886096835,-0.00024965687771327794,51.24062650331675,-0.7846867023144051,-0.033976841932003975,0.003953277840350594,51.24062650331675,-0.7846867023144051,-0.033976841932003975,0.003953277840350594,-0.04338938370347023,-0.041987061500549316,0.04278257489204407,0.0,0.0,0.0,0.9946324791709339,-0.1034692182327539,0.0005323084826376057,0.10346896374587633,0.9946325296758806,0.0004853325304418187,-0.0005796683434125972,-0.000427650087616388,0.9999997405499653,0.0,0.0,0.0
16,1773698452435727999,0.619327015,619,36.708616,26.117486995644867,-0.054305221885442734,-0.051845818758010864,0.033386051654815674,-0.03028223104774952,-0.015476172789931297,-0.0010195216163992882,0.9946173724224279,-0.10361346822365047,0.0009426391030424412,0.10361357417655115,0.9946178060055049,-6.413654947591899e-05,-0.0009309200860402565,0.00016146135441688983,0.9999995536589847,-0.0005363565287552774,2.5731504138093442e-05,-0.0014741234481334686,-0.054305221885442734,-0.051845818758010864,0.033386051654815674,-0.03028223104774952,-0.015476172789931297,-0.0010195216163992882,0.9946173724224279,-0.10361346822365047,0.0009426391030424412,0.10361357417655115,0.9946178060055049,-6.413654947591899e-05,-0.0009309200860402565,0.00016146135441688983,0.9999995536589847,-0.0005363565287552774,2.5731504138093442e-05,-0.0014741234481334686,52.22900666909307,-0.7485575802251521,-0.03744629714896215,0.01677703067468937,52.22900666909307,-0.7485575802251521,-0.03744629714896215,0.01677703067468937,-0.04338938370347023,-0.041987061500549316,0.04278257489204407,0.0,0.0,0.0,0.9946324791709339,-0.1034692182327539,0.0005323084826376057,0.10346896374587633,0.9946325296758806,0.0004853325304418187,-0.0005796683434125972,-0.000427650087616388,0.9999997405499653,0.0,0.0,0.0
17,1773698452464030280,0.647629296,647,28.302281,42.902179004158825,-0.05416800454258919,-0.051064927130937576,0.03314782679080963,-0.029868250712752342,-0.014441050589084625,-0.0011581545695662498,0.9946148727670069,-0.1036373505468644,0.0009339650823800283,0.10363750796471094,0.9946152874344515,-0.00012162676967033062,-0.0009163307582632403,0.00021776544185496405,0.9999995564580424,-0.0001565946004120633,-0.000283854897134006,0.0010281444992870092,-0.05416800454258919,-0.051064927130937576,0.03314782679080963,-0.029868250712752342,-0.014441050589084625,-0.0011581545695662498,0.9946148727670069,-0.1036373505468644,0.0009339650823800283,0.10363750796471094,0.9946152874344515,-0.00012162676967033062,-0.0009163307582632403,0.00021776544185496405,0.9999995564580424,-0.0001565946004120633,-0.000283854897134006,0.0010281444992870092,52.684479806949994,-0.7398989477936282,-0.033026710142714265,-0.009502678120424799,52.684479806949994,-0.7398989477936282,-0.033026710142714265,-0.009502678120424799,-0.04338938370347023,-0.041987061500549316,0.04278257489204407,0.0,0.0,0.0,0.9946324791709339,-0.1034692182327539,0.0005323084826376057,0.10346896374587633,0.9946325296758806,0.0004853325304418187,-0.0005796683434125972,-0.000427650087616388,0.9999997405499653,0.0,0.0,0.0
18,1773698452512007060,0.695606076,695,47.97678,39.08747599052731,-0.05383884906768799,-0.049732476472854614,0.032784104347229004,-0.029101205989718437,-0.012882187031209469,-0.00136358302552253,0.9946124832514002,-0.1036592665411793,0.0009135738137288733,0.10365951490114145,0.9946128506414752,-0.0002287046122065768,-0.0008849448819782633,0.00032217304144846817,0.9999995565384594,-7.719743007328361e-05,-0.0005460752872750163,0.00043290332541801035,-0.05383884906768799,-0.049732476472854614,0.032784104347229004,-0.029101205989718437,-0.012882187031209469,-0.00136358302552253,0.9946124832514002,-0.1036592665411793,0.0009135738137288733,0.10365951490114145,0.9946128506414752,-0.0002287046122065768,-0.0008849448819782633,0.00032217304144846817,0.9999995565384594,-7.719743007328361e-05,-0.0005460752872750163,0.00043290332541801035,53.309474269999214,-0.7183365344994138,-0.028742741251779155,-0.0032880374816662986,53.309474269999214,-0.7183365344994138,-0.028742741251779155,-0.0032880374816662986,-0.04338938370347023,-0.041987061500549316,0.04278257489204407,0.0,0.0,0.0,0.9946324791709339,-0.1034692182327539,0.0005323084826376057,0.10346896374587633,0.9946325296758806,0.0004853325304418187,-0.0005796683434125972,-0.000427650087616388,0.9999997405499653,0.0,0.0,0.0
19,1773698452555775275,0.739374291,739,43.768215,46.592654995038174,-0.05327408015727997,-0.04802848771214485,0.032261595129966736,-0.028045516461133957,-0.011003914289176464,-0.0017835007747635245,0.9946091664628781,-0.10369322436165085,0.000858644111592954,0.10369355348215747,0.9946094419128159,-0.0003479719112946811,-0.0008179331225829159,0.00043513166789500325,0.9999995708229081,9.450742072658613e-05,4.63818505522795e-05,0.0009213389130309224,-0.05327408015727997,-0.04802848771214485,0.032261595129966736,-0.028045516461133957,-0.011003914289176464,-0.0017835007747635245,0.9946091664628781,-0.10369322436165085,0.000858644111592954,0.10369355348215747,0.9946094419128159,-0.0003479719112946811,-0.0008179331225829159,0.00043513166789500325,0.9999995708229081,9.450742072658613e-05,4.63818505522795e-05,0.0009213389130309224,54.69673595104444,-0.6920482109357846,-0.03459976406740959,-0.008457155725243075,54.69673595104444,-0.6920482109357846,-0.03459976406740959,-0.008457155725243075,-0.04338938370347023,-0.041987061500549316,0.04278257489204407,0.0,0.0,0.0,0.9946324791709339,-0.1034692182327539,0.0005323084826376057,0.10346896374587633,0.9946325296758806,0.0004853325304418187,-0.0005796683434125972,-0.000427650087616388,0.9999997405499653,0.0,0.0,0.0
20,1773698452603945834,0.78754485,787,48.170559,44.837289009592496,-0.05232415348291397,-0.04633328318595886,0.031566694378852844,-0.026592889800667763,-0.009194867685437202,-0.0023924196138978004,0.9946069524644084,-0.1037139154567348,0.0008015622198951355,0.10371430519160207,0.9946071280362222,-0.00046087973682102865,-0.0007494398281364008,0.0005415275322440405,0.9999995725438869,-5.716283340007067e-06,-0.0001313250104431063,0.000700133154168725,-0.05232415348291397,-0.04633328318595886,0.031566694378852844,-0.026592889800667763,-0.009194867685437202,-0.0023924196138978004,0.9946069524644084,-0.1037139154567348,0.0008015622198951355,0.10371430519160207,0.9946071280362222,-0.00046087973682102865,-0.0007494398281364008,0.0005415275322440405,0.9999995725438869,-5.716283340007067e-06,-0.0001313250104431063,0.000700133154168725,56.79723910362231,-0.6639229815201638,-0.031172505084629553,-0.006180986026255569,56.79723910362231,-0.6639229815201638,-0.031172505084629553,-0.006180986026255569,-0.04338938370347023,-0.041987061500549316,0.04278257489204407,0.0,0.0,0.0,0.9946324791709339,-0.1034692182327539,0.0005323084826376057,0.10346896374587633,0.9946325296758806,0.0004853325304418187,-0.0005796683434125972,-0.000427650087616388,0.9999997405499653,0.0,0.0,0.0
21,1773698452656971841,0.840570857,840,53.026007,46.49479298677761,-0.050679780542850494,-0.044514186680316925,0.030430331826210022,-0.024202531203627586,-0.007458083797246218,-0.0031634829938411713,0.9946021971006572,-0.10375976977307788,0.0006775001337126301,0.10376017258277637,0.9946022113275789,-0.0005891647982301529,-0.000612711526496611,0.0006562820856555519,0.9999995969391379,0.0004026731476187706,0.00012004316522506997,-1.0103591193910688e-05,-0.050679780542850494,-0.044514186680316925,0.030430331826210022,-0.024202531203627586,-0.007458083797246218,-0.0031634829938411713,0.9946021971006572,-0.10375976977307788,0.0006775001337126301,0.10376017258277637,0.9946022113275789,-0.0005891647982301529,-0.000612711526496611,0.0006562820856555519,0.9999995969391379,0.0004026731476187706,0.00012004316522506997,-1.0103591193910688e-05,59.54626585377425,-0.6421328434120064,-0.0330681898013269,0.001219709184961421,59.54626585377425,-0.6421328434120064,-0.0330681898013269,0.001219709184961421,-0.04338938370347023,-0.041987061500549316,0.04278257489204407,0.0,0.0,0.0,0.9946324791709339,-0.1034692182327539,0.0005323084826376057,0.10346896374587633,0.9946325296758806,0.0004853325304418187,-0.0005796683434125972,-0.000427650087616388,0.9999997405499653,0.0,0.0,0.0
22,1773698452713808010,0.897407026,897,56.836169,42.66242199810222,-0.04879768565297127,-0.04307966306805611,0.02919381856918335,-0.021715357899665833,-0.006108605302870274,-0.004129940178245306,0.9945980938204798,-0.10379963683654947,0.0005159782826791824,0.10379998466248752,0.9945979447006777,-0.0007004666832379717,-0.00044048275201744556,0.0007502413662936087,0.9999996215563469,-0.00017175375251099467,-0.0001421586493961513,-0.0002321600477444008,-0.04879768565297127,-0.04307966306805611,0.02919381856918335,-0.021715357899665833,-0.006108605302870274,-0.004129940178245306,0.9945980938204798,-0.10379963683654947,0.0005159782826791824,0.10379998466248752,0.9945979447006777,-0.0007004666832379717,-0.00044048275201744556,0.0007502413662936087,0.9999996215563469,-0.00017175375251099467,-0.0001421586493961513,-0.0002321600477444008,63.03017674813417,-0.6160938114078813,-0.029098736092038783,0.003505241352335688,63.03017674813417,-0.6160938114078813,-0.029098736092038783,0.003505241352335688,-0.04338938370347023,-0.041987061500549316,0.04278257489204407,0.0,0.0,0.0,0.9946324791709339,-0.1034692182327539,0.0005323084826376057,0.10346896374587633,0.9946325296758806,0.0004853325304418187,-0.0005796683434125972,-0.000427650087616388,0.9999997405499653,0.0,0.0,0.0
23,1773698452765075060,0.948674076,948,51.26705,34.15568100172095,-0.046643394976854324,-0.04170168191194534,0.027898073196411133,-0.018829138949513435,-0.005007741507142782,-0.004873273894190788,0.9945914087991022,-0.10386469496956696,0.00034495611195195335,0.10386494524707057,0.9945911118079428,-0.0008110328606700697,-0.0002588526183128735,0.0008424751285659744,0.9999996116154257,-0.001233898103237152,0.000458470662124455,-7.378427108051255e-05,-0.046643394976854324,-0.04170168191194534,0.027898073196411133,-0.018829138949513435,-0.005007741507142782,-0.004873273894190788,0.9945914087991022,-0.10386469496956696,0.00034495611195195335,0.10386494524707057,0.9945911118079428,-0.0008110328606700697,-0.0002588526183128735,0.0008424751285659744,0.9999996116154257,-0.001233898103237152,0.000458470662124455,-7.378427108051255e-05,65.65917492700868,-0.5859004532662359,-0.03576481038628435,0.0017962529066480513,65.65917492700868,-0.5859004532662359,-0.03576481038628435,0.0017962529066480513,-0.04338938370347023,-0.041987061500549316,0.04278257489204407,0.0,0.0,0.0,0.9946324791709339,-0.1034692182327539,0.0005323084826376057,0.10346896374587633,0.9946325296758806,0.0004853325304418187,-0.0005796683434125972,-0.000427650087616388,0.9999997405499653,0.0,0.0,0.0
24,1773698452806299331,0.989898347,989,41.224271,44.491541004390456,-0.04468237981200218,-0.04056680202484131,0.02669656276702881,-0.016367679461836815,-0.004020098131150007,-0.005647141486406326,0.9945877890847125,-0.10390126028967361,0.00017415684931701425,0.10390137442238956,0.9945873991976758,-0.0008844021636190968,-8.132384387668501e-05,0.0008977105477799008,0.9999995937510884,-0.0007440547924488783,0.0013819419546052814,-0.00017438411305192858,-0.04468237981200218,-0.04056680202484131,0.02669656276702881,-0.016367679461836815,-0.004020098131150007,-0.005647141486406326,0.9945877890847125,-0.10390126028967361,0.00017415684931701425,0.10390137442238956,0.9945873991976758,-0.0008844021636190968,-8.132384387668501e-05,0.0008977105477799008,0.9999995937510884,-0.0007440547924488783,0.0013819419546052814,-0.00017438411305192858,68.5160210755831,-0.578484596864995,-0.04655020268344079,0.0028123102169533495,68.5160210755831,-0.578484596864995,-0.04655020268344079,0.0028123102169533495,-0.04338938370347023,-0.041987061500549316,0.04278257489204407,0.0,0.0,0.0,0.9946324791709339,-0.1034692182327539,0.0005323084826376057,0.10346896374587633,0.9946325296758806,0.0004853325304418187,-0.0005796683434125972,-0.000427650087616388,0.9999997405499653,0.0,0.0,0.0
25,1773698452854244843,1.037843859,1037,47.945512,46.75691599550191,-0.043048057705163956,-0.03970244154334068,0.025716617703437805,-0.014329425059258938,-0.0033026346936821938,-0.006344871129840612,0.9945831112572737,-0.10394456764329041,3.3770823567216834e-05,0.10394455269542902,0.9945826595290409,-0.0009501633040351377,6.51764201542969e-05,0.0009485266507142792,0.9999995480245195,-0.0001363064511679113,-0.0006122204940766096,0.00011302733764750883,-0.043048057705163956,-0.03970244154334068,0.025716617703437805,-0.014329425059258938,-0.0033026346936821938,-0.006344871129840612,0.9945831112572737,-0.10394456764329041,3.3770823567216834e-05,0.10394455269542902,0.9945826595290409,-0.0009501633040351377,6.51764201542969e-05,0.0009485266507142792,0.9999995480245195,-0.0001363064511679113,-0.0006122204940766096,0.00011302733764750883,71.6868582549041,-0.5762273628629522,-0.0219280198149785,-0.00023190465558068892,71.6868582549041,-0.5762273628629522,-0.0219280198149785,-0.00023190465558068892,-0.04338938370347023,-0.041987061500549316,0.05665757489204404,0.0,0.0,0.0,0.9946324791709339,-0.1034692182327539,0.0005323084826376057,0.10346896374587633,0.9946325296758806,0.0004853325304418187,-0.0005796683434125972,-0.000427650087616388,0.9999997405499653,0.0,0.0,0.0
26,1773698452908245881,1.091844897,1091,54.001038,33.43196200148668,-0.03961706906557083,-0.03802576661109924,0.02382601797580719,-0.010001345537602901,-0.00196372764185071,-0.007520240731537342,0.994575614192581,-0.1040161766707548,-0.00024900841347052713,0.10401585813437064,0.9945751114067352,-0.0010622559810484593,0.00035814932531086016,0.00103059304287954,0.9999994048033647,-0.00020649420912377536,-0.00012469119974412024,-0.0010176502401009202,-0.03961706906557083,-0.03802576661109924,0.02382601797580719,-0.010001345537602901,-0.00196372764185071,-0.007520240731537342,0.994575614192581,-0.1040161766707548,-0.00024900841347052713,0.10401585813437064,0.9945751114067352,-0.0010622559810484593,0.00035814932531086016,0.00103059304287954,0.9999994048033647,-0.00020649420912377536,-0.00012469119974412024,-0.0010176502401009202,76.71067190252802,-0.5573544457768431,-0.027314077038426764,0.011572099448869297,76.71067190252802,-0.5573544457768431,-0.027314077038426764,0.011572099448869297,-0.04338938370347023,-0.041987061500549316,0.07690757489204406,0.0,0.0,0.0,0.9946324791709339,-0.1034692182327539,0.0005323084826376057,0.10346896374587633,0.9946325296758806,0.0004853325304418187,-0.0005796683434125972,-0.000427650087616388,0.9999997405499653,0.0,0.0,0.0
27,1773698452946804402,1.130403418,1130,38.558521,44.99018800561316,-0.038370873779058456,-0.03741062432527542,0.023140206933021545,-0.008367530070245266,-0.0014790454879403114,-0.007922871969640255,0.9945723107463175,-0.10404728064213997,-0.0003501582517817306,0.10404683601520315,0.994571798667497,-0.0011107356139432728,0.00046382651353953086,0.0010682740148063793,0.9999993218275798,3.1972158467397094e-05,0.0004103677347302437,0.0008762429933995008,-0.038370873779058456,-0.03741062432527542,0.023140206933021545,-0.008367530070245266,-0.0014790454879403114,-0.007922871969640255,0.9945723107463175,-0.10404728064213997,-0.0003501582517817306,0.10404683601520315,0.994571798667497,-0.0011107356139432728,0.00046382651353953086,0.0010682740148063793,0.9999993218275798,3.1972158467397094e-05,0.0004103677347302437,0.0008762429933995008,78.70946467010877,-0.5535917767290586,-0.03364296092132327,-0.008328508710548762,78.70946467010877,-0.5535917767290586,-0.03364296092132327,-0.008328508710548762,-0.04338938370347023,-0.041987061500549316,0.09153257489204411,0.0,0.0,0.0,0.9946324791709339,-0.1034692182327539,0.0005323084826376057,0.10346896374587633,0.9946325296758806,0.0004853325304418187,-0.0005796683434125972,-0.000427650087616388,0.9999997405499653,0.0,0.0,0.0
28,1773698452994017776,1.177616792,1177,47.213374,39.4085419975454,-0.036468129605054855,-0.03632118180394173,0.02219170331954956,-0.006079458631575108,-0.0006296610808931291,-0.008555752225220203,0.9945682751467919,-0.1040858624187988,-0.0004776555706345331,0.10408524965715471,0.9945677705651954,-0.0011659311626595198,0.0005964176677817068,0.0011098812034522482,0.9999992062245784,-9.155370207736269e-05,0.0010169774759560823,-0.00022593192989006639,-0.036468129605054855,-0.03632118180394173,0.02219170331954956,-0.006079458631575108,-0.0006296610808931291,-0.008555752225220203,0.9945682751467919,-0.1040858624187988,-0.0004776555706345331,0.10408524965715471,0.9945677705651954,-0.0011659311626595198,0.0005964176677817068,0.0011098812034522482,0.9999992062245784,-9.155370207736269e-05,0.0010169774759560823,-0.00022593192989006639,79.99665916063438,-0.5391825875580645,-0.04056817942154924,0.0032006576050262908,79.99665916063438,-0.5391825875580645,-0.04056817942154924,0.0032006576050262908,-0.04338938370347023,-0.041987061500549316,0.10915757489204408,0.0,0.0,0.0,0.9946324791709339,-0.1034692182327539,0.0005323084826376057,0.10346896374587633,0.9946325296758806,0.0004853325304418187,-0.0005796683434125972,-0.000427650087616388,0.9999997405499653,0.0,0.0,0.0
29,1773698453038538225,1.222137241,1222,44.520449,27.174174989340827,-0.03465476632118225,-0.03512922674417496,0.021454229950904846,-0.0037781421560794115,0.00034235604107379913,-0.008857054635882378,0.9945633428021335,-0.10413172772692181,-0.0006042131665302524,0.10413093179261845,0.9945628541184607,-0.001225924313823198,0.0007285855664536881,0.0011563420973858696,0.9999990660175874,-0.00021625691442750394,0.0011428473517298698,0.0011030609020963311,-0.03465476632118225,-0.03512922674417496,0.021454229950904846,-0.0037781421560794115,0.00034235604107379913,-0.008857054635882378,0.9945633428021335,-0.10413172772692181,-0.0006042131665302524,0.10413093179261845,0.9945628541184607,-0.001225924313823198,0.0007285855664536881,0.0011563420973858696,0.9999990660175874,-0.00021625691442750394,0.0011428473517298698,0.0011030609020963311,79.99761419826214,-0.522618435064894,-0.04152234148130148,-0.01078860164771945,79.99761419826214,-0.522618435064894,-0.04152234148130148,-0.01078860164771945,-0.04338938370347023,-0.041987061500549316,0.12603257489204406,0.0,0.0,0.0,0.9946324791709339,-0.1034692182327539,0.0005323084826376057,0.10346896374587633,0.9946325296758806,0.0004853325304418187,-0.0005796683434125972,-0.000427650087616388,0.9999997405499653,0.0,0.0,0.0
