step,timestamp_ns,experiment_time_s,reference_index,tick_dt_ms,solver_ms,px4_collective_command_newton,px4_collective_normalized,px4_thrust_body_z,state_raw_0,state_raw_1,state_raw_2,state_raw_3,state_raw_4,state_raw_5,state_raw_6,state_raw_7,state_raw_8,state_raw_9,state_raw_10,state_raw_11,state_raw_12,state_raw_13,state_raw_14,state_raw_15,state_raw_16,state_raw_17,state_used_0,state_used_1,state_used_2,state_used_3,state_used_4,state_used_5,state_used_6,state_used_7,state_used_8,state_used_9,state_used_10,state_used_11,state_used_12,state_used_13,state_used_14,state_used_15,state_used_16,state_used_17,control_raw_0,control_raw_1,control_raw_2,control_raw_3,control_used_0,control_used_1,control_used_2,control_used_3,reference_0,reference_1,reference_2,reference_3,reference_4,reference_5,reference_6,reference_7,reference_8,reference_9,reference_10,reference_11,reference_12,reference_13,reference_14,reference_15,reference_16,reference_17
0,1774127244234451580,0.0,0,0.0,31.555367982946336,79.99970969755029,0.9999963712193786,-0.9999963712193786,0.04632871598005295,-0.046818509697914124,-0.01788879930973053,0.018997207283973694,-0.018232224509119987,-0.021693894639611244,0.9943975263651648,-0.10569978260958801,-0.0011704112287786485,0.1057015550695275,0.9943967824774493,0.0015730868077411982,0.0009975782926616543,-0.0016879875885653893,0.9999980777660991,0.0003200044739060104,0.0005365228280425072,0.00010163967090193182,0.04632871598005295,-0.046818509697914124,-0.01788879930973053,0.018997207283973694,-0.018232224509119987,-0.021693894639611244,0.9943975263651648,-0.10569978260958801,-0.0011704112287786485,0.1057015550695275,0.9943967824774493,0.0015730868077411982,0.0009975782926616543,-0.0016879875885653893,0.9999980777660991,0.0003200044739060104,0.0005365228280425072,0.00010163967090193182,79.99970969755029,-0.0008490036427880606,0.0018580139158423114,-2.8126463629924418e-05,79.99970969755029,-0.0008490036427880606,0.0018580139158423114,-2.8126463629924418e-05,0.04866805672645569,-0.038729239255189896,-0.02119019627571106,0.0,0.0,0.0,0.9944165604933423,-0.10551890453080626,-0.001298382727373316,0.10552063063693251,0.9944163200376218,0.0013415467416340362,0.0011495744503712633,-0.001471062184200205,0.999998257225972,0.0,0.0,0.0
1,1774127244267023555,0.032571975,32,32.571975,82.9682259936817,79.99970969755029,0.9999963712193786,-0.9999963712193786,0.04632871598005295,-0.046818509697914124,-0.01788879930973053,0.018997207283973694,-0.018232224509119987,-0.021693894639611244,0.9943975263651648,-0.10569978260958801,-0.0011704112287786485,0.1057015550695275,0.9943967824774493,0.0015730868077411982,0.0009975782926616543,-0.0016879875885653893,0.9999980777660991,0.0003200044739060104,0.0005365228280425072,0.00010163967090193182,0.04632871598005295,-0.046818509697914124,-0.01788879930973053,0.018997207283973694,-0.018232224509119987,-0.021693894639611244,0.9943975263651648,-0.10569978260958801,-0.0011704112287786485,0.1057015550695275,0.9943967824774493,0.0015730868077411982,0.0009975782926616543,-0.0016879875885653893,0.9999980777660991,0.0003200044739060104,0.0005365228280425072,0.00010163967090193182,79.99970969755029,-0.0008490036427880606,0.0018580139158423114,-2.8126463629924418e-05,79.99970969755029,-0.0008490036427880606,0.0018580139158423114,-2.8126463629924418e-05,0.04866805672645569,-0.038729239255189896,-0.02119019627571106,0.0,0.0,0.0,0.9944165604933423,-0.10551890453080626,-0.001298382727373316,0.10552063063693251,0.9944163200376218,0.0013415467416340362,0.0011495744503712633,-0.001471062184200205,0.999998257225972,0.0,0.0,0.0
2,1774127244352686136,0.118234556,118,85.662581,28.605339990463108,79.9997107616822,0.9999963845210275,-0.9999963845210275,0.046101026237010956,-0.04712240770459175,-0.017635881900787354,0.018665986135601997,-0.018416186794638634,-0.021546058356761932,0.9943985258632944,-0.10569038479472903,-0.0011771183372652969,0.10569216641671653,0.9943977923498528,0.001570927448343161,0.0010044920188995374,-0.001686539774761124,0.9999980732880663,2.8006586944684386e-05,0.000629800371825695,0.00042806367855519056,0.046101026237010956,-0.04712240770459175,-0.017635881900787354,0.018665986135601997,-0.018416186794638634,-0.021546058356761932,0.9943985258632944,-0.10569038479472903,-0.0011771183372652969,0.10569216641671653,0.9943977923498528,0.001570927448343161,0.0010044920188995374,-0.001686539774761124,0.9999980732880663,2.8006586944684386e-05,0.000629800371825695,0.00042806367855519056,79.9997107616822,-0.0006008734329562483,0.0017729967335192818,-0.00014511318310076113,79.9997107616822,-0.0006008734329562483,0.0017729967335192818,-0.00014511318310076113,0.04866805672645569,-0.038729239255189896,-0.02119019627571106,0.0,0.0,0.0,0.9944165604933423,-0.10551890453080626,-0.001298382727373316,0.10552063063693251,0.9944163200376218,0.0013415467416340362,0.0011495744503712633,-0.001471062184200205,0.999998257225972,0.0,0.0,0.0
3,1774127244385676701,0.151225121,151,32.990565,23.041644017212093,79.9997147959165,0.9999964349489563,-0.9999964349489563,0.045764461159706116,-0.04746812954545021,-0.01726970076560974,0.018296120688319206,-0.01865277625620365,-0.021181786432862282,0.9944002574347219,-0.10567390538944021,-0.0011598146694975359,0.10567566599678413,0.9943994927874205,0.0015791760912725744,0.0009864414655264414,-0.0016928970523687054,0.9999980805147265,0.0009161405032500625,0.00019622285617515445,0.0005857577780261636,0.045764461159706116,-0.04746812954545021,-0.01726970076560974,0.018296120688319206,-0.01865277625620365,-0.021181786432862282,0.9944002574347219,-0.10567390538944021,-0.0011598146694975359,0.10567566599678413,0.9943994927874205,0.0015791760912725744,0.0009864414655264414,-0.0016928970523687054,0.9999980805147265,0.0009161405032500625,0.00019622285617515445,0.0005857577780261636,79.9997147959165,-0.0013765893844277484,0.0021630409251869546,-0.0002015633275490916,79.9997147959165,-0.0013765893844277484,0.0021630409251869546,-0.0002015633275490916,0.04866805672645569,-0.038729239255189896,-0.02119019627571106,0.0,0.0,0.0,0.9944165604933423,-0.10551890453080626,-0.001298382727373316,0.10552063063693251,0.9944163200376218,0.0013415467416340362,0.0011495744503712633,-0.001471062184200205,0.999998257225972,0.0,0.0,0.0
4,1774127244414766493,0.180314913,180,29.089792,17.978661984670907,79.99971777199649,0.9999964721499561,-0.9999964721499561,0.04546745866537094,-0.047640636563301086,-0.016955211758613586,0.01797138713300228,-0.01860552839934826,-0.020975980907678604,0.9943997131722054,-0.1056795823857195,-0.0011413419149626514,0.10568130952025068,0.9943989343264351,0.0015768895023535665,0.000968304233166066,-0.0016886766361610406,0.9999981053774987,0.0007449660915881395,4.413139322423376e-05,0.0005009521264582872,0.04546745866537094,-0.047640636563301086,-0.016955211758613586,0.01797138713300228,-0.01860552839934826,-0.020975980907678604,0.9943997131722054,-0.1056795823857195,-0.0011413419149626514,0.10568130952025068,0.9943989343264351,0.0015768895023535665,0.000968304233166066,-0.0016886766361610406,0.9999981053774987,0.0007449660915881395,4.413139322423376e-05,0.0005009521264582872,79.99971777199649,-0.001227128720804239,0.0022898755879930135,-0.00017126539652748504,79.99971777199649,-0.001227128720804239,0.0022898755879930135,-0.00017126539652748504,0.04866805672645569,-0.038729239255189896,-0.02119019627571106,0.0,0.0,0.0,0.9944165604933423,-0.10551890453080626,-0.001298382727373316,0.10552063063693251,0.9944163200376218,0.0013415467416340362,0.0011495744503712633,-0.001471062184200205,0.999998257225972,0.0,0.0,0.0
5,1774127244437111745,0.202660165,202,22.345252,16.20272602303885,79.99972591446729,0.9999965739308412,-0.9999965739308412,0.045030344277620316,-0.04775620251893997,-0.016478776931762695,0.017536653205752373,-0.018439512699842453,-0.020537231117486954,0.9943974985232141,-0.10570031897813226,-0.0011171412489893139,0.10570197106870616,0.9943967567848792,0.001540751136182402,0.0009480237993669573,-0.0016502028692480832,0.9999981890391993,-0.00043032504618167877,6.365364242810756e-06,-0.0006227975245565176,0.045030344277620316,-0.04775620251893997,-0.016478776931762695,0.017536653205752373,-0.018439512699842453,-0.020537231117486954,0.9943974985232141,-0.10570031897813226,-0.0011171412489893139,0.10570197106870616,0.9943967567848792,0.001540751136182402,0.0009480237993669573,-0.0016502028692480832,0.9999981890391993,-0.00043032504618167877,6.365364242810756e-06,-0.0006227975245565176,79.99972591446729,-0.00019950464261940103,0.002297186708336517,0.0002313235829614788,79.99972591446729,-0.00019950464261940103,0.002297186708336517,0.0002313235829614788,0.04866805672645569,-0.038729239255189896,-0.02119019627571106,0.0,0.0,0.0,0.9944165604933423,-0.10551890453080626,-0.001298382727373316,0.10552063063693251,0.9944163200376218,0.0013415467416340362,0.0011495744503712633,-0.001471062184200205,0.999998257225972,0.0,0.0,0.0
6,1774127244458043830,0.22359225,223,20.932085,16.38643999467604,79.99972870043143,0.9999966087553929,-0.9999966087553929,0.04491707310080528,-0.04776850342750549,-0.01635494828224182,0.01739703118801117,-0.01835710182785988,-0.02041039429605007,0.9943971675993764,-0.10570333267045595,-0.0011093837258315947,0.10570496552403186,0.9943964297941337,0.0015339087400703805,0.0009410279912057534,-0.0016425816855704795,0.999998208194381,0.00048417935613542795,0.0008840017835609615,-2.481434785295278e-05,0.04491707310080528,-0.04776850342750549,-0.01635494828224182,0.01739703118801117,-0.01835710182785988,-0.02041039429605007,0.9943971675993764,-0.10570333267045595,-0.0011093837258315947,0.10570496552403186,0.9943964297941337,0.0015339087400703805,0.0009410279912057534,-0.0016425816855704795,0.999998208194381,0.00048417935613542795,0.0008840017835609615,-2.481434785295278e-05,79.99972870043143,-0.0010183531114845224,0.0015699494904460947,1.6767158962139076e-05,79.99972870043143,-0.0010183531114845224,0.0015699494904460947,1.6767158962139076e-05,0.04866805672645569,-0.038729239255189896,-0.02119019627571106,0.0,0.0,0.0,0.9944165604933423,-0.10551890453080626,-0.001298382727373316,0.10552063063693251,0.9944163200376218,0.0013415467416340362,0.0011495744503712633,-0.001471062184200205,0.999998257225972,0.0,0.0,0.0
7,1774127244479906537,0.245454957,245,21.862707,14.496602991130203,79.99973732064589,0.9999967165080736,-0.9999967165080736,0.04457402229309082,-0.0477842316031456,-0.01600024104118347,0.016921892762184143,-0.018266523256897926,-0.020069075748324394,0.9943962007922842,-0.10571184254413168,-0.0010772172561966942,0.1057133984633829,0.9943954763430547,0.0015073867962949183,0.000911831319680867,-0.0016128160512411949,0.9999982836925093,0.0008972956566140056,-0.0011764127993956208,0.00020718580344691873,0.04457402229309082,-0.0477842316031456,-0.01600024104118347,0.016921892762184143,-0.018266523256897926,-0.020069075748324394,0.9943962007922842,-0.10571184254413168,-0.0010772172561966942,0.1057133984633829,0.9943954763430547,0.0015073867962949183,0.000911831319680867,-0.0016128160512411949,0.9999982836925093,0.0008972956566140056,-0.0011764127993956208,0.00020718580344691873,79.99973732064589,-0.00133909174097617,0.0033362640463322555,-6.605343949803057e-05,79.99973732064589,-0.00133909174097617,0.0033362640463322555,-6.605343949803057e-05,0.04866805672645569,-0.038729239255189896,-0.02119019627571106,0.0,0.0,0.0,0.9944165604933423,-0.10551890453080626,-0.001298382727373316,0.10552063063693251,0.9944163200376218,0.0013415467416340362,0.0011495744503712633,-0.001471062184200205,0.999998257225972,0.0,0.0,0.0
8,1774127244498756269,0.264304689,264,18.849732,16.402960987761617,51.98233252713851,0.6497791565892314,-0.6497791565892314,0.04432971403002739,-0.047764625400304794,-0.01570005714893341,0.016626477241516113,-0.018193352967500687,-0.004721544217318296,0.9943962032008546,-0.10571343765452945,-0.0010588267406332272,0.10571494805208292,0.9943954905862806,0.0014896360133950133,0.0008954180624873957,-0.0015932218968036718,0.9999983299340429,-0.0004689134075306356,0.0018162780907005072,-0.0003545776125974953,0.04432971403002739,-0.047764625400304794,-0.01570005714893341,0.016626477241516113,-0.018193352967500687,-0.004721544217318296,0.9943962032008546,-0.10571343765452945,-0.0010588267406332272,0.10571494805208292,0.9943954905862806,0.0014896360133950133,0.0008954180624873957,-0.0015932218968036718,0.9999983299340429,-0.0004689134075306356,0.0018162780907005072,-0.0003545776125974953,51.98233252713851,-0.0002022172531937419,0.0007559402315087001,0.00013426588648908985,51.98233252713851,-0.0002022172531937419,0.0007559402315087001,0.00013426588648908985,0.04866805672645569,-0.038729239255189896,-0.02119019627571106,0.0,0.0,0.0,0.9944165604933423,-0.10551890453080626,-0.001298382727373316,0.10552063063693251,0.9944163200376218,0.0013415467416340362,0.0011495744503712633,-0.001471062184200205,0.999998257225972,0.0,0.0,0.0
9,1774127244520184091,0.285732511,285,21.427822,25.685547007014975,0.0,0.0,-0.0,0.04406387731432915,-0.047717250883579254,-0.014889582991600037,0.016362546011805534,-0.0181974396109581,0.04535023123025894,0.9943953258708856,-0.1057208584117979,-0.0011090670809679095,0.10572240540057698,0.9943947319378853,0.0014436543046090194,0.0009502261336438184,-0.0015528160986553272,0.9999983429150018,-0.0020440639927983284,0.006512580439448357,-0.00012084648915333673,0.04406387731432915,-0.047717250883579254,-0.014889582991600037,0.016362546011805534,-0.0181974396109581,0.04535023123025894,0.9943953258708856,-0.1057208584117979,-0.0011090670809679095,0.10572240540057698,0.9943947319378853,0.0014436543046090194,0.0009502261336438184,-0.0015528160986553272,0.9999983429150018,-0.0020440639927983284,0.006512580439448357,-0.00012084648915333673,-5.299368763679146e-05,0.0010845839174034547,-0.003280595553117628,4.962601761732749e-05,-5.299368763679146e-05,0.0010845839174034547,-0.003280595553117628,4.962601761732749e-05,0.04866805672645569,-0.038729239255189896,-0.02119019627571106,0.0,0.0,0.0,0.9944165604933423,-0.10551890453080626,-0.001298382727373316,0.10552063063693251,0.9944163200376218,0.0013415467416340362,0.0011495744503712633,-0.001471062184200205,0.999998257225972,0.0,0.0,0.0
10,1774127244547269397,0.312817817,312,27.085306,33.4809820051305,2.362257373543565e-05,2.9528217169294566e-07,-2.9528217169294566e-07,0.04332013800740242,-0.04747198522090912,-0.008571431040763855,0.01582910120487213,-0.017700079828500748,0.20510701835155487,0.9943925262734263,-0.10574155305966215,-0.0015641589921695847,0.10574351876786348,0.9943927839317757,0.0012322534891594777,0.0014250879979371706,-0.0013907430432923635,0.9999980174772239,-0.0067075323313474655,0.018694985657930374,-0.0005145207396708429,0.04332013800740242,-0.04747198522090912,-0.008571431040763855,0.01582910120487213,-0.017700079828500748,0.20510701835155487,0.9943925262734263,-0.10574155305966215,-0.0015641589921695847,0.10574351876786348,0.9943927839317757,0.0012322534891594777,0.0014250879979371706,-0.0013907430432923635,0.9999980174772239,-0.0067075323313474655,0.018694985657930374,-0.0005145207396708429,2.362257373543565e-05,0.004929004804033303,-0.013766060498372434,0.00019147567798877805,2.362257373543565e-05,0.004929004804033303,-0.013766060498372434,0.00019147567798877805,0.04866805672645569,-0.038729239255189896,-0.02119019627571106,0.0,0.0,0.0,0.9944165604933423,-0.10551890453080626,-0.001298382727373316,0.10552063063693251,0.9944163200376218,0.0013415467416340362,0.0011495744503712633,-0.001471062184200205,0.999998257225972,0.0,0.0,0.0
11,1774127244587306369,0.352854789,352,40.036972,25.67452599760145,6.254589906704952e-05,7.81823738338119e-07,-7.81823738338119e-07,0.042522452771663666,-0.047092508524656296,0.004756852984428406,0.015565944835543633,-0.016960103064775467,0.37079864740371704,0.9943898208423553,-0.1057479813307538,-0.00250746268011684,0.10575027060322517,0.9943924183532312,0.0007983160716094201,0.002408981537175267,-0.0010590021699304064,0.9999965376552455,-0.01110253855586052,0.03138063848018646,0.0009718600194901228,0.042522452771663666,-0.047092508524656296,0.004756852984428406,0.015565944835543633,-0.016960103064775467,0.37079864740371704,0.9943898208423553,-0.1057479813307538,-0.00250746268011684,0.10575027060322517,0.9943924183532312,0.0007983160716094201,0.002408981537175267,-0.0010590021699304064,0.9999965376552455,-0.01110253855586052,0.03138063848018646,0.0009718600194901228,6.254589906704952e-05,0.008531253250412681,-0.02467562716209896,-0.0003361524504258017,6.254589906704952e-05,0.008531253250412681,-0.02467562716209896,-0.0003361524504258017,0.04866805672645569,-0.038729239255189896,-0.02119019627571106,0.0,0.0,0.0,0.9944165604933423,-0.10551890453080626,-0.001298382727373316,0.10552063063693251,0.9944163200376218,0.0013415467416340362,0.0011495744503712633,-0.001471062184200205,0.999998257225972,0.0,0.0,0.0
12,1774127244622077963,0.387626383,387,34.771594,27.164905972313136,8.263902014221027e-05,1.0329877517776284e-06,-1.0329877517776284e-06,0.04204040393233299,-0.046828508377075195,0.016531407833099365,0.015707261860370636,-0.016385214403271675,0.47100216150283813,0.9943852345080761,-0.10576866147498576,-0.0033127841418871956,0.10577071850960595,0.994390431433015,0.00045152745992931703,0.003246443423709895,-0.0007993878373232094,0.999994410776418,-0.014019425958395004,0.03832779452204704,0.0005405579577200115,0.04204040393233299,-0.046828508377075195,0.016531407833099365,0.015707261860370636,-0.016385214403271675,0.47100216150283813,0.9943852345080761,-0.10576866147498576,-0.0033127841418871956,0.10577071850960595,0.994390431433015,0.00045152745992931703,0.003246443423709895,-0.0007993878373232094,0.999994410776418,-0.014019425958395004,0.03832779452204704,0.0005405579577200115,8.263902014221027e-05,0.010951761273584288,-0.030662442402931245,-0.000176220681025949,8.263902014221027e-05,0.010951761273584288,-0.030662442402931245,-0.000176220681025949,0.04866805672645569,-0.038729239255189896,-0.02119019627571106,0.0,0.0,0.0,0.9944165604933423,-0.10551890453080626,-0.001298382727373316,0.10552063063693251,0.9944163200376218,0.0013415467416340362,0.0011495744503712633,-0.001471062184200205,0.999998257225972,0.0,0.0,0.0
13,1774127244652833718,0.418382138,418,30.755755,26.65401899139397,9.400698933860501e-05,1.1750873667325627e-06,-1.1750873667325627e-06,0.04141130670905113,-0.04645642638206482,0.03625886142253876,0.01611649990081787,-0.015463119372725487,0.5392587780952454,0.9943768607201882,-0.10579721766072292,-0.00467119695699926,0.10579783728189396,0.9943877598273396,-0.00011495066783022423,0.0046571420801231195,-0.00037989776606379977,0.9999890832941281,-0.017930394038558006,0.047827038913965225,-0.00036220785113982856,0.04141130670905113,-0.04645642638206482,0.03625886142253876,0.01611649990081787,-0.015463119372725487,0.5392587780952454,0.9943768607201882,-0.10579721766072292,-0.00467119695699926,0.10579783728189396,0.9943877598273396,-0.00011495066783022423,0.0046571420801231195,-0.00037989776606379977,0.9999890832941281,-0.017930394038558006,0.047827038913965225,-0.00036220785113982856,9.400698933860501e-05,0.014194228107024837,-0.0388477172393241,0.0001568102501670398,9.400698933860501e-05,0.014194228107024837,-0.0388477172393241,0.0001568102501670398,0.04866805672645569,-0.038729239255189896,-0.02119019627571106,0.0,0.0,0.0,0.9944165604933423,-0.10551890453080626,-0.001298382727373316,0.10552063063693251,0.9944163200376218,0.0013415467416340362,0.0011495744503712633,-0.001471062184200205,0.999998257225972,0.0,0.0,0.0
14,1774127244680668448,0.446216868,446,27.83473,40.63996998593211,8.26927204742859e-05,1.0336590059285738e-06,-1.0336590059285738e-06,0.0409308485686779,-0.04614758491516113,0.05164124071598053,0.01616380549967289,-0.014686239883303642,0.4654684066772461,0.9943691004562762,-0.10581355797662506,-0.005820416905903458,0.10581213647878918,0.9943861326337131,-0.0005524907588199401,0.005846202019000407,-6.64902259266964e-05,0.9999829086067176,-0.016972659155726433,0.05113862082362175,0.00031397445127367973,0.0409308485686779,-0.04614758491516113,0.05164124071598053,0.01616380549967289,-0.014686239883303642,0.4654684066772461,0.9943691004562762,-0.10581355797662506,-0.005820416905903458,0.10581213647878918,0.9943861326337131,-0.0005524907588199401,0.005846202019000407,-6.64902259266964e-05,0.9999829086067176,-0.016972659155726433,0.05113862082362175,0.00031397445127367973,8.26927204742859e-05,0.013294911494653488,-0.041651106822213,-7.536893055812458e-05,8.26927204742859e-05,0.013294911494653488,-0.041651106822213,-7.536893055812458e-05,0.04866805672645569,-0.038729239255189896,-0.02119019627571106,0.0,0.0,0.0,0.9944165604933423,-0.10551890453080626,-0.001298382727373316,0.10552063063693251,0.9944163200376218,0.0013415467416340362,0.0011495744503712633,-0.001471062184200205,0.999998257225972,0.0,0.0,0.0
15,1774127244725769503,0.491317923,491,45.101055,27.12998798233457,0.0014858654168039436,1.8573317710049295e-05,-1.8573317710049295e-05,0.0398811399936676,-0.04537530988454819,0.0723639577627182,0.014885298907756805,-0.012935493141412735,0.06528820097446442,0.9943463860105435,-0.10587030019225385,-0.008184485978821349,0.10586185739080212,0.9943798969714142,-0.001459209652009269,0.008292974222802146,0.0005845357867396983,0.99996544185487,-0.017053809016942978,0.051904723048210144,-0.0005952032515779138,0.0398811399936676,-0.04537530988454819,0.0723639577627182,0.014885298907756805,-0.012935493141412735,0.06528820097446442,0.9943463860105435,-0.10587030019225385,-0.008184485978821349,0.10586185739080212,0.9943798969714142,-0.001459209652009269,0.008292974222802146,0.0005845357867396983,0.99996544185487,-0.017053809016942978,0.051904723048210144,-0.0005952032515779138,0.0014858654168039436,0.013367411465010257,-0.042308547760696195,0.000271456202399269,0.0014858654168039436,0.013367411465010257,-0.042308547760696195,0.000271456202399269,0.04866805672645569,-0.038729239255189896,-0.02119019627571106,0.0,0.0,0.0,0.9944165604933423,-0.10551890453080626,-0.001298382727373316,0.10552063063693251,0.9944163200376218,0.0013415467416340362,0.0011495744503712633,-0.001471062184200205,0.999998257225972,0.0,0.0,0.0
16,1774127244754463263,0.520011683,520,28.69376,12.177048018202186,80.0,1.0,-1.0,0.03935752436518669,-0.04494524002075195,0.07484306395053864,0.014102349989116192,-0.01194656454026699,-0.15621952712535858,0.9943332523423551,-0.1058952538351321,-0.009369883814261848,0.10588177930148945,0.9943769723543623,-0.0019240275240670623,0.009520940962742253,0.0009210254014468955,0.9999542506556681,-0.017904259264469147,0.05062847211956978,-0.0002046785957645625,0.03935752436518669,-0.04494524002075195,0.07484306395053864,0.014102349989116192,-0.01194656454026699,-0.15621952712535858,0.9943332523423551,-0.1058952538351321,-0.009369883814261848,0.10588177930148945,0.9943769723543623,-0.0019240275240670623,0.009520940962742253,0.0009210254014468955,0.9999542506556681,-0.017904259264469147,0.05062847211956978,-0.0002046785957645625,80.00003402442982,0.014145834880882481,-0.041241246523457724,0.00014125516363311144,80.00003402442982,0.014145834880882481,-0.041241246523457724,0.00014125516363311144,0.04866805672645569,-0.038729239255189896,-0.02119019627571106,0.0,0.0,0.0,0.9944165604933423,-0.10551890453080626,-0.001298382727373316,0.10552063063693251,0.9944163200376218,0.0013415467416340362,0.0011495744503712633,-0.001471062184200205,0.999998257225972,0.0,0.0,0.0
17,1774127244767936947,0.533485367,533,13.473684,16.40751099330373,79.99997475035505,0.9999996843794381,-0.9999996843794381,0.039006687700748444,-0.04463938996195793,0.07320727407932281,0.013674217276275158,-0.011286907829344273,-0.3056580424308777,0.994323495604046,-0.10591322856458829,-0.010157287295044004,0.10589588838357455,0.9943747167333793,-0.002231574632440836,0.010336502971460826,0.0011432921128028961,0.9999459233325014,-0.017729315906763077,0.051553260535001755,0.0001859808835433796,0.039006687700748444,-0.04463938996195793,0.07320727407932281,0.013674217276275158,-0.011286907829344273,-0.3056580424308777,0.994323495604046,-0.10591322856458829,-0.010157287295044004,0.10589588838357455,0.9943747167333793,-0.002231574632440836,0.010336502971460826,0.0011432921128028961,0.9999459233325014,-0.017729315906763077,0.051553260535001755,0.0001859808835433796,79.99997475035505,0.013979677455341172,-0.04202665735310999,8.33996034332726e-06,79.99997475035505,0.013979677455341172,-0.04202665735310999,8.33996034332726e-06,0.04866805672645569,-0.038729239255189896,-0.02119019627571106,0.0,0.0,0.0,0.9944165604933423,-0.10551890453080626,-0.001298382727373316,0.10552063063693251,0.9944163200376218,0.0013415467416340362,0.0011495744503712633,-0.001471062184200205,0.999998257225972,0.0,0.0,0.0
18,1774127244785460992,0.551009412,551,17.524045,13.372402027016506,80.0,1.0,-1.0,0.03866296634078026,-0.04432365670800209,0.06861324608325958,0.013177210465073586,-0.010657561011612415,-0.4559915065765381,0.9943131015602881,-0.10593232542380049,-0.010954287833031318,0.1059107445009011,0.9943725126608519,-0.0025334139040385506,0.011161011917628028,0.0013588307152250234,0.9999367907039797,-0.01757599599659443,0.052172210067510605,0.0001405305665684864,0.03866296634078026,-0.04432365670800209,0.06861324608325958,0.013177210465073586,-0.010657561011612415,-0.4559915065765381,0.9943131015602881,-0.10593232542380049,-0.010954287833031318,0.1059107445009011,0.9943725126608519,-0.0025334139040385506,0.011161011917628028,0.0013588307152250234,0.9999367907039797,-0.01757599599659443,0.052172210067510605,0.0001405305665684864,80.00147220257594,0.013839437813351157,-0.04255169800947574,3.181802291482786e-05,80.00147220257594,0.013839437813351157,-0.04255169800947574,3.181802291482786e-05,0.04866805672645569,-0.038729239255189896,-0.02119019627571106,0.0,0.0,0.0,0.9944165604933423,-0.10551890453080626,-0.001298382727373316,0.10552063063693251,0.9944163200376218,0.0013415467416340362,0.0011495744503712633,-0.001471062184200205,0.999998257225972,0.0,0.0,0.0
19,1774127244800106889,0.565655309,565,14.645897,16.199992009205744,79.99999840972905,0.9999999801216131,-0.9999999801216131,0.038492877036333084,-0.044160496443510056,0.06515373289585114,0.012973189353942871,-0.010325869545340538,-0.5315155386924744,0.9943083254217628,-0.10593570291863053,-0.011347650869190262,0.105911803820121,0.9943719880213349,-0.0026884162884728835,0.011568584209472765,0.0014712653661043684,0.9999319993125488,-0.017723793163895607,0.051167525351047516,0.0003409408964216709,0.038492877036333084,-0.044160496443510056,0.06515373289585114,0.012973189353942871,-0.010325869545340538,-0.5315155386924744,0.9943083254217628,-0.10593570291863053,-0.011347650869190262,0.105911803820121,0.9943719880213349,-0.0026884162884728835,0.011568584209472765,0.0014712653661043684,0.9999319993125488,-0.017723793163895607,0.051167525351047516,0.0003409408964216709,79.99999840972905,0.013992097694422551,-0.04169940173762745,-3.674840243805359e-05,79.99999840972905,0.013992097694422551,-0.04169940173762745,-3.674840243805359e-05,0.04866805672645569,-0.038729239255189896,-0.02119019627571106,0.0,0.0,0.0,0.9944165604933423,-0.10551890453080626,-0.001298382727373316,0.10552063063693251,0.9944163200376218,0.0013415467416340362,0.0011495744503712633,-0.001471062184200205,0.999998257225972,0.0,0.0,0.0
20,1774127244817409579,0.582957999,582,17.30269,10.037791973445565,79.99891768242901,0.9999864710303626,-0.9999864710303626,0.0379943922162056,-0.04365292936563492,0.050364211201667786,0.012382347136735916,-0.009368051774799824,-0.758815586566925,0.9942909576304586,-0.10596428718471063,-0.012530030090845135,0.10593302958794837,0.9943682964239529,-0.003134413704299621,0.012791601019780108,0.001789174865111376,0.9999165834169095,-0.016816819086670876,0.051263414323329926,-3.1185154512058944e-05,0.0379943922162056,-0.04365292936563492,0.050364211201667786,0.012382347136735916,-0.009368051774799824,-0.758815586566925,0.9942909576304586,-0.10596428718471063,-0.012530030090845135,0.10593302958794837,0.9943682964239529,-0.003134413704299621,0.012791601019780108,0.001789174865111376,0.9999165834169095,-0.016816819086670876,0.051263414323329926,-3.1185154512058944e-05,79.99891768242901,0.013206813994685504,-0.041762481010016984,0.00010805821094520975,79.99891768242901,0.013206813994685504,-0.041762481010016984,0.00010805821094520975,0.04866805672645569,-0.038729239255189896,-0.02119019627571106,0.0,0.0,0.0,0.9944165604933423,-0.10551890453080626,-0.001298382727373316,0.10552063063693251,0.9944163200376218,0.0013415467416340362,0.0011495744503712633,-0.001471062184200205,0.999998257225972,0.0,0.0,0.0
21,1774127244828705565,0.594253985,594,11.295986,11.53242398868315,79.99997181573063,0.9999996476966329,-0.9999996476966329,0.03782853111624718,-0.04347112402319908,0.043734923005104065,0.012154815718531609,-0.009052164852619171,-0.8350207209587097,0.9942852796640903,-0.10597209321921142,-0.012919339478068004,0.10593811821389787,0.9943673935907856,-0.003288296943100566,0.013195036059825138,0.0019008557850308527,0.9999111349453195,-0.01784873567521572,0.05056329071521759,-0.0006752666085958481,0.03782853111624718,-0.04347112402319908,0.043734923005104065,0.012154815718531609,-0.009052164852619171,-0.8350207209587097,0.9942852796640903,-0.10597209321921142,-0.012919339478068004,0.10593811821389787,0.9943673935907856,-0.003288296943100566,0.013195036059825138,0.0019008557850308527,0.9999111349453195,-0.01784873567521572,0.05056329071521759,-0.0006752666085958481,79.99997181573063,0.014129747049936284,-0.0411887905351624,0.00034112217068949126,79.99997181573063,0.014129747049936284,-0.0411887905351624,0.00034112217068949126,0.04866805672645569,-0.038729239255189896,-0.02119019627571106,0.0,0.0,0.0,0.9944165604933423,-0.10551890453080626,-0.001298382727373316,0.10552063063693251,0.9944163200376218,0.0013415467416340362,0.0011495744503712633,-0.001471062184200205,0.999998257225972,0.0,0.0,0.0
22,1774127244841283772,0.606832192,606,12.578207,13.427985017187893,79.99996690902492,0.9999995863628115,-0.9999995863628115,0.03766636177897453,-0.043290384113788605,0.0365014374256134,0.011958151124417782,-0.008758082054555416,-0.9112396240234375,0.9942785622263212,-0.10598562712271153,-0.013319338316814311,0.1059487925867677,0.9943657345739955,-0.003443323964192585,0.013609234804477482,0.0020124564980986692,0.9999053649048332,-0.017743146046996117,0.051833465695381165,-0.0005795342149212956,0.03766636177897453,-0.043290384113788605,0.0365014374256134,0.011958151124417782,-0.008758082054555416,-0.9112396240234375,0.9942785622263212,-0.10598562712271153,-0.013319338316814311,0.1059487925867677,0.9943657345739955,-0.003443323964192585,0.013609234804477482,0.0020124564980986692,0.9999053649048332,-0.017743146046996117,0.051833465695381165,-0.0005795342149212956,79.99996690902492,0.014015282499531809,-0.042269494127130144,0.00031058786955353847,79.99996690902492,0.014015282499531809,-0.042269494127130144,0.00031058786955353847,0.04866805672645569,-0.038729239255189896,-0.02119019627571106,0.0,0.0,0.0,0.9944165604933423,-0.10551890453080626,-0.001298382727373316,0.10552063063693251,0.9944163200376218,0.0013415467416340362,0.0011495744503712633,-0.001471062184200205,0.999998257225972,0.0,0.0,0.0
23,1774127244855819332,0.621367752,621,14.53556,11.805245012510568,80.0,1.0,-1.0,0.0373355932533741,-0.042906828224658966,0.019432231783866882,0.011584123596549034,-0.008117112331092358,-1.0643727779388428,0.9942664015760754,-0.10599513287352602,-0.014121234125514193,0.10595242381102943,0.994364190135167,-0.00374112448725733,0.014438190072091628,0.0022234956934740757,0.9998932916764797,-0.017424393445253372,0.05156715214252472,0.0005774767487309873,0.0373355932533741,-0.042906828224658966,0.019432231783866882,0.011584123596549034,-0.008117112331092358,-1.0643727779388428,0.9942664015760754,-0.10599513287352602,-0.014121234125514193,0.10595242381102943,0.994364190135167,-0.00374112448725733,0.014438190072091628,0.0022234956934740757,0.9998932916764797,-0.017424393445253372,0.05156715214252472,0.0005774767487309873,80.00000641116922,0.013746828567919948,-0.04203747285808223,-9.678550758622415e-05,80.00000641116922,0.013746828567919948,-0.04203747285808223,-9.678550758622415e-05,0.04866805672645569,-0.038729239255189896,-0.02119019627571106,0.0,0.0,0.0,0.9944165604933423,-0.10551890453080626,-0.001298382727373316,0.10552063063693251,0.9944163200376218,0.0013415467416340362,0.0011495744503712633,-0.001471062184200205,0.999998257225972,0.0,0.0,0.0
24,1774127244868908216,0.634456636,634,13.088884,11.126316006993875,80.0,1.0,-1.0,0.03679357469081879,-0.0426676943898201,0.010603517293930054,-0.1761370599269867,0.010360159911215305,-0.6435481309890747,0.9943044127225168,-0.10599467308610788,-0.011135464045764543,0.10595779456493615,0.9943632314123189,-0.003852820177170674,0.011481073494988309,0.002650987407515404,0.9999305762029717,-0.008005689829587936,-0.7956681847572327,-0.0009106576326303184,0.03679357469081879,-0.0426676943898201,0.010603517293930054,-0.1761370599269867,0.010360159911215305,-0.6435481309890747,0.9943044127225168,-0.10599467308610788,-0.011135464045764543,0.10595779456493615,0.9943632314123189,-0.003852820177170674,0.011481073494988309,0.002650987407515404,0.9999305762029717,-0.008005689829587936,-0.7956681847572327,-0.0009106576326303184,80.06275844000905,0.022746640673377883,0.679850109266171,0.0006213125436526774,80.06275844000905,0.022746640673377883,0.679850109266171,0.0006213125436526774,0.04866805672645569,-0.038729239255189896,-0.02119019627571106,0.0,0.0,0.0,0.9944165604933423,-0.10551890453080626,-0.001298382727373316,0.10552063063693251,0.9944163200376218,0.0013415467416340362,0.0011495744503712633,-0.001471062184200205,0.999998257225972,0.0,0.0,0.0
25,1774127244881607009,0.647155429,647,12.698793,18.879937008023262,0.0,0.0,-0.0,0.03445252776145935,-0.042763903737068176,0.00841386616230011,-0.25001060962677,-0.11222438514232635,0.0992419496178627,0.9943659772097796,-0.10599478363753834,-0.0012996967060204812,0.10599419534478782,0.9943667566422526,-0.0005136536626146604,0.001346819571511726,0.00037299953693123444,0.9999990234738404,0.5657580494880676,-1.0812534093856812,-0.0019875643774867058,0.03445252776145935,-0.042763903737068176,0.00841386616230011,-0.25001060962677,-0.11222438514232635,0.0992419496178627,0.9943659772097796,-0.10599478363753834,-0.0012996967060204812,0.10599419534478782,0.9943667566422526,-0.0005136536626146604,0.001346819571511726,0.00037299953693123444,0.9999990234738404,0.5657580494880676,-1.0812534093856812,-0.0019875643774867058,-0.00014087894682700194,-0.4729566168423394,0.9352449191782316,0.0015612114247632734,-0.00014087894682700194,-0.4729566168423394,0.9352449191782316,0.0015612114247632734,0.04866805672645569,-0.038729239255189896,-0.02119019627571106,0.0,0.0,0.0,0.9944165604933423,-0.10551890453080626,-0.001298382727373316,0.10552063063693251,0.9944163200376218,0.0013415467416340362,0.0011495744503712633,-0.001471062184200205,0.999998257225972,0.0,0.0,0.0
26,1774127244906130802,0.671679222,671,24.523793,37.27543100831099,0.0,0.0,-0.0,0.02919658273458481,-0.04348358139395714,0.007698178291320801,-0.17018330097198486,-0.045528873801231384,0.1521296352148056,0.9941804843278693,-0.10620085530873391,0.018067607361825444,0.10609811089547239,0.9943340012609393,0.006555938758923852,-0.018661483815701707,-0.004600846725131391,0.999815273544949,0.2302834391593933,-0.7558904886245728,-0.010658216662704945,0.02919658273458481,-0.04348358139395714,0.007698178291320801,-0.17018330097198486,-0.045528873801231384,0.1521296352148056,0.9941804843278693,-0.10620085530873391,0.018067607361825444,0.10609811089547239,0.9943340012609393,0.006555938758923852,-0.018661483815701707,-0.004600846725131391,0.999815273544949,0.2302834391593933,-0.7558904886245728,-0.010658216662704945,-0.0004562797594424632,-0.1867524147662979,0.6517242096535885,0.003960926576821625,-0.0004562797594424632,-0.1867524147662979,0.6517242096535885,0.003960926576821625,0.04866805672645569,-0.038729239255189896,-0.02119019627571106,0.0,0.0,0.0,0.9944165604933423,-0.10551890453080626,-0.001298382727373316,0.10552063063693251,0.9944163200376218,0.0013415467416340362,0.0011495744503712633,-0.001471062184200205,0.999998257225972,0.0,0.0,0.0
27,1774127244945966658,0.711515078,711,39.835856,15.143459982937202,0.0,0.0,-0.0,0.020461183041334152,-0.044174257665872574,0.007847443222999573,-0.18765613436698914,-0.047374606132507324,0.22838252782821655,0.9928724626896573,-0.1070178296042501,0.052455688826887226,0.1062935680159951,0.9941993475479373,0.01641575315089483,-0.05390818536020525,-0.010723049612124669,0.998488319387121,0.268450528383255,-0.9604638814926147,-0.012681926600635052,0.020461183041334152,-0.044174257665872574,0.007847443222999573,-0.18765613436698914,-0.047374606132507324,0.22838252782821655,0.9928724626896573,-0.1070178296042501,0.052455688826887226,0.1062935680159951,0.9941993475479373,0.01641575315089483,-0.05390818536020525,-0.010723049612124669,0.998488319387121,0.268450528383255,-0.9604638814926147,-0.012681926600635052,-0.0005926091911285793,-0.21606224511737268,0.8270902608468126,0.0042713676005969505,-0.0005926091911285793,-0.21606224511737268,0.8270902608468126,0.0042713676005969505,0.04866805672645569,-0.038729239255189896,-0.02119019627571106,0.0,0.0,0.0,0.9944165604933423,-0.10551890453080626,-0.001298382727373316,0.10552063063693251,0.9944163200376218,0.0013415467416340362,0.0011495744503712633,-0.001471062184200205,0.999998257225972,0.0,0.0,0.0
28,1774127244962267303,0.727815723,727,16.300645,13.235126010840759,0.0,0.0,-0.0,0.01412354875355959,-0.044826991856098175,0.011741846799850464,-0.20883874595165253,-0.05070412904024124,0.3037421703338623,0.9911563928077275,-0.10769716693920994,0.07752667093914867,0.10619349134222289,0.9940730555402805,0.023275782304490455,-0.07957390771760053,-0.014837114252571615,0.9967185427328034,0.2984279692173004,-1.1033779382705688,-0.01203528605401516,0.01412354875355959,-0.044826991856098175,0.011741846799850464,-0.20883874595165253,-0.05070412904024124,0.3037421703338623,0.9911563928077275,-0.10769716693920994,0.07752667093914867,0.10619349134222289,0.9940730555402805,0.023275782304490455,-0.07957390771760053,-0.014837114252571615,0.9967185427328034,0.2984279692173004,-1.1033779382705688,-0.01203528605401516,-0.0007111816592056009,-0.23938369751886174,0.9495514006517077,0.0036872400143091737,-0.0007111816592056009,-0.23938369751886174,0.9495514006517077,0.0036872400143091737,0.04866805672645569,-0.038729239255189896,-0.02119019627571106,0.0,0.0,0.0,0.9944165604933423,-0.10551890453080626,-0.001298382727373316,0.10552063063693251,0.9944163200376218,0.0013415467416340362,0.0011495744503712633,-0.001471062184200205,0.999998257225972,0.0,0.0,0.0
