step,timestamp_ns,experiment_time_s,reference_index,tick_dt_ms,solver_ms,px4_collective_command_newton,px4_collective_normalized,px4_thrust_body_z,state_raw_0,state_raw_1,state_raw_2,state_raw_3,state_raw_4,state_raw_5,state_raw_6,state_raw_7,state_raw_8,state_raw_9,state_raw_10,state_raw_11,state_raw_12,state_raw_13,state_raw_14,state_raw_15,state_raw_16,state_raw_17,state_used_0,state_used_1,state_used_2,state_used_3,state_used_4,state_used_5,state_used_6,state_used_7,state_used_8,state_used_9,state_used_10,state_used_11,state_used_12,state_used_13,state_used_14,state_used_15,state_used_16,state_used_17,control_raw_0,control_raw_1,control_raw_2,control_raw_3,control_used_0,control_used_1,control_used_2,control_used_3,reference_0,reference_1,reference_2,reference_3,reference_4,reference_5,reference_6,reference_7,reference_8,reference_9,reference_10,reference_11,reference_12,reference_13,reference_14,reference_15,reference_16,reference_17
0,1775068593333596002,0.0,0,0.0,0.4271489960956387,42.454430456430096,0.6847488783295177,-0.6847488783295177,-0.017429253086447716,0.06704937666654587,0.014884382486343384,-0.009760929271578789,-0.005265151150524616,0.004231719300150871,0.9945942840958298,-0.10383777158546059,-0.00021328552092362294,0.10383770398504577,0.9945942667123074,-0.0003067715081727326,0.0002439869965764458,0.0002829661060336371,0.9999999302002655,-0.0004864997754339129,8.157614502124488e-05,0.000783355615567416,-0.017429253086447716,0.06704937666654587,0.014884382486343384,-0.009760929271578789,-0.005265151150524616,0.004231719300150871,0.9945942840958298,-0.10383777158546059,-0.00021328552092362294,0.10383770398504577,0.9945942667123074,-0.0003067715081727326,0.0002439869965764458,0.0002829661060336371,0.9999999302002655,-0.0004864997754339129,8.157614502124488e-05,0.000783355615567416,42.454430456430096,-0.0004739947128501571,0.0006683324118342514,-1.3131101903368764e-05,42.454430456430096,-0.0004739947128501571,0.0006683324118342514,-1.3131101903368764e-05,-0.02242911048233509,0.06823786348104477,0.012130394577980042,0.0,0.0,0.0,0.9946078021445811,-0.10370785849262257,0.0,0.10370785849262257,0.9946078021445811,0.0,0.0,0.0,1.0,0.0,0.0,0.0
1,1775068593343609719,0.010013717,10,10.013717,0.29637500119861215,42.45379971505703,0.684738705081565,-0.684738705081565,-0.01718335971236229,0.06703638285398483,0.014907211065292358,-0.009475724771618843,-0.00525369169190526,0.004227180499583483,0.9945940989896153,-0.10383972737527736,-0.00022858999301466178,0.10383965221423552,0.9945940818687907,-0.0003192480445802755,0.00026050484134144177,0.0002937855110662249,0.9999999229136532,-0.00023134349612519145,0.00040438538417220116,-0.00019415428687352687,-0.01718335971236229,0.06703638285398483,0.014907211065292358,-0.009475724771618843,-0.00525369169190526,0.004227180499583483,0.9945940989896153,-0.10383972737527736,-0.00022858999301466178,0.10383965221423552,0.9945940818687907,-0.0003192480445802755,0.00026050484134144177,0.0002937855110662249,0.9999999229136532,-0.00023134349612519145,0.00040438538417220116,-0.00019415428687352687,42.45379971505703,-0.0004966336322898654,0.00046018060349377045,0.00013506719134248824,42.45379971505703,-0.0004966336322898654,0.00046018060349377045,0.00013506719134248824,-0.02242911048233509,0.06823786348104477,0.012130394577980042,0.0,0.0,0.0,0.9946078021445811,-0.10370785849262257,0.0,0.10370785849262257,0.9946078021445811,0.0,0.0,0.0,1.0,0.0,0.0,0.0
2,1775068593353521111,0.019925109,19,9.911392,0.30781899840803817,42.45308807893483,0.6847272270795941,-0.6847272270795941,-0.01670377142727375,0.06701120734214783,0.014969870448112488,-0.008952431380748749,-0.005187653005123138,0.004155667498707771,0.9945918068850532,-0.10386099452835351,-0.0002521476025180722,0.10386090703382345,0.9945917904340873,-0.00033834439933686303,0.00028592471217758417,0.0003103262879364235,0.9999999109723243,2.5542249204590917e-07,0.000954003888182342,0.0007161927642300725,-0.01670377142727375,0.06701120734214783,0.014969870448112488,-0.008952431380748749,-0.005187653005123138,0.004155667498707771,0.9945918068850532,-0.10386099452835351,-0.0002521476025180722,0.10386090703382345,0.9945917904340873,-0.00033834439933686303,0.00028592471217758417,0.0003103262879364235,0.9999999109723243,2.5542249204590917e-07,0.000954003888182342,0.0007161927642300725,42.45308807893483,-0.0004791029886907339,9.757416388755318e-05,1.562917085080986e-05,42.45308807893483,-0.0004791029886907339,9.757416388755318e-05,1.562917085080986e-05,-0.02242911048233509,0.06823786348104477,0.012130394577980042,0.0,0.0,0.0,0.9946078021445811,-0.10370785849262257,0.0,0.10370785849262257,0.9946078021445811,0.0,0.0,0.0,1.0,0.0,0.0,0.0
3,1775068593363672137,0.030076135,30,10.151026,0.39615199784748256,42.45181311607592,0.6847066631625148,-0.6847066631625148,-0.016469541937112808,0.06699899584054947,0.015001282095909119,-0.008608377538621426,-0.005119854584336281,0.004184315446764231,0.9945911378391415,-0.10386737909106003,-0.0002631149311033028,0.10386728366109832,0.9945911197543992,-0.00035359217121879154,0.0002984184562554318,0.0003243506058000199,0.9999999028715515,-0.000732939864974469,-7.786176865920424e-05,-0.0008241674513556063,-0.016469541937112808,0.06699899584054947,0.015001282095909119,-0.008608377538621426,-0.005119854584336281,0.004184315446764231,0.9945911378391415,-0.10386737909106003,-0.0002631149311033028,0.10386728366109832,0.9945911197543992,-0.00035359217121879154,0.0002984184562554318,0.0003243506058000199,0.9999999028715515,-0.000732939864974469,-7.786176865920424e-05,-0.0008241674513556063,42.45181311607592,-0.0002351213421020774,0.00022964565551818585,0.00025182089080752625,42.45181311607592,-0.0002351213421020774,0.00022964565551818585,0.00025182089080752625,-0.02242911048233509,0.06823786348104477,0.012130394577980042,0.0,0.0,0.0,0.9946078021445811,-0.10370785849262257,0.0,0.10370785849262257,0.9946078021445811,0.0,0.0,0.0,1.0,0.0,0.0,0.0
4,1775068593373549732,0.03995373,39,9.877595,0.2931850031018257,42.45179946185958,0.684706442933219,-0.684706442933219,-0.015944087877869606,0.06703061610460281,0.015029296278953552,-0.007862470112740993,-0.0050188349559903145,0.004122463054955006,0.9945893574520913,-0.10388546001710575,-0.00028699243138290164,0.10388535046324221,0.9945893402005846,-0.0003734207469096003,0.00032423251652922546,0.00034158598495652426,0.999999889096152,0.0008964494336396456,0.00013212510384619236,-0.0004883487126789987,-0.015944087877869606,0.06703061610460281,0.015029296278953552,-0.007862470112740993,-0.0050188349559903145,0.004122463054955006,0.9945893574520913,-0.10388546001710575,-0.00028699243138290164,0.10388535046324221,0.9945893402005846,-0.0003734207469096003,0.00032423251652922546,0.00034158598495652426,0.999999889096152,0.0008964494336396456,0.00013212510384619236,-0.0004883487126789987,42.45179946185958,-0.000545560828710339,-9.842324359728606e-05,0.0002159840446948603,42.45179946185958,-0.000545560828710339,-9.842324359728606e-05,0.0002159840446948603,-0.02242911048233509,0.06823786348104477,0.012130394577980042,0.0,0.0,0.0,0.9946078021445811,-0.10370785849262257,0.0,0.10370785849262257,0.9946078021445811,0.0,0.0,0.0,1.0,0.0,0.0,0.0
5,1775068593383616847,0.050020845,50,10.067115,0.35068599390797317,42.45117171012041,0.6846963179051679,-0.6846963179051679,-0.015686573460698128,0.06704587489366531,0.015043660998344421,-0.007541191298514605,-0.004982054233551025,0.004132562316954136,0.9945885967490489,-0.10389184330374235,-0.0003039068176702536,0.10389172675689307,0.9945885838933657,-0.0003770253267271488,0.0003414320801721905,0.0003434116850799707,0.9999998827462722,0.0008193413377739489,0.0009300842648372054,-9.354674693895504e-05,-0.015686573460698128,0.06704587489366531,0.015043660998344421,-0.007541191298514605,-0.004982054233551025,0.004132562316954136,0.9945885967490489,-0.10389184330374235,-0.0003039068176702536,0.10389172675689307,0.9945885838933657,-0.0003770253267271488,0.0003414320801721905,0.0003434116850799707,0.9999998827462722,0.0008193413377739489,0.0009300842648372054,-9.354674693895504e-05,42.45117171012041,-0.0004976462682268744,-0.00043730245738722936,0.00016190518564001546,42.45117171012041,-0.0004976462682268744,-0.00043730245738722936,0.00016190518564001546,-0.02242911048233509,0.06823786348104477,0.012130394577980042,0.0,0.0,0.0,0.9946078021445811,-0.10370785849262257,0.0,0.10370785849262257,0.9946078021445811,0.0,0.0,0.0,1.0,0.0,0.0,0.0
6,1775068593394019197,0.060423195,60,10.40235,0.36577599530573934,42.45071368221124,0.6846889303582457,-0.6846889303582457,-0.015432600863277912,0.06706114858388901,0.015058517456054688,-0.007216162979602814,-0.004896868485957384,0.004128266591578722,0.994588605672257,-0.10389167692508239,-0.00031885831759178836,0.10389154961436753,0.9945885925087254,-0.0003928208824462648,0.0003579436394168167,0.00035756848768364905,0.9999998720105601,-0.0002796757034957409,0.00010374747216701508,0.0008908862364478409,-0.015432600863277912,0.06706114858388901,0.015058517456054688,-0.007216162979602814,-0.004896868485957384,0.004128266591578722,0.994588605672257,-0.10389167692508239,-0.00031885831759178836,0.10389154961436753,0.9945885925087254,-0.0003928208824462648,0.0003579436394168167,0.00035756848768364905,0.9999998720105601,-0.0002796757034957409,0.00010374747216701508,0.0008908862364478409,42.45071368221124,-0.0001538773786947713,-0.0003644557706394182,1.4103248728682651e-05,42.45071368221124,-0.0001538773786947713,-0.0003644557706394182,1.4103248728682651e-05,-0.02242911048233509,0.06823786348104477,0.012130394577980042,0.0,0.0,0.0,0.9946078021445811,-0.10370785849262257,0.0,0.10370785849262257,0.9946078021445811,0.0,0.0,0.0,1.0,0.0,0.0,0.0
7,1775068593403522228,0.069926226,69,9.503031,0.275065001915209,42.44980418350762,0.6846742610243164,-0.6846742610243164,-0.015147019177675247,0.06710101664066315,0.015074342489242554,-0.0068655237555503845,-0.004762686789035797,0.004157849587500095,0.9945894099646523,-0.1038844266019181,-0.00032969039756890824,0.10388428754164458,0.9945893929124395,-0.0004141352562677873,0.0003709287129893134,0.0003776448842672468,0.999999859898117,-0.0018217545002698898,0.00019063557556364685,0.0013511442812159657,-0.015147019177675247,0.06710101664066315,0.015074342489242554,-0.0068655237555503845,-0.004762686789035797,0.004157849587500095,0.9945894099646523,-0.1038844266019181,-0.00032969039756890824,0.10388428754164458,0.9945893929124395,-0.0004141352562677873,0.0003709287129893134,0.0003776448842672468,0.999999859898117,-0.0018217545002698898,0.00019063557556364685,0.0013511442812159657,42.44980418350762,0.00032849993620057995,-0.0005173548911232191,-6.0772586484926826e-05,42.44980418350762,0.00032849993620057995,-0.0005173548911232191,-6.0772586484926826e-05,-0.02242911048233509,0.06823786348104477,0.012130394577980042,0.0,0.0,0.0,0.9946078021445811,-0.10370785849262257,0.0,0.10370785849262257,0.9946078021445811,0.0,0.0,0.0,1.0,0.0,0.0,0.0
8,1775068593413577805,0.079981803,79,10.055577,0.27540600422071293,42.44834768799762,0.6846507691612519,-0.6846507691612519,-0.01458729151636362,0.06718157976865768,0.01512552797794342,-0.006141786929219961,-0.004539612680673599,0.004163660109043121,0.99458812176518,-0.10389614382787271,-0.00036648758299163997,0.10389597783812232,0.9945881065566868,-0.00044615790084911663,0.0004108582475783433,0.0004056667614853319,0.9999998333149813,-5.669193342328072e-06,0.0014963924186304212,-7.557235221611336e-05,-0.01458729151636362,0.06718157976865768,0.01512552797794342,-0.006141786929219961,-0.004539612680673599,0.004163660109043121,0.99458812176518,-0.10389614382787271,-0.00036648758299163997,0.10389597783812232,0.9945881065566868,-0.00044615790084911663,0.0004108582475783433,0.0004056667614853319,0.9999998333149813,-5.669193342328072e-06,0.0014963924186304212,-7.557235221611336e-05,42.44834768799762,3.285654330787407e-05,-0.001148469997863997,0.00016265600252376005,42.44834768799762,3.285654330787407e-05,-0.001148469997863997,0.00016265600252376005,-0.02242911048233509,0.06823786348104477,0.012130394577980042,0.0,0.0,0.0,0.9946078021445811,-0.10370785849262257,0.0,0.10370785849262257,0.9946078021445811,0.0,0.0,0.0,1.0,0.0,0.0,0.0
9,1775068593423589428,0.089993426,89,10.011623,0.35364300129003823,42.448261264731784,0.6846493752376094,-0.6846493752376094,-0.014313490130007267,0.06722120940685272,0.015150889754295349,-0.005793254356831312,-0.004496125504374504,0.004111621528863907,0.9945870809525021,-0.10390642874730305,-0.00038205830738748266,0.10390625124813213,0.9945870672640322,-0.0004583490528940262,0.0004276156030764075,0.000416169797724726,0.9999998219737942,0.00018380890833213925,-2.720934571698308e-05,-0.0008838006760925055,-0.014313490130007267,0.06722120940685272,0.015150889754295349,-0.005793254356831312,-0.004496125504374504,0.004111621528863907,0.9945870809525021,-0.10390642874730305,-0.00038205830738748266,0.10390625124813213,0.9945870672640322,-0.0004583490528940262,0.0004276156030764075,0.000416169797724726,0.9999998219737942,0.00018380890833213925,-2.720934571698308e-05,-0.0008838006760925055,42.448261264731784,4.087321005824269e-05,-0.0009107403709447193,0.0002921542780226275,42.448261264731784,4.087321005824269e-05,-0.0009107403709447193,0.0002921542780226275,-0.02242911048233509,0.06823786348104477,0.012130394577980042,0.0,0.0,0.0,0.9946078021445811,-0.10370785849262257,0.0,0.10370785849262257,0.9946078021445811,0.0,0.0,0.0,1.0,0.0,0.0,0.0
10,1775068593433514604,0.099918602,99,9.925176,0.27698699705069885,42.44687967760416,0.6846270915742606,-0.6846270915742606,-0.01400361955165863,0.06727725267410278,0.015179291367530823,-0.005402736831456423,-0.004380251280963421,0.004153453279286623,0.9945867714616079,-0.10390909750705535,-0.0003975810535382183,0.10390890812313303,0.994586759376451,-0.00047060337780776987,0.000444328780560528,0.0004267436796277554,0.9999998102308744,0.00043773266952484846,0.0007057351758703589,4.551972961053252e-05,-0.01400361955165863,0.06727725267410278,0.015179291367530823,-0.005402736831456423,-0.004380251280963421,0.004153453279286623,0.9945867714616079,-0.10390909750705535,-0.0003975810535382183,0.10390890812313303,0.994586759376451,-0.00047060337780776987,0.000444328780560528,0.0004267436796277554,0.9999998102308744,0.00043773266952484846,0.0007057351758703589,4.551972961053252e-05,42.44687967760416,5.108107901336977e-05,-0.0012484104745885585,0.0001549004823563019,42.44687967760416,5.108107901336977e-05,-0.0012484104745885585,0.0001549004823563019,-0.02242911048233509,0.06823786348104477,0.012130394577980042,0.0,0.0,0.0,0.9946078021445811,-0.10370785849262257,0.0,0.10370785849262257,0.9946078021445811,0.0,0.0,0.0,1.0,0.0,0.0,0.0
11,1775068593443705067,0.110109065,110,10.190463,0.4062149964738637,42.44623952565104,0.6846167665427587,-0.6846167665427587,-0.013697730377316475,0.0673329159617424,0.01520778238773346,-0.0050170887261629105,-0.0042914897203445435,0.004137736279517412,0.9945869573492025,-0.10390716191284532,-0.0004097989994313611,0.10390695973760966,0.9945869435732639,-0.00048718868182020766,0.00045820309247184324,0.0004419705393777912,0.9999997973559712,-0.0008921979460865259,-0.00010185156133957207,0.00047467745025642216,-0.013697730377316475,0.0673329159617424,0.01520778238773346,-0.0050170887261629105,-0.0042914897203445435,0.004137736279517412,0.9945869573492025,-0.10390716191284532,-0.0004097989994313611,0.10390695973760966,0.9945869435732639,-0.00048718868182020766,0.00045820309247184324,0.0004419705393777912,0.9999997973559712,-0.0008921979460865259,-0.00010185156133957207,0.00047467745025642216,42.44623952565104,0.0004623791325632589,-0.0011917351252343515,8.896402732789935e-05,42.44623952565104,0.0004623791325632589,-0.0011917351252343515,8.896402732789935e-05,-0.02242911048233509,0.06823786348104477,0.012130394577980042,0.0,0.0,0.0,0.9946078021445811,-0.10370785849262257,0.0,0.10370785849262257,0.9946078021445811,0.0,0.0,0.0,1.0,0.0,0.0,0.0
12,1775068593453529876,0.119933874,119,9.824809,0.40285000432049856,42.4450681403745,0.6845978732318468,-0.6845978732318468,-0.013098463416099548,0.06744378060102463,0.015264555811882019,-0.004373118747025728,-0.004034880548715591,0.004111085087060928,0.9945860644281858,-0.10391640184661033,-0.00042741238561220174,0.1039161709823282,0.9945860386630067,-0.0005309555443273788,0.0004802732708935912,0.0004836659205400642,0.9999997677024296,-0.0011000398080796003,-0.00016510250861756504,-0.00023443327518180013,-0.013098463416099548,0.06744378060102463,0.015264555811882019,-0.004373118747025728,-0.004034880548715591,0.004111085087060928,0.9945860644281858,-0.10391640184661033,-0.00042741238561220174,0.1039161709823282,0.9945860386630067,-0.0005309555443273788,0.0004802732708935912,0.0004836659205400642,0.9999997677024296,-0.0011000398080796003,-0.00016510250861756504,-0.00023443327518180013,42.4450681403745,0.0007116347003514308,-0.0014202617977657722,0.00020274132693421322,42.4450681403745,0.0007116347003514308,-0.0014202617977657722,0.00020274132693421322,-0.02242911048233509,0.06823786348104477,0.012130394577980042,0.0,0.0,0.0,0.9946078021445811,-0.10370785849262257,0.0,0.10370785849262257,0.9946078021445811,0.0,0.0,0.0,1.0,0.0,0.0,0.0
13,1775068593463659410,0.130063408,130,10.129534,0.3568400061340071,42.44431588220949,0.6845857400356369,-0.6845857400356369,-0.01280509028583765,0.0674990713596344,0.0152815580368042,-0.004067785572260618,-0.00392405828461051,0.004124809987843037,0.994585238033243,-0.10392420989466067,-0.00043703415357307786,0.10392396496597045,0.9945852074956558,-0.0005501374809878297,0.0004918401997022158,0.0005017402887289954,0.9999997531749454,-0.0006162393256090581,0.00048149627400562167,-0.0004033858422189951,-0.01280509028583765,0.0674990713596344,0.0152815580368042,-0.004067785572260618,-0.00392405828461051,0.004124809987843037,0.994585238033243,-0.10392420989466067,-0.00043703415357307786,0.10392396496597045,0.9945852074956558,-0.0005501374809878297,0.0004918401997022158,0.0005017402887289954,0.9999997531749454,-0.0006162393256090581,0.00048149627400562167,-0.0004033858422189951,42.44431588220949,0.0006785510804259885,-0.0017022986720839615,0.0002343549155025975,42.44431588220949,0.0006785510804259885,-0.0017022986720839615,0.0002343549155025975,-0.02242911048233509,0.06823786348104477,0.012130394577980042,0.0,0.0,0.0,0.9946078021445811,-0.10370785849262257,0.0,0.10370785849262257,0.9946078021445811,0.0,0.0,0.0,1.0,0.0,0.0,0.0
14,1775068593473576748,0.139980746,139,9.917338,0.561222004762385,42.44492592683481,0.6845955794650777,-0.6845955794650777,-0.012480073608458042,0.06757262349128723,0.015268832445144653,-0.0037272991612553596,-0.0038313621189445257,0.0040886858478188515,0.9945849808936101,-0.10392582308539433,-0.0004581878818668635,0.10392555895994682,0.9945849524754452,-0.0005668893336578406,0.0005146211785998756,0.0005162021834912637,0.9999997343501474,-0.0006795351509936154,0.000806124007795006,7.382449257420376e-05,-0.012480073608458042,0.06757262349128723,0.015268832445144653,-0.0037272991612553596,-0.0038313621189445257,0.0040886858478188515,0.9945849808936101,-0.10392582308539433,-0.0004581878818668635,0.10392555895994682,0.9945849524754452,-0.0005668893336578406,0.0005146211785998756,0.0005162021834912637,0.9999997343501474,-0.0006795351509936154,0.000806124007795006,7.382449257420376e-05,42.44492592683481,0.0007760196049579058,-0.0019439487994335628,0.00016406325705755348,42.44492592683481,0.0007760196049579058,-0.0019439487994335628,0.00016406325705755348,-0.02242911048233509,0.06823786348104477,0.012130394577980042,0.0,0.0,0.0,0.9946078021445811,-0.10370785849262257,0.0,0.10370785849262257,0.9946078021445811,0.0,0.0,0.0,1.0,0.0,0.0,0.0
15,1775068593483565592,0.14996959,149,9.988844,0.4466050013434142,42.44538535815155,0.6846029896476056,-0.6846029896476056,-0.012159408070147038,0.06764586269855499,0.015256807208061218,-0.0033596279099583626,-0.0036737602204084396,0.004062789026647806,0.9945847160019742,-0.10392761280866947,-0.0004758674177735116,0.10392733021901912,0.9945846876598022,-0.0005844354998745614,0.0005340294676317494,0.0005318149871083068,0.9999997159926246,-6.2454346334561706e-06,0.0011096748057752848,8.334656013175845e-05,-0.012159408070147038,0.06764586269855499,0.015256807208061218,-0.0033596279099583626,-0.0036737602204084396,0.004062789026647806,0.9945847160019742,-0.10392761280866947,-0.0004758674177735116,0.10392733021901912,0.9945846876598022,-0.0005844354998745614,0.0005340294676317494,0.0005318149871083068,0.9999997159926246,-6.2454346334561706e-06,0.0011096748057752848,8.334656013175845e-05,42.44538535815155,0.0007049939044993384,-0.002175265673738201,0.00016406804727586648,42.44538535815155,0.0007049939044993384,-0.002175265673738201,0.00016406804727586648,-0.02242911048233509,0.06823786348104477,0.012130394577980042,0.0,0.0,0.0,0.9946078021445811,-0.10370785849262257,0.0,0.10370785849262257,0.9946078021445811,0.0,0.0,0.0,1.0,0.0,0.0,0.0
16,1775068593493611818,0.160015816,160,10.046226,0.3468060021987185,42.44602219916261,0.6846132612768163,-0.6846132612768163,-0.01153065450489521,0.06779109686613083,0.015235409140586853,-0.002657799981534481,-0.003479819744825363,0.004040293861180544,0.9945843275248888,-0.1039319023755858,-0.0005121532305502104,0.10393158122100643,0.9945843007941323,-0.0006182468746433883,0.0005736350894572223,0.0005616697550275777,0.9999996777348961,-0.0009241016814485192,0.0010443388018757105,-0.0008333252044394612,-0.01153065450489521,0.06779109686613083,0.015235409140586853,-0.002657799981534481,-0.003479819744825363,0.004040293861180544,0.9945843275248888,-0.1039319023755858,-0.0005121532305502104,0.10393158122100643,0.9945843007941323,-0.0006182468746433883,0.0005736350894572223,0.0005616697550275777,0.9999996777348961,-0.0009241016814485192,0.0010443388018757105,-0.0008333252044394612,42.44602219916261,0.001100086100701117,-0.0024663188798046067,0.0003049790656874354,42.44602219916261,0.001100086100701117,-0.0024663188798046067,0.0003049790656874354,-0.02242911048233509,0.06823786348104477,0.012130394577980042,0.0,0.0,0.0,0.9946078021445811,-0.10370785849262257,0.0,0.10370785849262257,0.9946078021445811,0.0,0.0,0.0,1.0,0.0,0.0,0.0
17,1775068593503545464,0.169949462,169,9.933646,0.4629059985745698,42.4478068637968,0.6846420461902709,-0.6846420461902709,-0.011182737536728382,0.06786393374204636,0.015196964144706726,-0.002222827635705471,-0.0033423148561269045,0.003961311653256416,0.994584133582505,-0.10393404979455867,-0.0005310616447677871,0.10393370675856173,0.9945841070584878,-0.0006372544815645453,0.0005944178173282156,0.0005786079875531661,0.9999996559400945,-6.843110895715654e-06,0.0008835333865135908,0.00013006040535401553,-0.011182737536728382,0.06786393374204636,0.015196964144706726,-0.002222827635705471,-0.0033423148561269045,0.003961311653256416,0.994584133582505,-0.10393404979455867,-0.0005310616447677871,0.10393370675856173,0.9945841070584878,-0.0006372544815645453,0.0005944178173282156,0.0005786079875531661,0.9999996559400945,-6.843110895715654e-06,0.0008835333865135908,0.00013006040535401553,42.4478068637968,0.0009694408869867295,-0.0026021187523042025,0.00016217814546298407,42.4478068637968,0.0009694408869867295,-0.0026021187523042025,0.00016217814546298407,-0.02242911048233509,0.06823786348104477,0.012130394577980042,0.0,0.0,0.0,0.9946078021445811,-0.10370785849262257,0.0,0.10370785849262257,0.9946078021445811,0.0,0.0,0.0,1.0,0.0,0.0,0.0
18,1775068593513564943,0.179968941,179,10.019479,0.29716299468418583,42.44869412868444,0.6846563569142651,-0.6846563569142651,-0.010839269496500492,0.06793656200170517,0.015159741044044495,-0.0019069999689236283,-0.0032202049624174833,0.003949088044464588,0.9945837355789302,-0.10393849443041825,-0.0005473512994325999,0.10393813492808035,0.9945837121462779,-0.0006487965358384076,0.0006118214411999024,0.0005883918031333782,0.9999996397347919,0.00010054542508441955,0.0008009485900402069,-0.00018509916844777763,-0.010839269496500492,0.06793656200170517,0.015159741044044495,-0.0019069999689236283,-0.0032202049624174833,0.003949088044464588,0.9945837355789302,-0.10393849443041825,-0.0005473512994325999,0.10393813492808035,0.9945837121462779,-0.0006487965358384076,0.0006118214411999024,0.0005883918031333782,0.9999996397347919,0.00010054542508441955,0.0008009485900402069,-0.00018509916844777763,42.44869412868444,0.0010167711725376123,-0.0027265161461218555,0.00021300554197718592,42.44869412868444,0.0010167711725376123,-0.0027265161461218555,0.00021300554197718592,-0.02242911048233509,0.06823786348104477,0.012130394577980042,0.0,0.0,0.0,0.9946078021445811,-0.10370785849262257,0.0,0.10370785849262257,0.9946078021445811,0.0,0.0,0.0,1.0,0.0,0.0,0.0
19,1775068593523565513,0.189969511,189,10.00057,0.31592299637850374,42.44988067635761,0.6846754947799615,-0.6846754947799615,-0.010500693693757057,0.06800903379917145,0.01512385904788971,-0.0016086706891655922,-0.0030842325650155544,0.003911586012691259,0.9945834548085634,-0.10394063822616739,-0.0005592343053884849,0.10394026060575468,0.9945834280926101,-0.0006666224525804145,0.0006254942083933571,0.0006048846979995739,0.9999996214357143,-0.0004009174299426377,6.749806925654411e-05,0.00013414668501354754,-0.010500693693757057,0.06800903379917145,0.01512385904788971,-0.0016086706891655922,-0.0030842325650155544,0.003911586012691259,0.9945834548085634,-0.10394063822616739,-0.0005592343053884849,0.10394026060575468,0.9945834280926101,-0.0006666224525804145,0.0006254942083933571,0.0006048846979995739,0.9999996214357143,-0.0004009174299426377,6.749806925654411e-05,0.00013414668501354754,42.44988067635761,0.001234412911202785,-0.0026726929377706692,0.0001668294964564631,42.44988067635761,0.001234412911202785,-0.0026726929377706692,0.0001668294964564631,-0.02242911048233509,0.06823786348104477,0.012130394577980042,0.0,0.0,0.0,0.9946078021445811,-0.10370785849262257,0.0,0.10370785849262257,0.9946078021445811,0.0,0.0,0.0,1.0,0.0,0.0,0.0
20,1775068593533527258,0.199931256,199,9.961745,0.28596299671335146,42.454325419254396,0.6847471841815225,-0.6847471841815225,-0.009815681725740433,0.06815487891435623,0.015021860599517822,-0.0010093136224895716,-0.0028355438262224197,0.0037453416734933853,0.9945835706238911,-0.10393836401609247,-0.0005786917532350517,0.10393795797674743,0.9945835403834137,-0.0006924185693302145,0.0006475261476399173,0.0006285200939812243,0.9999995928361064,0.00025505031226202846,-0.0004518988716881722,0.000672605587169528,-0.009815681725740433,0.06815487891435623,0.015021860599517822,-0.0010093136224895716,-0.0028355438262224197,0.0037453416734933853,0.9945835706238911,-0.10393836401609247,-0.0005786917532350517,0.10393795797674743,0.9945835403834137,-0.0006924185693302145,0.0006475261476399173,0.0006285200939812243,0.9999995928361064,0.00025505031226202846,-0.0004518988716881722,0.000672605587169528,42.454325419254396,0.0012258623605559285,-0.002793099067096097,8.420774581062647e-05,42.454325419254396,0.0012258623605559285,-0.002793099067096097,8.420774581062647e-05,-0.02242911048233509,0.06823786348104477,0.012130394577980042,0.0,0.0,0.0,0.9946078021445811,-0.10370785849262257,0.0,0.10370785849262257,0.9946078021445811,0.0,0.0,0.0,1.0,0.0,0.0,0.0
21,1775068593543684288,0.210088286,210,10.15703,0.3036150010302663,42.455684844953375,0.6847691104024738,-0.6847691104024738,-0.009468825533986092,0.06822837889194489,0.014961376786231995,-0.0006454443791881204,-0.002716273535043001,0.0037401074077934027,0.9945836503882347,-0.10393855944330532,-0.0005927102075618887,0.10393813508268157,0.9945836202047943,-0.0007067955176437411,0.0006629630397099416,0.0006413620677027099,0.9999995745673036,-0.00022180116502568126,0.0007202788256108761,-0.00030637826421298087,-0.009468825533986092,0.06822837889194489,0.014961376786231995,-0.0006454443791881204,-0.002716273535043001,0.0037401074077934027,0.9945836503882347,-0.10393855944330532,-0.0005927102075618887,0.10393813508268157,0.9945836202047943,-0.0007067955176437411,0.0006629630397099416,0.0006413620677027099,0.9999995745673036,-0.00022180116502568126,0.0007202788256108761,-0.00030637826421298087,42.455684844953375,0.0014269512093207837,-0.0032357065556940104,0.00023118244740554867,42.455684844953375,0.0014269512093207837,-0.0032357065556940104,0.00023118244740554867,-0.02242911048233509,0.06823786348104477,0.012130394577980042,0.0,0.0,0.0,0.9946078021445811,-0.10370785849262257,0.0,0.10370785849262257,0.9946078021445811,0.0,0.0,0.0,1.0,0.0,0.0,0.0
22,1775068593553500211,0.219904209,219,9.815923,0.26423200324643403,42.45681295917442,0.6847873057931358,-0.6847873057931358,-0.00912650115787983,0.06830158084630966,0.014902979135513306,-0.00029702906613238156,-0.0026221282314509153,0.0037494320422410965,0.9945827068930311,-0.1039469032737097,-0.0006061738869494616,0.10394646030621124,0.9945826761881409,-0.0007215357608345413,0.0006778913995159224,0.0006546173583436687,0.9999995559696012,-6.502938049379736e-05,0.00025734020164236426,-0.0003513979900162667,-0.00912650115787983,0.06830158084630966,0.014902979135513306,-0.00029702906613238156,-0.0026221282314509153,0.0037494320422410965,0.9945827068930311,-0.1039469032737097,-0.0006061738869494616,0.10394646030621124,0.9945826761881409,-0.0007215357608345413,0.0006778913995159224,0.0006546173583436687,0.9999995559696012,-6.502938049379736e-05,0.00025734020164236426,-0.0003513979900162667,42.45681295917442,0.001465006147153502,-0.0032649812960212263,0.00024463070308437676,42.45681295917442,0.001465006147153502,-0.0032649812960212263,0.00024463070308437676,-0.02242911048233509,0.06823786348104477,0.012130394577980042,0.0,0.0,0.0,0.9946078021445811,-0.10370785849262257,0.0,0.10370785849262257,0.9946078021445811,0.0,0.0,0.0,1.0,0.0,0.0,0.0
23,1775068593563585843,0.229989841,229,10.085632,0.294325000140816,42.45832699677127,0.6848117257543753,-0.6848117257543753,-0.00878840684890747,0.0683746412396431,0.01484648883342743,4.890013951808214e-05,-0.0024747818242758512,0.003725535236299038,0.994582619011508,-0.10394692205941669,-0.0006188253557842874,0.10394646033112043,0.9945825869368169,-0.0007367068389944765,0.0006920513758605206,0.0006683911136096468,0.9999995371589847,-0.00022755480313207954,2.105586463585496e-05,0.0004362220934126526,-0.00878840684890747,0.0683746412396431,0.01484648883342743,4.890013951808214e-05,-0.0024747818242758512,0.003725535236299038,0.994582619011508,-0.10394692205941669,-0.0006188253557842874,0.10394646033112043,0.9945825869368169,-0.0007367068389944765,0.0006920513758605206,0.0006683911136096468,0.9999995371589847,-0.00022755480313207954,2.105586463585496e-05,0.0004362220934126526,42.45832699677127,0.0015946519483557146,-0.0033466831858432592,0.00012648656262774757,42.45832699677127,0.0015946519483557146,-0.0033466831858432592,0.00012648656262774757,-0.02242911048233509,0.06823786348104477,0.012130394577980042,0.0,0.0,0.0,0.9946078021445811,-0.10370785849262257,0.0,0.10370785849262257,0.9946078021445811,0.0,0.0,0.0,1.0,0.0,0.0,0.0
24,1775068593573571249,0.239975247,239,9.985406,0.4667449975386262,42.46159201809376,0.684864387388609,-0.684864387388609,-0.008130254223942757,0.068544402718544,0.014718577265739441,0.0007414260762743652,-0.002222371054813266,0.003698519663885236,0.9945828639367038,-0.10394553245381699,-0.0006419693791936236,0.1039450430922606,0.9945828366593004,-0.0007537357257879107,0.000716839081598527,0.000682923099070646,0.9999995098788012,0.0007377410656772554,0.000592348980717361,0.0007498758495785296,-0.008130254223942757,0.068544402718544,0.014718577265739441,0.0007414260762743652,-0.002222371054813266,0.003698519663885236,0.9945828639367038,-0.10394553245381699,-0.0006419693791936236,0.1039450430922606,0.9945828366593004,-0.0007537357257879107,0.000716839081598527,0.000682923099070646,0.9999995098788012,0.0007377410656772554,0.000592348980717361,0.0007498758495785296,42.46159201809376,0.001492259112515268,-0.003764092122236191,7.827194007456398e-05,42.46159201809376,0.001492259112515268,-0.003764092122236191,7.827194007456398e-05,-0.02242911048233509,0.06823786348104477,0.012130394577980042,0.0,0.0,0.0,0.9946078021445811,-0.10370785849262257,0.0,0.10370785849262257,0.9946078021445811,0.0,0.0,0.0,1.0,0.0,0.0,0.0
25,1775068593583548675,0.249952673,249,9.977426,0.40623200038680807,42.46350954975529,0.6848953153186337,-0.6848953153186337,-0.007807297166436911,0.06862908601760864,0.014646247029304504,0.0010975367622449994,-0.00208333064801991,0.0036735928151756525,0.9945835092277191,-0.10393970306837153,-0.0006508098543277701,0.10393919779304017,0.9945834789538042,-0.0007673391089989007,0.0007270415642289096,0.0006955381647134401,0.99999949381854,-0.00020817742915824056,7.242278661578894e-05,0.0005748455296270549,-0.007807297166436911,0.06862908601760864,0.014646247029304504,0.0010975367622449994,-0.00208333064801991,0.0036735928151756525,0.9945835092277191,-0.10393970306837153,-0.0006508098543277701,0.10393919779304017,0.9945834789538042,-0.0007673391089989007,0.0007270415642289096,0.0006955381647134401,0.99999949381854,-0.00020817742915824056,7.242278661578894e-05,0.0005748455296270549,42.46350954975529,0.0018136007927332623,-0.003765443108264166,9.980900274936538e-05,42.46350954975529,0.0018136007927332623,-0.003765443108264166,9.980900274936538e-05,-0.02242911048233509,0.06823786348104477,0.012130394577980042,0.0,0.0,0.0,0.9946078021445811,-0.10370785849262257,0.0,0.10370785849262257,0.9946078021445811,0.0,0.0,0.0,1.0,0.0,0.0,0.0
26,1775068593593635590,0.260039588,260,10.086915,0.4364179985714145,42.46636747378627,0.6849414108675205,-0.6849414108675205,-0.007488154340535402,0.06871374696493149,0.014575660228729248,0.001432295423001051,-0.0019297959515824914,0.003573431633412838,0.9945834755707352,-0.1039386537253244,-0.000656685565327904,0.1039381351302262,0.9945834407579355,-0.0007799283952427119,0.0007341933205670679,0.0007074492218177948,0.99999948023774,1.6380654415115714e-06,-0.0005453102057799697,0.00021608460519928485,-0.007488154340535402,0.06871374696493149,0.014575660228729248,0.001432295423001051,-0.0019297959515824914,0.003573431633412838,0.9945834755707352,-0.1039386537253244,-0.000656685565327904,0.1039381351302262,0.9945834407579355,-0.0007799283952427119,0.0007341933205670679,0.0007074492218177948,0.99999948023774,1.6380654415115714e-06,-0.0005453102057799697,0.00021608460519928485,42.46636747378627,0.001845926221551459,-0.003729787861706878,0.00015276758454169995,42.46636747378627,0.001845926221551459,-0.003729787861706878,0.00015276758454169995,-0.02242911048233509,0.06823786348104477,0.012130394577980042,0.0,0.0,0.0,0.9946078021445811,-0.10370785849262257,0.0,0.10370785849262257,0.9946078021445811,0.0,0.0,0.0,1.0,0.0,0.0,0.0
27,1775068593603564682,0.26996868,269,9.929092,0.36933200317434967,42.46965776846705,0.6849944801365654,-0.6849944801365654,-0.0071913106366992,0.06880000978708267,0.014485850930213928,0.001736968755722046,-0.0017604425083845854,0.0034757687244564295,0.9945830175524596,-0.10394434264152252,-0.0006708177276746746,0.10394380333623254,0.9945829830089233,-0.0007942444861556985,0.000749740939216495,0.0007202147260464142,0.9999994595895526,-0.00020336666784714907,0.001074479310773313,-0.0008490150794386864,-0.0071913106366992,0.06880000978708267,0.014485850930213928,0.001736968755722046,-0.0017604425083845854,0.0034757687244564295,0.9945830175524596,-0.10394434264152252,-0.0006708177276746746,0.10394380333623254,0.9945829830089233,-0.0007942444861556985,0.000749740939216495,0.0007202147260464142,0.9999994595895526,-0.00020336666784714907,0.001074479310773313,-0.0008490150794386864,42.46965776846705,0.0019887178468064822,-0.004264820788341028,0.000317069271160442,42.46965776846705,0.0019887178468064822,-0.004264820788341028,0.000317069271160442,-0.02242911048233509,0.06823786348104477,0.012130394577980042,0.0,0.0,0.0,0.9946078021445811,-0.10370785849262257,0.0,0.10370785849262257,0.9946078021445811,0.0,0.0,0.0,1.0,0.0,0.0,0.0
28,1775068593613558143,0.279962141,279,9.993461,0.28998699417570606,42.47561754846427,0.6850906056203915,-0.6850906056203915,-0.006608900614082813,0.06897243857383728,0.01431204378604889,0.002311323070898652,-0.0015275890473276377,0.0033274744637310505,0.9945827911605996,-0.10394544971433084,-0.0006950800680230766,0.10394486631008415,0.9945827498503057,-0.0008286092993914926,0.0007774447621277649,0.0007518705432726621,0.999999415135011,-0.0008259712485596538,0.0013218848034739494,-0.0003913214022759348,-0.006608900614082813,0.06897243857383728,0.01431204378604889,0.002311323070898652,-0.0015275890473276377,0.0033274744637310505,0.9945827911605996,-0.10394544971433084,-0.0006950800680230766,0.10394486631008415,0.9945827498503057,-0.0008286092993914926,0.0007774447621277649,0.0007518705432726621,0.999999415135011,-0.0008259712485596538,0.0013218848034739494,-0.0003913214022759348,42.47561754846427,0.0023194415818615227,-0.004570514343424865,0.0002492544279195495,42.47561754846427,0.0023194415818615227,-0.004570514343424865,0.0002492544279195495,-0.02242911048233509,0.06823786348104477,0.012130394577980042,0.0,0.0,0.0,0.9946078021445811,-0.10370785849262257,0.0,0.10370785849262257,0.9946078021445811,0.0,0.0,0.0,1.0,0.0,0.0,0.0
29,1775068593623589034,0.289993032,289,10.030891,0.5010519962524995,42.47821876055014,0.6851325606540345,-0.6851325606540345,-0.006322962231934071,0.06905850768089294,0.01422812044620514,0.00261530838906765,-0.0013554039178416133,0.0032728812657296658,0.9945825818787363,-0.10394795016912561,-0.0007053469177590579,0.10394734629687385,0.9945825363297821,-0.0008447844482669699,0.0007893392004995996,0.0007668889521831599,0.9999993944123484,-0.0003259581280872226,0.0008040514076128602,-0.0003111526893917471,-0.006322962231934071,0.06905850768089294,0.01422812044620514,0.00261530838906765,-0.0013554039178416133,0.0032728812657296658,0.9945825818787363,-0.10394795016912561,-0.0007053469177590579,0.10394734629687385,0.9945825363297821,-0.0008447844482669699,0.0007893392004995996,0.0007668889521831599,0.9999993944123484,-0.0003259581280872226,0.0008040514076128602,-0.0003111526893917471,42.47821876055014,0.0022910532942528386,-0.004559870980989284,0.00023920791752492527,42.47821876055014,0.0022910532942528386,-0.004559870980989284,0.00023920791752492527,-0.02242911048233509,0.06823786348104477,0.012130394577980042,0.0,0.0,0.0,0.9946078021445811,-0.10370785849262257,0.0,0.10370785849262257,0.9946078021445811,0.0,0.0,0.0,1.0,0.0,0.0,0.0
30,1775068593633548153,0.299952151,299,9.959119,0.27737199707189575,42.48241224620996,0.6852001975195156,-0.6852001975195156,-0.0060541690327227116,0.06913445144891739,0.014121755957603455,0.0028846519999206066,-0.0011998300906270742,0.003137602936476469,0.9945831652410037,-0.10394159857621643,-0.000718747963180116,0.10394096962268895,0.994583116075482,-0.0008632180961793811,0.0008045788236661373,0.0007838348248547875,0.9999993691277558,-0.0013044329825788736,0.0010822162730619311,0.0007858610479161143,-0.0060541690327227116,0.06913445144891739,0.014121755957603455,0.0028846519999206066,-0.0011998300906270742,0.003137602936476469,0.9945831652410037,-0.10394159857621643,-0.000718747963180116,0.10394096962268895,0.994583116075482,-0.0008632180961793811,0.0008045788236661373,0.0007838348248547875,0.9999993691277558,-0.0013044329825788736,0.0010822162730619311,0.0007858610479161143,42.48241224620996,0.0026323363465400556,-0.004747161355092767,6.951842100476586e-05,42.48241224620996,0.0026323363465400556,-0.004747161355092767,6.951842100476586e-05,-0.02242911048233509,0.06823786348104477,0.012130394577980042,0.0,0.0,0.0,0.9946078021445811,-0.10370785849262257,0.0,0.10370785849262257,0.9946078021445811,0.0,0.0,0.0,1.0,0.0,0.0,0.0
