step,timestamp_ns,experiment_time_s,reference_index,tick_dt_ms,solver_ms,px4_collective_command_newton,px4_collective_normalized,px4_thrust_body_z,state_raw_0,state_raw_1,state_raw_2,state_raw_3,state_raw_4,state_raw_5,state_raw_6,state_raw_7,state_raw_8,state_raw_9,state_raw_10,state_raw_11,state_raw_12,state_raw_13,state_raw_14,state_raw_15,state_raw_16,state_raw_17,state_used_0,state_used_1,state_used_2,state_used_3,state_used_4,state_used_5,state_used_6,state_used_7,state_used_8,state_used_9,state_used_10,state_used_11,state_used_12,state_used_13,state_used_14,state_used_15,state_used_16,state_used_17,control_raw_0,control_raw_1,control_raw_2,control_raw_3,control_used_0,control_used_1,control_used_2,control_used_3,reference_0,reference_1,reference_2,reference_3,reference_4,reference_5,reference_6,reference_7,reference_8,reference_9,reference_10,reference_11,reference_12,reference_13,reference_14,reference_15,reference_16,reference_17
0,1774977792524736284,0.0,0,0.0,0.5947969984845258,42.86488635100311,0.6913691346935985,-0.6913691346935985,0.009556899778544903,0.032794639468193054,-0.13076084852218628,0.008616097271442413,0.002435190137475729,-0.01625876873731613,0.9947577993297363,-0.10225897325986621,0.00014986626202252717,0.10225907900159381,0.9947571052140598,-0.0011754944865952181,-2.887566939453398e-05,0.0011846574949011118,0.999999297876161,-0.00032492776517756283,-0.000336663331836462,9.834692173171788e-05,0.009556899778544903,0.032794639468193054,-0.13076084852218628,0.008616097271442413,0.002435190137475729,-0.01625876873731613,0.9947577993297363,-0.10225897325986621,0.00014986626202252717,0.10225907900159381,0.9947571052140598,-0.0011754944865952181,-2.887566939453398e-05,0.0011846574949011118,0.999999297876161,-0.00032492776517756283,-0.000336663331836462,9.834692173171788e-05,42.86488635100311,0.004525381136475914,-0.0014544303721085571,-0.00019703076941612917,42.86488635100311,0.004525381136475914,-0.0014544303721085571,-0.00019703076941612917,0.0070842960849404335,0.02640611305832863,-0.12750642001628876,0.0,0.0,0.0,0.9947345507055005,-0.10248499223167282,0.0,0.10248499223167282,0.9947345507055005,0.0,0.0,0.0,1.0,0.0,0.0,0.0
1,1774977792534746687,0.010010403,10,10.010403,0.3500160019029863,42.870113072016224,0.6914534366454229,-0.6914534366454229,0.009581681340932846,0.03301778435707092,-0.1309046596288681,0.008625993505120277,0.002750704064965248,-0.016383156180381775,0.9947579971845496,-0.10225685712678545,0.00014549244788242266,0.10225695792096201,0.9947572915011026,-0.001185125416923144,-2.3542451329378045e-05,0.001193790626204394,0.9999992871545795,-1.4906690921634436e-05,0.001312226988375187,-0.00023801051429472864,0.009581681340932846,0.03301778435707092,-0.1309046596288681,0.008625993505120277,0.002750704064965248,-0.016383156180381775,0.9947579971845496,-0.10225685712678545,0.00014549244788242266,0.10225695792096201,0.9947572915011026,-0.001185125416923144,-2.3542451329378045e-05,0.001193790626204394,0.9999992871545795,-1.4906690921634436e-05,0.001312226988375187,-0.00023801051429472864,42.870113072016224,0.004563916014117063,-0.0018730338836306694,-0.000148293154500326,42.870113072016224,0.004563916014117063,-0.0018730338836306694,-0.000148293154500326,0.0070842960849404335,0.02640611305832863,-0.12750642001628876,0.0,0.0,0.0,0.9947345507055005,-0.10248499223167282,0.0,0.10248499223167282,0.9947345507055005,0.0,0.0,0.0,1.0,0.0,0.0,0.0
2,1774977792544770658,0.020034374,20,10.023971,0.31389899959322065,42.87518705667763,0.6915352751077037,-0.6915352751077037,0.009606986306607723,0.033239759504795074,-0.13105031847953796,0.008663139306008816,0.003033834043890238,-0.016491832211613655,0.9947591860974958,-0.10224536035576515,0.0001458812103664088,0.10224546194906448,0.9947584635236248,-0.001199199690372986,-2.2503949959819247e-05,0.0012078306160902032,0.9999992703191125,-0.0007795946439728141,0.0004717823176179081,0.00018829703913070261,0.009606986306607723,0.033239759504795074,-0.13105031847953796,0.008663139306008816,0.003033834043890238,-0.016491832211613655,0.9947591860974958,-0.10224536035576515,0.0001458812103664088,0.10224546194906448,0.9947584635236248,-0.001199199690372986,-2.2503949959819247e-05,0.0012078306160902032,0.9999992703191125,-0.0007795946439728141,0.0004717823176179081,0.00018829703913070261,42.87518705667763,0.004876146810926782,-0.0016636271672620536,-0.00022150300428354597,42.87518705667763,0.004876146810926782,-0.0016636271672620536,-0.00022150300428354597,0.0070842960849404335,0.02640611305832863,-0.12750642001628876,0.0,0.0,0.0,0.9947345507055005,-0.10248499223167282,0.0,0.10248499223167282,0.9947345507055005,0.0,0.0,0.0,1.0,0.0,0.0,0.0
3,1774977792554903764,0.03016748,30,10.133106,0.8039860003918875,42.88063555854044,0.6916231541700071,-0.6916231541700071,0.009632891975343227,0.03346043452620506,-0.13119786977767944,0.008704659529030323,0.0033038121182471514,-0.016625041142106056,0.9947605871566405,-0.10223315216740847,0.00015425712016659682,0.10223326434780922,0.9947598462892349,-0.0012144253799915364,-2.929439799489314e-05,0.0012238325461172359,0.9999992506876787,-0.0008743251673877239,-0.00038950660382397473,0.0008201817399822176,0.009632891975343227,0.03346043452620506,-0.13119786977767944,0.008704659529030323,0.0033038121182471514,-0.016625041142106056,0.9947605871566405,-0.10223315216740847,0.00015425712016659682,0.10223326434780922,0.9947598462892349,-0.0012144253799915364,-2.929439799489314e-05,0.0012238325461172359,0.9999992506876787,-0.0008743251673877239,-0.00038950660382397473,0.0008201817399822176,42.88063555854044,0.005020970863984645,-0.001430246399114683,-0.00032612895809376705,42.88063555854044,0.005020970863984645,-0.001430246399114683,-0.00032612895809376705,0.0070842960849404335,0.02640611305832863,-0.12750642001628876,0.0,0.0,0.0,0.9947345507055005,-0.10248499223167282,0.0,0.10248499223167282,0.9947345507055005,0.0,0.0,0.0,1.0,0.0,0.0,0.0
4,1774977792564830263,0.040093979,40,9.926499,0.7096920016920194,42.885527589309405,0.6917020578920872,-0.6917020578920872,0.00965954177081585,0.033679813146591187,-0.13134713470935822,0.008772225119173527,0.003570670261979103,-0.016712071374058723,0.9947622554562732,-0.10221722861959281,0.0001553902269613161,0.10221734252926695,0.9947615010197732,-0.0012254910937063712,-2.9310091648387937e-05,0.0012349556518014282,0.9999992370125518,-0.00021711141744162887,0.0009184811497107148,0.001026273355819285,0.00965954177081585,0.033679813146591187,-0.13134713470935822,0.008772225119173527,0.003570670261979103,-0.016712071374058723,0.9947622554562732,-0.10221722861959281,0.0001553902269613161,0.10221734252926695,0.9947615010197732,-0.0012254910937063712,-2.9310091648387937e-05,0.0012349556518014282,0.9999992370125518,-0.00021711141744162887,0.0009184811497107148,0.001026273355819285,42.885527589309405,0.004967256538755565,-0.0017627939477667894,-0.00036986988063283645,42.885527589309405,0.004967256538755565,-0.0017627939477667894,-0.00036986988063283645,0.0070842960849404335,0.02640611305832863,-0.12750642001628876,0.0,0.0,0.0,0.9947345507055005,-0.10248499223167282,0.0,0.10248499223167282,0.9947345507055005,0.0,0.0,0.0,1.0,0.0,0.0,0.0
5,1774977792574767988,0.050031704,50,9.937725,0.4997910000383854,42.89517891932952,0.6918577245053148,-0.6918577245053148,0.009670821018517017,0.034139007329940796,-0.13163882493972778,0.00877931248396635,0.004112649708986282,-0.01690249890089035,0.9947636392891555,-0.1022035966928625,0.00018339661028745138,0.10220374633737972,0.9947628616913617,-0.001245029050946981,-5.518985551095437e-05,0.0012572532498329632,0.9999992081339695,0.0005212395917624235,-0.0008226871723309159,-9.407156176166609e-05,0.009670821018517017,0.034139007329940796,-0.13163882493972778,0.00877931248396635,0.004112649708986282,-0.01690249890089035,0.9947636392891555,-0.1022035966928625,0.00018339661028745138,0.10220374633737972,0.9947628616913617,-0.001245029050946981,-5.518985551095437e-05,0.0012572532498329632,0.9999992081339695,0.0005212395917624235,-0.0008226871723309159,-9.407156176166609e-05,42.89517891932952,0.004998183188466703,-0.0012427253112742558,-0.00021279996293211288,42.89517891932952,0.004998183188466703,-0.0012427253112742558,-0.00021279996293211288,0.0070842960849404335,0.02640611305832863,-0.12750642001628876,0.0,0.0,0.0,0.9947345507055005,-0.10248499223167282,0.0,0.10248499223167282,0.9947345507055005,0.0,0.0,0.0,1.0,0.0,0.0,0.0
6,1774977792584753730,0.060017446,60,9.985742,0.4353669974079821,42.90110776854794,0.6919533511056118,-0.6919533511056118,0.00967739149928093,0.03436662256717682,-0.1317875236272812,0.008753358386456966,0.004384917672723532,-0.017068322747945786,0.9947646484766947,-0.1021938632233721,0.0001881909453346764,0.1021940192751607,0.9947638633194574,-0.0012512447774909452,-5.933619095715992e-05,0.0012639258449557156,0.9999991994851357,-6.079860031604767e-05,0.0010546022094786167,-0.00013799677253700793,0.00967739149928093,0.03436662256717682,-0.1317875236272812,0.008753358386456966,0.004384917672723532,-0.017068322747945786,0.9947646484766947,-0.1021938632233721,0.0001881909453346764,0.1021940192751607,0.9947638633194574,-0.0012512447774909452,-5.933619095715992e-05,0.0012639258449557156,0.9999991994851357,-6.079860031604767e-05,0.0010546022094786167,-0.00013799677253700793,42.90110776854794,0.0052419046012866085,-0.0016868133337871662,-0.00021404750937070158,42.90110776854794,0.0052419046012866085,-0.0016868133337871662,-0.00021404750937070158,0.0070842960849404335,0.02640611305832863,-0.12750642001628876,0.0,0.0,0.0,0.9947345507055005,-0.10248499223167282,0.0,0.10248499223167282,0.9947345507055005,0.0,0.0,0.0,1.0,0.0,0.0,0.0
7,1774977792594708476,0.069972192,69,9.954746,0.43716700020013377,42.90634976494042,0.692037899434523,-0.692037899434523,0.009684567339718342,0.0345926359295845,-0.13193827867507935,0.008766405284404755,0.004589706193655729,-0.017177071422338486,0.9947651520014609,-0.10218908781355007,0.000191086764777873,0.10218924804026597,0.9947643565415683,-0.0012595071507065514,-6.137860809091178e-05,0.00127244060011579,0.9999991885635938,5.440210225060582e-05,0.00032425287645310163,-0.00027164712082594633,0.009684567339718342,0.0345926359295845,-0.13193827867507935,0.008766405284404755,0.004589706193655729,-0.017177071422338486,0.9947651520014609,-0.10218908781355007,0.000191086764777873,0.10218924804026597,0.9947643565415683,-0.0012595071507065514,-6.137860809091178e-05,0.00127244060011579,0.9999991885635938,5.440210225060582e-05,0.00032425287645310163,-0.00027164712082594633,42.90634976494042,0.0053035008212481095,-0.001493111916319916,-0.00019785189833211527,42.90634976494042,0.0053035008212481095,-0.001493111916319916,-0.00019785189833211527,0.0070842960849404335,0.02640611305832863,-0.12750642001628876,0.0,0.0,0.0,0.9947345507055005,-0.10248499223167282,0.0,0.10248499223167282,0.9947345507055005,0.0,0.0,0.0,1.0,0.0,0.0,0.0
8,1774977792604887016,0.080150732,80,10.17854,0.4428350002854131,42.91604139645836,0.692194216071909,-0.692194216071909,0.009636931121349335,0.035080406814813614,-0.13226158916950226,0.00872169528156519,0.005182983819395304,-0.017309756949543953,0.9947664209076449,-0.1021759948377221,0.00020308212673894946,0.10217617165726556,0.9947656030201487,-0.001277623689658624,-7.147675619230756e-05,0.0012916871586812172,0.9999991632174073,-0.00021621998166665435,-0.0004283422022126615,0.0004880929773207754,0.009636931121349335,0.035080406814813614,-0.13226158916950226,0.00872169528156519,0.005182983819395304,-0.017309756949543953,0.9947664209076449,-0.1021759948377221,0.00020308212673894946,0.10217617165726556,0.9947656030201487,-0.001277623689658624,-7.147675619230756e-05,0.0012916871586812172,0.9999991632174073,-0.00021621998166665435,-0.0004283422022126615,0.0004880929773207754,42.91604139645836,0.0055950875752939335,-0.0012409550398317067,-0.000322353460791707,42.91604139645836,0.0055950875752939335,-0.0012409550398317067,-0.000322353460791707,0.0070842960849404335,0.02640611305832863,-0.12750642001628876,0.0,0.0,0.0,0.9947345507055005,-0.10248499223167282,0.0,0.10248499223167282,0.9947345507055005,0.0,0.0,0.0,1.0,0.0,0.0,0.0
9,1774977792614711967,0.089975683,89,9.824951,0.5034779969719239,42.921681535283746,0.6922851860529636,-0.6922851860529636,0.009614462032914162,0.03532226383686066,-0.13242511451244354,0.00867438968271017,0.005489145405590534,-0.017424050718545914,0.9947669167028964,-0.1021713992609441,0.00020213358576750412,0.10217157551366518,0.9947660866387521,-0.0012869662124290228,-6.958463778100263e-05,0.0013008835446011377,0.9999991514297286,-0.0005869255401194096,0.0017152397194877267,-0.0010133447358384728,0.009614462032914162,0.03532226383686066,-0.13242511451244354,0.00867438968271017,0.005489145405590534,-0.017424050718545914,0.9947669167028964,-0.1021713992609441,0.00020213358576750412,0.10217157551366518,0.9947660866387521,-0.0012869662124290228,-6.958463778100263e-05,0.0013008835446011377,0.9999991514297286,-0.0005869255401194096,0.0017152397194877267,-0.0010133447358384728,42.921681535283746,0.0058014533947733475,-0.001757206050501726,-0.0001008461158391685,42.921681535283746,0.0058014533947733475,-0.001757206050501726,-0.0001008461158391685,0.0070842960849404335,0.02640611305832863,-0.12750642001628876,0.0,0.0,0.0,0.9947345507055005,-0.10248499223167282,0.0,0.10248499223167282,0.9947345507055005,0.0,0.0,0.0,1.0,0.0,0.0,0.0
10,1774977792624830096,0.100093812,100,10.118129,0.4403099992487114,42.92753296760295,0.692379563993596,-0.692379563993596,0.009592996910214424,0.03556283935904503,-0.1325901746749878,0.008677252568304539,0.0057806456461548805,-0.017550546675920486,0.9947681495043637,-0.10215901751316259,0.0002051023260272386,0.10215919871616186,0.9947673000102983,-0.0013019763734221992,-7.102055946284908e-05,0.0013161175939956846,0.9999991313949724,-0.001639988855458796,0.0001857303432188928,0.0004605185240507126,0.009592996910214424,0.03556283935904503,-0.1325901746749878,0.008677252568304539,0.0057806456461548805,-0.017550546675920486,0.9947681495043637,-0.10215901751316259,0.0002051023260272386,0.10215919871616186,0.9947673000102983,-0.0013019763734221992,-7.102055946284908e-05,0.0013161175939956846,0.9999991313949724,-0.001639988855458796,0.0001857303432188928,0.0004605185240507126,42.92753296760295,0.006190650267752244,-0.0013558059239969914,-0.0003318899617399783,42.92753296760295,0.006190650267752244,-0.0013558059239969914,-0.0003318899617399783,0.0070842960849404335,0.02640611305832863,-0.12750642001628876,0.0,0.0,0.0,0.9947345507055005,-0.10248499223167282,0.0,0.10248499223167282,0.9947345507055005,0.0,0.0,0.0,1.0,0.0,0.0,0.0
11,1774977792634709775,0.109973491,109,9.879679,0.3827939981420059,42.933672377904315,0.6924785867403922,-0.6924785867403922,0.009541311301290989,0.03580700233578682,-0.13274657726287842,0.008636734448373318,0.006049682851880789,-0.01771487295627594,0.9947696688506539,-0.10214433461161954,0.0002044058607106672,0.10214451567579186,0.9947688048195119,-0.0013129415815490986,-6.922714290147347e-05,0.0013269532603446196,0.9999991172010145,0.00045311127905733883,0.001616174471564591,0.00046657075290568173,0.009541311301290989,0.03580700233578682,-0.13274657726287842,0.008636734448373318,0.006049682851880789,-0.01771487295627594,0.9947696688506539,-0.10214433461161954,0.0002044058607106672,0.10214451567579186,0.9947688048195119,-0.0013129415815490986,-6.922714290147347e-05,0.0013269532603446196,0.9999991172010145,0.00045311127905733883,0.001616174471564591,0.00046657075290568173,42.933672377904315,0.005777735012782426,-0.0016915741215361522,-0.000344610075053289,42.933672377904315,0.005777735012782426,-0.0016915741215361522,-0.000344610075053289,0.0070842960849404335,0.02640611305832863,-0.12750642001628876,0.0,0.0,0.0,0.9947345507055005,-0.10248499223167282,0.0,0.10248499223167282,0.9947345507055005,0.0,0.0,0.0,1.0,0.0,0.0,0.0
12,1774977792644715699,0.119979415,119,10.005924,0.33113500103354454,42.944294613802455,0.692649913125846,-0.692649913125846,0.009441633708775043,0.036291562020778656,-0.13306482136249542,0.008506306447088718,0.006620918400585651,-0.01792547106742859,0.9947716466946231,-0.1021239850432285,0.000219914339402303,0.10212418842184512,0.9947707565629501,-0.0013333331583109571,-8.259905018409217e-05,0.0013488206050601796,0.9999990869297634,-3.5691249649971724e-05,-0.000174782209796831,1.8966678908327594e-05,0.009441633708775043,0.036291562020778656,-0.13306482136249542,0.008506306447088718,0.006620918400585651,-0.01792547106742859,0.9947716466946231,-0.1021239850432285,0.000219914339402303,0.10212418842184512,0.9947707565629501,-0.0013333331583109571,-8.259905018409217e-05,0.0013488206050601796,0.9999990869297634,-3.5691249649971724e-05,-0.000174782209796831,1.8966678908327594e-05,42.944294613802455,0.006121957036642278,-0.00114776640688142,-0.0002938330790654786,42.944294613802455,0.006121957036642278,-0.00114776640688142,-0.0002938330790654786,0.0070842960849404335,0.02640611305832863,-0.12750642001628876,0.0,0.0,0.0,0.9947345507055005,-0.10248499223167282,0.0,0.10248499223167282,0.9947345507055005,0.0,0.0,0.0,1.0,0.0,0.0,0.0
13,1774977792654743520,0.130007236,130,10.027821,0.5004649974580389,42.94976408592558,0.6927381304181545,-0.6927381304181545,0.009393701329827309,0.03653193265199661,-0.13322636485099792,0.008500533178448677,0.006884666159749031,-0.018026672303676605,0.9947733319806338,-0.10210770166096217,0.00023426573751439417,0.10210792556579329,0.9947724270326341,-0.0013452104032937867,-9.568476487986644e-05,0.0013620998093652609,0.9999990677638413,-0.000978022231720388,-0.0003977529122494161,0.0009935954585671425,0.009393701329827309,0.03653193265199661,-0.13322636485099792,0.008500533178448677,0.006884666159749031,-0.018026672303676605,0.9947733319806338,-0.10210770166096217,0.00023426573751439417,0.10210792556579329,0.9947724270326341,-0.0013452104032937867,-9.568476487986644e-05,0.0013620998093652609,0.9999990677638413,-0.000978022231720388,-0.0003977529122494161,0.0009935954585671425,42.94976408592558,0.006469317879550337,-0.0010401172566224806,-0.00045312949425608455,42.94976408592558,0.006469317879550337,-0.0010401172566224806,-0.00045312949425608455,0.0070842960849404335,0.02640611305832863,-0.12750642001628876,0.0,0.0,0.0,0.9947345507055005,-0.10248499223167282,0.0,0.10248499223167282,0.9947345507055005,0.0,0.0,0.0,1.0,0.0,0.0,0.0
14,1774977792664746892,0.140010608,140,10.003372,0.5202409993216861,42.95562005584244,0.6928325815458458,-0.6928325815458458,0.009320405311882496,0.03676046058535576,-0.13340242207050323,0.008467011153697968,0.007197753991931677,-0.018130317330360413,0.9947745182536082,-0.1020961987498834,0.0002438906742950088,0.10209643687504166,0.9947735999707689,-0.001355664840592588,-0.00010420779719071127,0.0013734811815353208,0.9999990513446547,-0.0006236585322767496,0.00014583625306840986,-0.00022781960433349013,0.009320405311882496,0.03676046058535576,-0.13340242207050323,0.008467011153697968,0.007197753991931677,-0.018130317330360413,0.9947745182536082,-0.1020961987498834,0.0002438906742950088,0.10209643687504166,0.9947735999707689,-0.001355664840592588,-0.00010420779719071127,0.0013734811815353208,0.9999990513446547,-0.0006236585322767496,0.00014583625306840986,-0.00022781960433349013,42.95562005584244,0.006496477026679746,-0.00112640064613521,-0.0002791736393565362,42.95562005584244,0.006496477026679746,-0.00112640064613521,-0.0002791736393565362,0.0070842960849404335,0.02640611305832863,-0.12750642001628876,0.0,0.0,0.0,0.9947345507055005,-0.10248499223167282,0.0,0.10248499223167282,0.9947345507055005,0.0,0.0,0.0,1.0,0.0,0.0,0.0
15,1774977792674704582,0.149968298,149,9.95769,0.5088479992991779,42.9623828764266,0.6929416592972033,-0.6929416592972033,0.009248883463442326,0.03698849678039551,-0.1335800290107727,0.008430738002061844,0.00752794835716486,-0.018300224095582962,0.9947756649818991,-0.10208558232830156,0.0002568794494376414,0.10208584016121391,0.9947747261565376,-0.0013715631011325113,-0.00011552045484231055,0.0013906212339974688,0.9999990264133989,-0.0010746115585789084,0.00012304316624067724,-0.00018825176812242717,0.009248883463442326,0.03698849678039551,-0.1335800290107727,0.008430738002061844,0.00752794835716486,-0.018300224095582962,0.9947756649818991,-0.10208558232830156,0.0002568794494376414,0.10208584016121391,0.9947747261565376,-0.0013715631011325113,-0.00011552045484231055,0.0013906212339974688,0.9999990264133989,-0.0010746115585789084,0.00012304316624067724,-0.00018825176812242717,42.9623828764266,0.006741809004544259,-0.0010619126776889396,-0.000293656108038501,42.9623828764266,0.006741809004544259,-0.0010619126776889396,-0.000293656108038501,0.0070842960849404335,0.02640611305832863,-0.12750642001628876,0.0,0.0,0.0,0.9947345507055005,-0.10248499223167282,0.0,0.10248499223167282,0.9947345507055005,0.0,0.0,0.0,1.0,0.0,0.0,0.0
16,1774977792684778859,0.160042575,160,10.074277,0.4471159991226159,42.973628610471174,0.6931230421043738,-0.6931230421043738,0.009109925478696823,0.03744303435087204,-0.1339256316423416,0.00823924969881773,0.008123080246150494,-0.018504926934838295,0.9947796849954885,-0.10204682250521846,0.00027522805143349524,0.10204710794873462,0.9947787269901239,-0.0013869033448560657,-0.0001322620742853116,0.0014077493072186427,0.9999990003739303,-0.0011216477723792195,-0.00031076857703737915,0.0006287624128162861,0.009109925478696823,0.03744303435087204,-0.1339256316423416,0.00823924969881773,0.008123080246150494,-0.018504926934838295,0.9947796849954885,-0.10204682250521846,0.00027522805143349524,0.10204710794873462,0.9947787269901239,-0.0013869033448560657,-0.0001322620742853116,0.0014077493072186427,0.9999990003739303,-0.0011216477723792195,-0.00031076857703737915,0.0006287624128162861,42.973628610471174,0.006961963494842518,-0.0008329973593974375,-0.00044737626242190835,42.973628610471174,0.006961963494842518,-0.0008329973593974375,-0.00044737626242190835,0.0070842960849404335,0.02640611305832863,-0.12750642001628876,0.0,0.0,0.0,0.9947345507055005,-0.10248499223167282,0.0,0.10248499223167282,0.9947345507055005,0.0,0.0,0.0,1.0,0.0,0.0,0.0
17,1774977792694725526,0.169989242,169,9.946667,0.4030089985462837,42.98025881535602,0.6932299808928389,-0.6932299808928389,0.009020383469760418,0.037649448961019516,-0.1341019719839096,0.00812534149736166,0.008376547135412693,-0.018664874136447906,0.9947815361128766,-0.10202894967128029,0.00028486915423940953,0.10202925041453059,0.9947805623534317,-0.0013989768665142663,-0.00014064632403228833,0.0014207411163246302,0.9999989808562618,-0.0003885572368744761,0.000548942422028631,0.0007643313729204237,0.009020383469760418,0.037649448961019516,-0.1341019719839096,0.00812534149736166,0.008376547135412693,-0.018664874136447906,0.9947815361128766,-0.10202894967128029,0.00028486915423940953,0.10202925041453059,0.9947805623534317,-0.0013989768665142663,-0.00014064632403228833,0.0014207411163246302,0.9999989808562618,-0.0003885572368744761,0.000548942422028631,0.0007643313729204237,42.98025881535602,0.006881713795318,-0.0009815642345875637,-0.0004820814608234267,42.98025881535602,0.006881713795318,-0.0009815642345875637,-0.0004820814608234267,0.0070842960849404335,0.02640611305832863,-0.12750642001628876,0.0,0.0,0.0,0.9947345507055005,-0.10248499223167282,0.0,0.10248499223167282,0.9947345507055005,0.0,0.0,0.0,1.0,0.0,0.0,0.0
18,1774977792704777830,0.180041546,180,10.052304,0.5284309991111513,42.986938824095894,0.6933377229692886,-0.6933377229692886,0.008932333439588547,0.03785531222820282,-0.1342800408601761,0.008045041933655739,0.008609797805547714,-0.018824368715286255,0.9947832900226365,-0.10201107008737331,0.00029319065788652177,0.10201138265837417,0.9947823176253814,-0.0013988700564878526,-0.0001489607293208156,0.001421481233759514,0.9999989786004442,0.00040238359360955656,0.0006718146032653749,0.0011935109505429864,0.008932333439588547,0.03785531222820282,-0.1342800408601761,0.008045041933655739,0.008609797805547714,-0.018824368715286255,0.9947832900226365,-0.10201107008737331,0.00029319065788652177,0.10201138265837417,0.9947823176253814,-0.0013988700564878526,-0.0001489607293208156,0.001421481233759514,0.9999989786004442,0.00040238359360955656,0.0006718146032653749,0.0011935109505429864,42.986938824095894,0.006753096690635548,-0.0009566229729304715,-0.0005608239054118738,42.986938824095894,0.006753096690635548,-0.0009566229729304715,-0.0005608239054118738,0.0070842960849404335,0.02640611305832863,-0.12750642001628876,0.0,0.0,0.0,0.9947345507055005,-0.10248499223167282,0.0,0.10248499223167282,0.9947345507055005,0.0,0.0,0.0,1.0,0.0,0.0,0.0
19,1774977792714743945,0.190007661,190,9.966115,0.3486040004645474,42.99355595306859,0.693444450855945,-0.693444450855945,0.008846066892147064,0.03806067258119583,-0.13445988297462463,0.007995923049747944,0.00885926652699709,-0.01897534355521202,0.9947848463292621,-0.10199549582202017,0.00029780207061145744,0.10199581553050963,0.9947838693788122,-0.0014025613671219996,-0.00015319378825638316,0.0014256213119349971,0.999998972067269,-1.8063787138089538e-05,0.00019946330576203763,-0.00015981185424607247,0.008846066892147064,0.03806067258119583,-0.13445988297462463,0.007995923049747944,0.00885926652699709,-0.01897534355521202,0.9947848463292621,-0.10199549582202017,0.00029780207061145744,0.10199581553050963,0.9947838693788122,-0.0014025613671219996,-0.00015319378825638316,0.0014256213119349971,0.999998972067269,-1.8063787138089538e-05,0.00019946330576203763,-0.00015981185424607247,42.99355595306859,0.006940606231376241,-0.0007982507766354906,-0.000370345785772833,42.99355595306859,0.006940606231376241,-0.0007982507766354906,-0.000370345785772833,0.0070842960849404335,0.02640611305832863,-0.12750642001628876,0.0,0.0,0.0,0.9947345507055005,-0.10248499223167282,0.0,0.10248499223167282,0.9947345507055005,0.0,0.0,0.0,1.0,0.0,0.0,0.0
20,1774977792724760212,0.200023928,200,10.016267,0.631659000646323,43.005253769585345,0.6936331253158926,-0.6936331253158926,0.008658165112137794,0.03843272104859352,-0.1348274052143097,0.0078119938261806965,0.009289240464568138,-0.019171101972460747,0.9947876974605742,-0.10196807262566931,0.0003040562452352423,0.10196840418343123,0.9947866951993866,-0.0014208823720347485,-0.00015758655259001664,0.001444480319654249,0.9999989443210537,-0.0006982528720982373,0.0014978126855567098,0.0005295306909829378,0.008658165112137794,0.03843272104859352,-0.1348274052143097,0.0078119938261806965,0.009289240464568138,-0.019171101972460747,0.9947876974605742,-0.10196807262566931,0.0003040562452352423,0.10196840418343123,0.9947866951993866,-0.0014208823720347485,-0.00015758655259001664,0.001444480319654249,0.9999989443210537,-0.0006982528720982373,0.0014978126855567098,0.0005295306909829378,43.005253769585345,0.007282328685570428,-0.0010325850868921726,-0.0004957927884798297,43.005253769585345,0.007282328685570428,-0.0010325850868921726,-0.0004957927884798297,0.0070842960849404335,0.02640611305832863,-0.12750642001628876,0.0,0.0,0.0,0.9947345507055005,-0.10248499223167282,0.0,0.10248499223167282,0.9947345507055005,0.0,0.0,0.0,1.0,0.0,0.0,0.0
21,1774977792734741647,0.210005363,210,9.981435,0.40316800004802644,43.01084598029144,0.6937233222627652,-0.6937233222627652,0.008556414395570755,0.038599804043769836,-0.1350143998861313,0.007705904543399811,0.00949211698025465,-0.019228003919124603,0.9947881227147676,-0.10196488633112355,0.00031410107982159097,0.10196523372089361,0.9947871106958516,-0.0014287421499295586,-0.00016678237275063318,0.0014533228338776266,0.9999989300177858,-0.000714337918907404,0.00040095389704219997,-0.00150609842967242,0.008556414395570755,0.038599804043769836,-0.1350143998861313,0.007705904543399811,0.00949211698025465,-0.019228003919124603,0.9947881227147676,-0.10196488633112355,0.00031410107982159097,0.10196523372089361,0.9947871106958516,-0.0014287421499295586,-0.00016678237275063318,0.0014533228338776266,0.9999989300177858,-0.000714337918907404,0.00040095389704219997,-0.00150609842967242,43.01084598029144,0.0073636430140410925,-0.0006927451410051704,-0.0001930072186307191,43.01084598029144,0.0073636430140410925,-0.0006927451410051704,-0.0001930072186307191,0.0070842960849404335,0.02640611305832863,-0.12750642001628876,0.0,0.0,0.0,0.9947345507055005,-0.10248499223167282,0.0,0.10248499223167282,0.9947345507055005,0.0,0.0,0.0,1.0,0.0,0.0,0.0
22,1774977792744765700,0.220029416,220,10.024053,0.3568359970813617,43.01711636925201,0.6938244575685808,-0.6938244575685808,0.008456210605800152,0.038766905665397644,-0.13520239293575287,0.007568055298179388,0.009692336432635784,-0.019334210082888603,0.9947882338202342,-0.10196258029022687,0.00032365439788841974,0.1019629415819896,0.9947872233497427,-0.001428804703908857,-0.00017628270381280994,0.0014543587795042313,0.9999989268819486,0.00043887010542675853,-0.0003693181788548827,-0.0006004725582897663,0.008456210605800152,0.038766905665397644,-0.13520239293575287,0.007568055298179388,0.009692336432635784,-0.019334210082888603,0.9947882338202342,-0.10196258029022687,0.00032365439788841974,0.1019629415819896,0.9947872233497427,-0.001428804703908857,-0.00017628270381280994,0.0014543587795042313,0.9999989268819486,0.00043887010542675853,-0.0003693181788548827,-0.0006004725582897663,43.01711636925201,0.007132022179035455,-0.00042949423733475064,-0.00033068137105059795,43.01711636925201,0.007132022179035455,-0.00042949423733475064,-0.00033068137105059795,0.0070842960849404335,0.02640611305832863,-0.12750642001628876,0.0,0.0,0.0,0.9947345507055005,-0.10248499223167282,0.0,0.10248499223167282,0.9947345507055005,0.0,0.0,0.0,1.0,0.0,0.0,0.0
23,1774977792754999432,0.230263148,230,10.233732,0.6530310020025354,43.0175265432066,0.6938310732775258,-0.6938310732775258,0.008456210605800152,0.038766905665397644,-0.13520239293575287,0.007568055298179388,0.009692336432635784,-0.019334210082888603,0.9947882338202342,-0.10196258029022687,0.00032365439788841974,0.1019629415819896,0.9947872233497427,-0.001428804703908857,-0.00017628270381280994,0.0014543587795042313,0.9999989268819486,0.00043887010542675853,-0.0003693181788548827,-0.0006004725582897663,0.008456210605800152,0.038766905665397644,-0.13520239293575287,0.007568055298179388,0.009692336432635784,-0.019334210082888603,0.9947882338202342,-0.10196258029022687,0.00032365439788841974,0.1019629415819896,0.9947872233497427,-0.001428804703908857,-0.00017628270381280994,0.0014543587795042313,0.9999989268819486,0.00043887010542675853,-0.0003693181788548827,-0.0006004725582897663,43.0175265432066,0.007131987186293588,-0.0004294815375741093,-0.00033068136038005857,43.0175265432066,0.007131987186293588,-0.0004294815375741093,-0.00033068136038005857,0.0070842960849404335,0.02640611305832863,-0.12750642001628876,0.0,0.0,0.0,0.9947345507055005,-0.10248499223167282,0.0,0.10248499223167282,0.9947345507055005,0.0,0.0,0.0,1.0,0.0,0.0,0.0
24,1774977792764757039,0.240020755,240,9.757607,0.34321899875067174,43.03665974862835,0.6941396733649734,-0.6941396733649734,0.008102637715637684,0.039181940257549286,-0.13576307892799377,0.007033282425254583,0.010160787031054497,-0.019743813201785088,0.994792225292418,-0.10192398382772483,0.0003440357702936235,0.10192437318136838,0.9947912307259479,-0.001420480401858746,-0.00019746285035730435,0.0014481483370273503,0.9999989319369292,0.0005751242279075086,0.0008309418917633593,0.0009572218405082822,0.008102637715637684,0.039181940257549286,-0.13576307892799377,0.007033282425254583,0.010160787031054497,-0.019743813201785088,0.994792225292418,-0.10192398382772483,0.0003440357702936235,0.10192437318136838,0.9947912307259479,-0.001420480401858746,-0.00019746285035730435,0.0014481483370273503,0.9999989319369292,0.0005751242279075086,0.0008309418917633593,0.0009572218405082822,43.03665974862835,0.007205905421143175,-0.0005114223913028366,-0.0005953147690284649,43.03665974862835,0.007205905421143175,-0.0005114223913028366,-0.0005953147690284649,0.0070842960849404335,0.02640611305832863,-0.12750642001628876,0.0,0.0,0.0,0.9947345507055005,-0.10248499223167282,0.0,0.10248499223167282,0.9947345507055005,0.0,0.0,0.0,1.0,0.0,0.0,0.0
25,1774977792775032359,0.250296075,250,10.27532,0.4584599992085714,43.04377164976805,0.6942543814478718,-0.6942543814478718,0.007977886125445366,0.03930632770061493,-0.135954812169075,0.006915484555065632,0.01029190979897976,-0.01990394853055477,0.9947932661309521,-0.10191353695591077,0.00036051546307591664,0.10191395140090265,0.9947922667824999,-0.0014261084787739464,-0.00021329831334315763,0.001455424550388218,0.999998918121088,-0.0011542539577931166,-0.0009704956319183111,0.000148442413774319,0.007977886125445366,0.03930632770061493,-0.135954812169075,0.006915484555065632,0.01029190979897976,-0.01990394853055477,0.9947932661309521,-0.10191353695591077,0.00036051546307591664,0.10191395140090265,0.9947922667824999,-0.0014261084787739464,-0.00021329831334315763,0.001455424550388218,0.999998918121088,-0.0011542539577931166,-0.0009704956319183111,0.000148442413774319,43.04377164976805,0.007689483146966908,2.394669733862826e-05,-0.0004823801451670429,43.04377164976805,0.007689483146966908,2.394669733862826e-05,-0.0004823801451670429,0.0070842960849404335,0.02640611305832863,-0.12750642001628876,0.0,0.0,0.0,0.9947345507055005,-0.10248499223167282,0.0,0.10248499223167282,0.9947345507055005,0.0,0.0,0.0,1.0,0.0,0.0,0.0
26,1774977792784745235,0.260008951,260,9.712876,0.4272029982530512,43.049937102341886,0.6943538242313207,-0.6943538242313207,0.007855337113142014,0.03943084925413132,-0.13614778220653534,0.00685556186363101,0.010411610826849937,-0.019990330561995506,0.9947939714802895,-0.10190645970055412,0.0003705260962413859,0.1019068912984833,0.994792957437726,-0.0014376543536255004,-0.00022209054604052647,0.0014679289553155006,0.9999988979296333,-0.0015875092940405011,9.421857976121828e-05,-0.00010673012002371252,0.007855337113142014,0.03943084925413132,-0.13614778220653534,0.00685556186363101,0.010411610826849937,-0.019990330561995506,0.9947939714802895,-0.10190645970055412,0.0003705260962413859,0.1019068912984833,0.994792957437726,-0.0014376543536255004,-0.00022209054604052647,0.0014679289553155006,0.9999988979296333,-0.0015875092940405011,9.421857976121828e-05,-0.00010673012002371252,43.049937102341886,0.007862909475439186,-0.00018560524001533514,-0.00044978768302176414,43.049937102341886,0.007862909475439186,-0.00018560524001533514,-0.00044978768302176414,0.0070842960849404335,0.02640611305832863,-0.12750642001628876,0.0,0.0,0.0,0.9947345507055005,-0.10248499223167282,0.0,0.10248499223167282,0.9947345507055005,0.0,0.0,0.0,1.0,0.0,0.0,0.0
27,1774977792794829226,0.270092942,270,10.083991,0.5678460001945496,43.05039092393356,0.6943611439344123,-0.6943611439344123,0.007855337113142014,0.03943084925413132,-0.13614778220653534,0.00685556186363101,0.010411610826849937,-0.019990330561995506,0.9947939714802895,-0.10190645970055412,0.0003705260962413859,0.1019068912984833,0.994792957437726,-0.0014376543536255004,-0.00022209054604052647,0.0014679289553155006,0.9999988979296333,-0.0015875092940405011,9.421857976121828e-05,-0.00010673012002371252,0.007855337113142014,0.03943084925413132,-0.13614778220653534,0.00685556186363101,0.010411610826849937,-0.019990330561995506,0.9947939714802895,-0.10190645970055412,0.0003705260962413859,0.1019068912984833,0.994792957437726,-0.0014376543536255004,-0.00022209054604052647,0.0014679289553155006,0.9999988979296333,-0.0015875092940405011,9.421857976121828e-05,-0.00010673012002371252,43.05039092393356,0.00786286865669943,-0.00018559375601831193,-0.0004497876722826694,43.05039092393356,0.00786286865669943,-0.00018559375601831193,-0.0004497876722826694,0.0070842960849404335,0.02640611305832863,-0.12750642001628876,0.0,0.0,0.0,0.9947345507055005,-0.10248499223167282,0.0,0.10248499223167282,0.9947345507055005,0.0,0.0,0.0,1.0,0.0,0.0,0.0
28,1774977792804743817,0.280007533,280,9.914591,0.6765590005670674,43.062417572082374,0.6945551221303609,-0.6945551221303609,0.007593522779643536,0.03964307904243469,-0.13653971254825592,0.006700907833874226,0.010661703534424305,-0.02015995793044567,0.9947954268606822,-0.10189300182625893,0.0003987213504521199,0.10189347780739944,0.9947944020833943,-0.0014494367133110822,-0.00024895846450504605,0.0014825198764777774,0.9999988700767567,-0.0005300545017234981,-0.001150985830463469,-0.0005896029178984463,0.007593522779643536,0.03964307904243469,-0.13653971254825592,0.006700907833874226,0.010661703534424305,-0.02015995793044567,0.9947954268606822,-0.10189300182625893,0.0003987213504521199,0.10189347780739944,0.9947944020833943,-0.0014494367133110822,-0.00024895846450504605,0.0014825198764777774,0.9999988700767567,-0.0005300545017234981,-0.001150985830463469,-0.0005896029178984463,43.062417572082374,0.007697067505950753,0.0002682027241828969,-0.0003881594966968415,43.062417572082374,0.007697067505950753,0.0002682027241828969,-0.0003881594966968415,0.0070842960849404335,0.02640611305832863,-0.12750642001628876,0.0,0.0,0.0,0.9947345507055005,-0.10248499223167282,0.0,0.10248499223167282,0.9947345507055005,0.0,0.0,0.0,1.0,0.0,0.0,0.0
29,1774977792814788865,0.290052581,290,10.045048,0.5400529989856295,43.062890144724086,0.6945627442697433,-0.6945627442697433,0.007593522779643536,0.03964307904243469,-0.13653971254825592,0.006700907833874226,0.010661703534424305,-0.02015995793044567,0.9947954268606822,-0.10189300182625893,0.0003987213504521199,0.10189347780739944,0.9947944020833943,-0.0014494367133110822,-0.00024895846450504605,0.0014825198764777774,0.9999988700767567,-0.0005300545017234981,-0.001150985830463469,-0.0005896029178984463,0.007593522779643536,0.03964307904243469,-0.13653971254825592,0.006700907833874226,0.010661703534424305,-0.02015995793044567,0.9947954268606822,-0.10189300182625893,0.0003987213504521199,0.10189347780739944,0.9947944020833943,-0.0014494367133110822,-0.00024895846450504605,0.0014825198764777774,0.9999988700767567,-0.0005300545017234981,-0.001150985830463469,-0.0005896029178984463,43.062890144724086,0.007697024255178007,0.0002682138891517854,-0.0003881594857316805,43.062890144724086,0.007697024255178007,0.0002682138891517854,-0.0003881594857316805,0.0070842960849404335,0.02640611305832863,-0.12750642001628876,0.0,0.0,0.0,0.9947345507055005,-0.10248499223167282,0.0,0.10248499223167282,0.9947345507055005,0.0,0.0,0.0,1.0,0.0,0.0,0.0
30,1774977792824731234,0.29999495,299,9.942369,0.4122669997741468,43.08306748752083,0.694888185282594,-0.694888185282594,0.0071813492104411125,0.03990806266665459,-0.13715976476669312,0.006237053778022528,0.01087869331240654,-0.020534830167889595,0.9947979324118783,-0.10186697530617073,0.00043247756890232164,0.10186750414618717,0.9947969021909195,-0.0014591148677859898,-0.00028159172441328054,0.0014955798693950598,0.9999988419728039,-0.001168699935078621,-0.0010088881244882941,-0.00031407232745550573,0.0071813492104411125,0.03990806266665459,-0.13715976476669312,0.006237053778022528,0.01087869331240654,-0.020534830167889595,0.9947979324118783,-0.10186697530617073,0.00043247756890232164,0.10186750414618717,0.9947969021909195,-0.0014591148677859898,-0.00028159172441328054,0.0014955798693950598,0.9999988419728039,-0.001168699935078621,-0.0010088881244882941,-0.00031407232745550573,43.08306748752083,0.007940791372518644,0.0004700249902086631,-0.00045033947950522384,43.08306748752083,0.007940791372518644,0.0004700249902086631,-0.00045033947950522384,0.0070842960849404335,0.02640611305832863,-0.12750642001628876,0.0,0.0,0.0,0.9947345507055005,-0.10248499223167282,0.0,0.10248499223167282,0.9947345507055005,0.0,0.0,0.0,1.0,0.0,0.0,0.0
