step,timestamp_ns,experiment_time_s,reference_index,tick_dt_ms,solver_ms,px4_collective_command_newton,px4_collective_normalized,px4_thrust_body_z,state_raw_0,state_raw_1,state_raw_2,state_raw_3,state_raw_4,state_raw_5,state_raw_6,state_raw_7,state_raw_8,state_raw_9,state_raw_10,state_raw_11,state_raw_12,state_raw_13,state_raw_14,state_raw_15,state_raw_16,state_raw_17,state_used_0,state_used_1,state_used_2,state_used_3,state_used_4,state_used_5,state_used_6,state_used_7,state_used_8,state_used_9,state_used_10,state_used_11,state_used_12,state_used_13,state_used_14,state_used_15,state_used_16,state_used_17,control_raw_0,control_raw_1,control_raw_2,control_raw_3,control_used_0,control_used_1,control_used_2,control_used_3,reference_0,reference_1,reference_2,reference_3,reference_4,reference_5,reference_6,reference_7,reference_8,reference_9,reference_10,reference_11,reference_12,reference_13,reference_14,reference_15,reference_16,reference_17
0,1774125872602886715,0.0,0,0.0,31.692150980234146,43.57653901234151,0.5447067376542689,-0.5447067376542689,0.025607608258724213,-0.008416679687798023,0.018262088298797607,0.011114808730781078,-0.009938141331076622,7.414905849145725e-05,0.9945205305459173,-0.10454209469931697,0.00013998574430520994,0.10454188945737974,0.99451999723595,0.0010598508953745013,-0.00025001756290057506,-0.0010394090375189513,0.9999994285599123,0.00107964884955436,-0.00021264865063130856,-0.00044443950173445046,0.025607608258724213,-0.008416679687798023,0.018262088298797607,0.011114808730781078,-0.009938141331076622,7.414905849145725e-05,0.9945205305459173,-0.10454209469931697,0.00013998574430520994,0.10454188945737974,0.99451999723595,0.0010598508953745013,-0.00025001756290057506,-0.0010394090375189513,0.9999994285599123,0.00107964884955436,-0.00021264865063130856,-0.00044443950173445046,43.57653901234151,-0.024018154431162096,-0.0006412601454364429,0.0001575713413479271,43.57653901234151,-0.024018154431162096,-0.0006412601454364429,0.0001575713413479271,0.02982730232179165,-0.005166561808437109,0.016676247119903564,0.0,0.0,0.0,0.9945047921705787,-0.10469205775133616,-0.0002692000416325245,0.10469224866989024,0.9945044576176036,0.0008354174549779943,0.00018025915229978942,-0.0008590096766096546,0.9999996148044815,0.0,0.0,0.0
1,1774125872635587190,0.032700475,32,32.700475,12.118305021431297,43.57653901234151,0.5447067376542689,-0.5447067376542689,0.025607608258724213,-0.008416679687798023,0.018262088298797607,0.011114808730781078,-0.009938141331076622,7.414905849145725e-05,0.9945205305459173,-0.10454209469931697,0.00013998574430520994,0.10454188945737974,0.99451999723595,0.0010598508953745013,-0.00025001756290057506,-0.0010394090375189513,0.9999994285599123,0.00107964884955436,-0.00021264865063130856,-0.00044443950173445046,0.025607608258724213,-0.008416679687798023,0.018262088298797607,0.011114808730781078,-0.009938141331076622,7.414905849145725e-05,0.9945205305459173,-0.10454209469931697,0.00013998574430520994,0.10454188945737974,0.99451999723595,0.0010598508953745013,-0.00025001756290057506,-0.0010394090375189513,0.9999994285599123,0.00107964884955436,-0.00021264865063130856,-0.00044443950173445046,43.57653901234151,-0.024018154431162096,-0.0006412601454364429,0.0001575713413479271,43.57653901234151,-0.024018154431162096,-0.0006412601454364429,0.0001575713413479271,0.02982730232179165,-0.005166561808437109,0.016676247119903564,0.0,0.0,0.0,0.9945047921705787,-0.10469205775133616,-0.0002692000416325245,0.10469224866989024,0.9945044576176036,0.0008354174549779943,0.00018025915229978942,-0.0008590096766096546,0.9999996148044815,0.0,0.0,0.0
2,1774125872649144017,0.046257302,46,13.556827,10.448807995999232,43.04841196455375,0.5381051495569219,-0.5381051495569219,0.025122469291090965,-0.00853970367461443,0.018318310379981995,0.01051897369325161,-0.010034920647740364,0.00022947591787669808,0.9945215568383714,-0.1045322023188684,0.00017741119784985687,0.10453195513685043,0.9945210223018608,0.001070685519682646,-0.0002883601952022308,-0.0010462746355539496,0.9999994110787562,-5.335222522262484e-05,-0.00023993363720364869,-0.00029863478266634047,0.025122469291090965,-0.00853970367461443,0.018318310379981995,0.01051897369325161,-0.010034920647740364,0.00022947591787669808,0.9945215568383714,-0.1045322023188684,0.00017741119784985687,0.10453195513685043,0.9945210223018608,0.001070685519682646,-0.0002883601952022308,-0.0010462746355539496,0.9999994110787562,-5.335222522262484e-05,-0.00023993363720364869,-0.00029863478266634047,43.04841196455375,-0.023073944615095588,-0.0006117714033664175,0.0001054371003503139,43.04841196455375,-0.023073944615095588,-0.0006117714033664175,0.0001054371003503139,0.02982730232179165,-0.005166561808437109,0.016676247119903564,0.0,0.0,0.0,0.9945047921705787,-0.10469205775133616,-0.0002692000416325245,0.10469224866989024,0.9945044576176036,0.0008354174549779943,0.00018025915229978942,-0.0008590096766096546,0.9999996148044815,0.0,0.0,0.0
3,1774125872661283270,0.058396555,58,12.139253,9.04796100803651,43.0395936519905,0.5379949206498813,-0.5379949206498813,0.02488594502210617,-0.008603030815720558,0.018346384167671204,0.010286610573530197,-0.010129368863999844,0.0002477057569194585,0.9945224182194962,-0.10452388975975158,0.00018975311773155104,0.10452362648737701,0.9945218761925149,0.0010812762494515939,-0.0003017327511058328,-0.001055519739382952,0.9999993974175645,0.0008761960198171437,0.0003523718623910099,0.00047454185551032424,0.02488594502210617,-0.008603030815720558,0.018346384167671204,0.010286610573530197,-0.010129368863999844,0.0002477057569194585,0.9945224182194962,-0.10452388975975158,0.00018975311773155104,0.10452362648737701,0.9945218761925149,0.0010812762494515939,-0.0003017327511058328,-0.001055519739382952,0.9999993974175645,0.0008761960198171437,0.0003523718623910099,0.00047454185551032424,43.0395936519905,-0.02391364092923245,-0.0011175226588789073,-0.00017243515826170991,43.0395936519905,-0.02391364092923245,-0.0011175226588789073,-0.00017243515826170991,0.02982730232179165,-0.005166561808437109,0.016676247119903564,0.0,0.0,0.0,0.9945047921705787,-0.10469205775133616,-0.0002692000416325245,0.10469224866989024,0.9945044576176036,0.0008354174549779943,0.00018025915229978942,-0.0008590096766096546,0.9999996148044815,0.0,0.0,0.0
4,1774125872671551075,0.06866436,68,10.267805,8.81383300293237,42.62591550238247,0.5328239437797808,-0.5328239437797808,0.02439681999385357,-0.008709912188351154,0.018394485116004944,0.009783915244042873,-0.010264509357511997,0.0003767723392229527,0.9945241735090863,-0.10450656002676295,0.00022208702851474194,0.1045062563976693,0.9945236218088579,0.0011000650629069617,-0.0003358348101168557,-0.0010708318127403485,0.9999993702669069,0.00031613506143912673,4.489201819524169e-05,0.00015254694153554738,0.02439681999385357,-0.008709912188351154,0.018394485116004944,0.009783915244042873,-0.010264509357511997,0.0003767723392229527,0.9945241735090863,-0.10450656002676295,0.00022208702851474194,0.1045062563976693,0.9945236218088579,0.0011000650629069617,-0.0003358348101168557,-0.0010708318127403485,0.9999993702669069,0.00031613506143912673,4.489201819524169e-05,0.00015254694153554738,42.62591550238247,-0.023437973184181816,-0.0008487700788405379,-5.6441281040180145e-05,42.62591550238247,-0.023437973184181816,-0.0008487700788405379,-5.6441281040180145e-05,0.02982730232179165,-0.005166561808437109,0.016676247119903564,0.0,0.0,0.0,0.9945047921705787,-0.10469205775133616,-0.0002692000416325245,0.10469224866989024,0.9945044576176036,0.0008354174549779943,0.00018025915229978942,-0.0008590096766096546,0.9999996148044815,0.0,0.0,0.0
5,1774125872681823058,0.078936343,78,10.271983,8.184117992641404,42.4612233215651,0.5307652915195638,-0.5307652915195638,0.024144109338521957,-0.008753768168389797,0.018414855003356934,0.009533618576824665,-0.010321712121367455,0.0004418968746904284,0.9945255011804985,-0.10449417406554229,0.00023839255107837437,0.10449385016610191,0.994524946466149,0.0011080960787228158,-0.00035287688279520696,-0.0010771192290917816,0.9999993576458476,0.0006076128338463604,-0.0006176532479003072,0.0009442561422474682,0.024144109338521957,-0.008753768168389797,0.018414855003356934,0.009533618576824665,-0.010321712121367455,0.0004418968746904284,0.9945255011804985,-0.10449417406554229,0.00023839255107837437,0.10449385016610191,0.994524946466149,0.0011080960787228158,-0.00035287688279520696,-0.0010771192290917816,0.9999993576458476,0.0006076128338463604,-0.0006176532479003072,0.0009442561422474682,42.4612233215651,-0.02368332851778676,-0.00028044950034729024,-0.00034088078563022185,42.4612233215651,-0.02368332851778676,-0.00028044950034729024,-0.00034088078563022185,0.02982730232179165,-0.005166561808437109,0.016676247119903564,0.0,0.0,0.0,0.9945047921705787,-0.10469205775133616,-0.0002692000416325245,0.10469224866989024,0.9945044576176036,0.0008354174549779943,0.00018025915229978942,-0.0008590096766096546,0.9999996148044815,0.0,0.0,0.0
6,1774125872691115329,0.088228614,88,9.292271,10.840375995030627,42.2613297525251,0.5282666219065637,-0.5282666219065637,0.02389552816748619,-0.008799394592642784,0.01844632625579834,0.009250043891370296,-0.01037636585533619,0.000495465355925262,0.9945271567411568,-0.1044787722503786,0.00024864295299754924,0.10447843449300165,0.99452659727919,0.001115885315829901,-0.0003638682631842416,-0.0010838003705514326,0.9999993464881501,0.00033963535679504275,0.0009457387495785952,0.0010518007911741734,0.02389552816748619,-0.008799394592642784,0.01844632625579834,0.009250043891370296,-0.01037636585533619,0.000495465355925262,0.9945271567411568,-0.1044787722503786,0.00024864295299754924,0.10447843449300165,0.99452659727919,0.001115885315829901,-0.0003638682631842416,-0.0010838003705514326,0.9999993464881501,0.00033963535679504275,0.0009457387495785952,0.0010518007911741734,42.2613297525251,-0.023438845896176334,-0.0016119759252291312,-0.0003795592830324757,42.2613297525251,-0.023438845896176334,-0.0016119759252291312,-0.0003795592830324757,0.02982730232179165,-0.005166561808437109,0.016676247119903564,0.0,0.0,0.0,0.9945047921705787,-0.10469205775133616,-0.0002692000416325245,0.10469224866989024,0.9945044576176036,0.0008354174549779943,0.00018025915229978942,-0.0008590096766096546,0.9999996148044815,0.0,0.0,0.0
7,1774125872703170005,0.10028329,100,12.054676,7.551647984655574,42.05418791000158,0.5256773488750197,-0.5256773488750197,0.023650623857975006,-0.008846430107951164,0.018477872014045715,0.008950706571340561,-0.010450846515595913,0.0005781583022326231,0.9945272468238352,-0.10447701358749484,0.00026000272620084475,0.10447666076557183,0.9945266835742507,0.0011232358023826536,-0.0003759319992632862,-0.0010899244089917354,0.999999335369724,0.0007968975696712732,0.0002496381348464638,-0.0009558083838783205,0.023650623857975006,-0.008846430107951164,0.018477872014045715,0.008950706571340561,-0.010450846515595913,0.0005781583022326231,0.9945272468238352,-0.10447701358749484,0.00026000272620084475,0.10447666076557183,0.9945266835742507,0.0011232358023826536,-0.0003759319992632862,-0.0010899244089917354,0.999999335369724,0.0007968975696712732,0.0002496381348464638,-0.0009558083838783205,42.05418791000158,-0.023837778213579634,-0.0010153840622623613,0.00034230137773236154,42.05418791000158,-0.023837778213579634,-0.0010153840622623613,0.00034230137773236154,0.02982730232179165,-0.005166561808437109,0.016676247119903564,0.0,0.0,0.0,0.9945047921705787,-0.10469205775133616,-0.0002692000416325245,0.10469224866989024,0.9945044576176036,0.0008354174549779943,0.00018025915229978942,-0.0008590096766096546,0.9999996148044815,0.0,0.0,0.0
8,1774125872713037001,0.110150286,110,9.866996,9.569012006977573,40.8682642307852,0.510853302884815,-0.510853302884815,0.022285569459199905,-0.008936374448239803,0.01861533522605896,0.007492247968912125,-0.010510267689824104,0.0009743450209498405,0.9945326425784078,-0.10442572315935839,0.0003439622821070909,0.10442526104850103,0.9945320710176002,0.001162623662910589,-0.0004634893175712862,-0.0011203488231659176,0.9999992649978223,0.0007656834786757827,-0.00047847849782556295,0.0006299972301349044,0.022285569459199905,-0.008936374448239803,0.01861533522605896,0.007492247968912125,-0.010510267689824104,0.0009743450209498405,0.9945326425784078,-0.10442572315935839,0.0003439622821070909,0.10442526104850103,0.9945320710176002,0.001162623662910589,-0.0004634893175712862,-0.0011203488231659176,0.9999992649978223,0.0007656834786757827,-0.00047847849782556295,0.0006299972301349044,40.8682642307852,-0.02350657959150495,-0.00036904709417642697,-0.00022717954066339718,40.8682642307852,-0.02350657959150495,-0.00036904709417642697,-0.00022717954066339718,0.02982730232179165,-0.005166561808437109,0.016676247119903564,0.0,0.0,0.0,0.9945047921705787,-0.10469205775133616,-0.0002692000416325245,0.10469224866989024,0.9945044576176036,0.0008354174549779943,0.00018025915229978942,-0.0008590096766096546,0.9999996148044815,0.0,0.0,0.0
9,1774125872724047033,0.121160318,121,11.010032,12.552005995530635,40.8682642307852,0.510853302884815,-0.510853302884815,0.022285569459199905,-0.008936374448239803,0.01861533522605896,0.007492247968912125,-0.010510267689824104,0.0009743450209498405,0.9945326425784078,-0.10442572315935839,0.0003439622821070909,0.10442526104850103,0.9945320710176002,0.001162623662910589,-0.0004634893175712862,-0.0011203488231659176,0.9999992649978223,0.0007656834786757827,-0.00047847849782556295,0.0006299972301349044,0.022285569459199905,-0.008936374448239803,0.01861533522605896,0.007492247968912125,-0.010510267689824104,0.0009743450209498405,0.9945326425784078,-0.10442572315935839,0.0003439622821070909,0.10442526104850103,0.9945320710176002,0.001162623662910589,-0.0004634893175712862,-0.0011203488231659176,0.9999992649978223,0.0007656834786757827,-0.00047847849782556295,0.0006299972301349044,40.8682642307852,-0.02350657959150495,-0.00036904709417642697,-0.00022717954066339718,40.8682642307852,-0.02350657959150495,-0.00036904709417642697,-0.00022717954066339718,0.02982730232179165,-0.005166561808437109,0.016676247119903564,0.0,0.0,0.0,0.9945047921705787,-0.10469205775133616,-0.0002692000416325245,0.10469224866989024,0.9945044576176036,0.0008354174549779943,0.00018025915229978942,-0.0008590096766096546,0.9999996148044815,0.0,0.0,0.0
10,1774125872737868851,0.134982136,134,13.821818,8.420010999543592,40.519146959719876,0.5064893369964985,-0.5064893369964985,0.02171306125819683,-0.008958988822996616,0.018684908747673035,0.006867663003504276,-0.010585437528789043,0.0010647388407960534,0.9945327973609187,-0.1044245260317711,0.00037720445299826294,0.1044240157274412,0.9945322168080816,0.001184743348425353,-0.0004988581604188566,-0.0011388768751640146,0.9999992270497389,4.8924215661827475e-05,-0.0006275105406530201,-0.0008190522203221917,0.02171306125819683,-0.008958988822996616,0.018684908747673035,0.006867663003504276,-0.010585437528789043,0.0010647388407960534,0.9945327973609187,-0.1044245260317711,0.00037720445299826294,0.1044240157274412,0.9945322168080816,0.001184743348425353,-0.0004988581604188566,-0.0011388768751640146,0.9999992270497389,4.8924215661827475e-05,-0.0006275105406530201,-0.0008190522203221917,40.519146959719876,-0.022718924344467692,-0.0002289148635498516,0.00029394537660647836,40.519146959719876,-0.022718924344467692,-0.0002289148635498516,0.00029394537660647836,0.02982730232179165,-0.005166561808437109,0.016676247119903564,0.0,0.0,0.0,0.9945047921705787,-0.10469205775133616,-0.0002692000416325245,0.10469224866989024,0.9945044576176036,0.0008354174549779943,0.00018025915229978942,-0.0008590096766096546,0.9999996148044815,0.0,0.0,0.0
11,1774125872748387975,0.14550126,145,10.519124,8.958670019637793,40.28123901432554,0.5035154876790693,-0.5035154876790693,0.02143257111310959,-0.008973383344709873,0.018719419836997986,0.006552993319928646,-0.010611243546009064,0.0011235910933464766,0.9945329515019902,-0.1044231222760923,0.00039561936720743443,0.1044225912743062,0.994532380866905,0.0011842476643305379,-0.0005171190046241551,-0.0011364616796172532,0.9999992205211373,-0.000689040869474411,-0.0005352312000468373,-0.00038258841959759593,0.02143257111310959,-0.008973383344709873,0.018719419836997986,0.006552993319928646,-0.010611243546009064,0.0011235910933464766,0.9945329515019902,-0.1044231222760923,0.00039561936720743443,0.1044225912743062,0.994532380866905,0.0011842476643305379,-0.0005171190046241551,-0.0011364616796172532,0.9999992205211373,-0.000689040869474411,-0.0005352312000468373,-0.00038258841959759593,40.28123901432554,-0.022000267321044806,-0.0003014910881950537,0.0001371585313912315,40.28123901432554,-0.022000267321044806,-0.0003014910881950537,0.0001371585313912315,0.02982730232179165,-0.005166561808437109,0.016676247119903564,0.0,0.0,0.0,0.9945047921705787,-0.10469205775133616,-0.0002692000416325245,0.10469224866989024,0.9945044576176036,0.0008354174549779943,0.00018025915229978942,-0.0008590096766096546,0.9999996148044815,0.0,0.0,0.0
12,1774125872758605719,0.155719004,155,10.217744,9.086809994187206,40.200836268746315,0.502510453359329,-0.502510453359329,0.02112918719649315,-0.008966767229139805,0.018745005130767822,0.006221136078238487,-0.010615327395498753,0.001162024331279099,0.9945337972577288,-0.10441498577487418,0.00041046122074238356,0.1044144367233546,0.9945332318430662,0.001186500789396354,-0.000532105685048849,-0.0011371570150644078,0.9999992118684679,0.00019475175940897316,0.00026445218827575445,0.00038089085137471557,0.02112918719649315,-0.008966767229139805,0.018745005130767822,0.006221136078238487,-0.010615327395498753,0.001162024331279099,0.9945337972577288,-0.10441498577487418,0.00041046122074238356,0.1044144367233546,0.9945332318430662,0.001186500789396354,-0.000532105685048849,-0.0011371570150644078,0.9999992118684679,0.00019475175940897316,0.00026445218827575445,0.00038089085137471557,40.200836268746315,-0.02265911468108685,-0.00097958349814538,-0.00013725090144935668,40.200836268746315,-0.02265911468108685,-0.00097958349814538,-0.00013725090144935668,0.02982730232179165,-0.005166561808437109,0.016676247119903564,0.0,0.0,0.0,0.9945047921705787,-0.10469205775133616,-0.0002692000416325245,0.10469224866989024,0.9945044576176036,0.0008354174549779943,0.00018025915229978942,-0.0008590096766096546,0.9999996148044815,0.0,0.0,0.0
13,1774125872769004574,0.166117859,166,10.398855,8.25122999958694,39.947030154759865,0.4993378769344983,-0.4993378769344983,0.02082984335720539,-0.008962385356426239,0.018770992755889893,0.005919703282415867,-0.010620929300785065,0.0012673817109316587,0.9945339931965183,-0.10441287984708603,0.0004253464140089487,0.10441230849908645,0.9945334245976565,0.0011963330834587164,-0.0005479337340184055,-0.0011453824870377403,0.9999991939335002,0.000996698159724474,-0.00029401323990896344,-0.0005699667963199317,0.02082984335720539,-0.008962385356426239,0.018770992755889893,0.005919703282415867,-0.010620929300785065,0.0012673817109316587,0.9945339931965183,-0.10441287984708603,0.0004253464140089487,0.10441230849908645,0.9945334245976565,0.0011963330834587164,-0.0005479337340184055,-0.0011453824870377403,0.9999991939335002,0.000996698159724474,-0.00029401323990896344,-0.0005699667963199317,39.947030154759865,-0.0232541641724185,-0.0004974964367431118,0.00020469956082774267,39.947030154759865,-0.0232541641724185,-0.0004974964367431118,0.00020469956082774267,0.02982730232179165,-0.005166561808437109,0.016676247119903564,0.0,0.0,0.0,0.9945047921705787,-0.10469205775133616,-0.0002692000416325245,0.10469224866989024,0.9945044576176036,0.0008354174549779943,0.00018025915229978942,-0.0008590096766096546,0.9999996148044815,0.0,0.0,0.0
14,1774125872778779764,0.175893049,175,9.77519,7.505694986321032,39.77820595609708,0.4972275744512135,-0.4972275744512135,0.020534824579954147,-0.008960356004536152,0.018797263503074646,0.005666906014084816,-0.010652294382452965,0.0012835115194320679,0.9945349915675503,-0.10440350120386532,0.00043501797114986474,0.10440291641041832,0.9945344234209845,0.0012005965801922813,-0.000557986730312654,-0.0011486181229580783,0.9999991846633237,-0.00034117905306629837,0.0006837042164988816,0.0008545294986106455,0.020534824579954147,-0.008960356004536152,0.018797263503074646,0.005666906014084816,-0.010652294382452965,0.0012835115194320679,0.9945349915675503,-0.10440350120386532,0.00043501797114986474,0.10440291641041832,0.9945344234209845,0.0012005965801922813,-0.000557986730312654,-0.0011486181229580783,0.9999991846633237,-0.00034117905306629837,0.0006837042164988816,0.0008545294986106455,39.77820595609708,-0.021971889732471002,-0.00132387487780472,-0.0003073680760739675,39.77820595609708,-0.021971889732471002,-0.00132387487780472,-0.0003073680760739675,0.02982730232179165,-0.005166561808437109,0.016676247119903564,0.0,0.0,0.0,0.9945047921705787,-0.10469205775133616,-0.0002692000416325245,0.10469224866989024,0.9945044576176036,0.0008354174549779943,0.00018025915229978942,-0.0008590096766096546,0.9999996148044815,0.0,0.0,0.0
15,1774125872787455914,0.184569199,184,8.67615,8.41394197777845,39.585726821700945,0.4948215852712618,-0.4948215852712618,0.01992584764957428,-0.008945565670728683,0.01883983612060547,0.00499605992808938,-0.010710709728300571,0.0013480656780302525,0.9945365859974156,-0.10438741323580336,0.0004684781888210955,0.10438678503575183,0.9945360272759634,0.0012091159291460277,-0.0005921349434280312,-0.0011536071048182904,0.9999991592830644,-5.58841711608693e-05,-0.0004476645844988525,7.783071487210691e-05,0.01992584764957428,-0.008945565670728683,0.01883983612060547,0.00499605992808938,-0.010710709728300571,0.0013480656780302525,0.9945365859974156,-0.10438741323580336,0.0004684781888210955,0.10438678503575183,0.9945360272759634,0.0012091159291460277,-0.0005921349434280312,-0.0011536071048182904,0.9999991592830644,-5.58841711608693e-05,-0.0004476645844988525,7.783071487210691e-05,39.585726821700945,-0.021987536715250056,-0.0003447576104228012,-2.787117055468093e-05,39.585726821700945,-0.021987536715250056,-0.0003447576104228012,-2.787117055468093e-05,0.02982730232179165,-0.005166561808437109,0.016676247119903564,0.0,0.0,0.0,0.9945047921705787,-0.10469205775133616,-0.0002692000416325245,0.10469224866989024,0.9945044576176036,0.0008354174549779943,0.00018025915229978942,-0.0008590096766096546,0.9999996148044815,0.0,0.0,0.0
16,1774125872797337639,0.194450924,194,9.881725,7.50355698983185,39.48553509448038,0.4935691886810048,-0.4935691886810048,0.019611751660704613,-0.0089329918846488,0.018839359283447266,0.004638490732759237,-0.010700460523366928,0.0014127215836197138,0.9945374767585525,-0.10437840672643262,0.0004927641147033542,0.10437774433243319,0.9945369210595055,0.0012191891195473537,-0.000617329216961976,-0.0011610956979711644,0.9999991353802911,0.0012214735615998507,-0.0006875107646919787,0.00022325747704599053,0.019611751660704613,-0.0089329918846488,0.018839359283447266,0.004638490732759237,-0.010700460523366928,0.0014127215836197138,0.9945374767585525,-0.10437840672643262,0.0004927641147033542,0.10437774433243319,0.9945369210595055,0.0012191891195473537,-0.000617329216961976,-0.0011610956979711644,0.9999991353802911,0.0012214735615998507,-0.0006875107646919787,0.00022325747704599053,39.48553509448038,-0.022980816600503502,-0.0001347735799204403,-8.001523393594482e-05,39.48553509448038,-0.022980816600503502,-0.0001347735799204403,-8.001523393594482e-05,0.02982730232179165,-0.005166561808437109,0.016676247119903564,0.0,0.0,0.0,0.9945047921705787,-0.10469205775133616,-0.0002692000416325245,0.10469224866989024,0.9945044576176036,0.0008354174549779943,0.00018025915229978942,-0.0008590096766096546,0.9999996148044815,0.0,0.0,0.0
17,1774125872806098753,0.203212038,203,8.761114,10.208823019638658,39.25674976576561,0.49070937207207016,-0.49070937207207016,0.01930161565542221,-0.00892278179526329,0.018839940428733826,0.004306072369217873,-0.010709553956985474,0.001467119320295751,0.9945382796579934,-0.10437116252362699,0.0005090272387958325,0.10437047706839064,0.9945377264281576,0.0012258091119982453,-0.0006341859245983031,-0.0011659866731380045,0.999999119141253,0.0002827586722560227,-6.636916077695787e-05,0.00017006290727294981,0.01930161565542221,-0.00892278179526329,0.018839940428733826,0.004306072369217873,-0.010709553956985474,0.001467119320295751,0.9945382796579934,-0.10437116252362699,0.0005090272387958325,0.10437047706839064,0.9945377264281576,0.0012258091119982453,-0.0006341859245983031,-0.0011659866731380045,0.999999119141253,0.0002827586722560227,-6.636916077695787e-05,0.00017006290727294981,39.25674976576561,-0.02203264037785058,-0.0006561787110993148,-6.08375702478613e-05,39.25674976576561,-0.02203264037785058,-0.0006561787110993148,-6.08375702478613e-05,0.02982730232179165,-0.005166561808437109,0.016676247119903564,0.0,0.0,0.0,0.9945047921705787,-0.10469205775133616,-0.0002692000416325245,0.10469224866989024,0.9945044576176036,0.0008354174549779943,0.00018025915229978942,-0.0008590096766096546,0.9999996148044815,0.0,0.0,0.0
18,1774125872817703616,0.214816901,214,11.604863,19.441517011728138,38.8353221278182,0.48544152659772755,-0.48544152659772755,0.0186722781509161,-0.00888724997639656,0.018836230039596558,0.0037327043246477842,-0.010696851648390293,0.0015935107367113233,0.9945400909011904,-0.10435418633787541,0.0005426186934530848,0.10435345939789475,0.9945395553639916,0.001229381578578683,-0.0006679467971077331,-0.001166045105674248,0.9999990970925702,-0.0006398055120371282,-0.0007702590664848685,-0.00037660537054762244,0.0186722781509161,-0.00888724997639656,0.018836230039596558,0.0037327043246477842,-0.010696851648390293,0.0015935107367113233,0.9945400909011904,-0.10435418633787541,0.0005426186934530848,0.10435345939789475,0.9945395553639916,0.001229381578578683,-0.0006679467971077331,-0.001166045105674248,0.9999990970925702,-0.0006398055120371282,-0.0007702590664848685,-0.00037660537054762244,38.8353221278182,-0.02094818836763083,-3.890164897864522e-05,0.00013590051489446197,38.8353221278182,-0.02094818836763083,-3.890164897864522e-05,0.00013590051489446197,0.02982730232179165,-0.005166561808437109,0.016676247119903564,0.0,0.0,0.0,0.9945047921705787,-0.10469205775133616,-0.0002692000416325245,0.10469224866989024,0.9945044576176036,0.0008354174549779943,0.00018025915229978942,-0.0008590096766096546,0.9999996148044815,0.0,0.0,0.0
19,1774125872840576127,0.237689412,237,22.872511,13.240500993561,38.567285236597826,0.4820910654574728,-0.4820910654574728,0.018353251740336418,-0.008862445130944252,0.018832162022590637,0.0034530083648860455,-0.010691107250750065,0.001677299733273685,0.9945408789432495,-0.10434710915653223,0.0005576652821557646,0.10434636717223111,0.9945403577957475,0.0012257415878706955,-0.0006825230562970581,-0.0011608597179593085,0.9999990932831634,-0.0008795721223577857,0.00039548383210785687,0.0002563960733823478,0.018353251740336418,-0.008862445130944252,0.018832162022590637,0.0034530083648860455,-0.010691107250750065,0.001677299733273685,0.9945408789432495,-0.10434710915653223,0.0005576652821557646,0.10434636717223111,0.9945403577957475,0.0012257415878706955,-0.0006825230562970581,-0.0011608597179593085,0.9999990932831634,-0.0008795721223577857,0.00039548383210785687,0.0002563960733823478,38.567285236597826,-0.02058312796178127,-0.0010265921597387515,-9.16577647857524e-05,38.567285236597826,-0.02058312796178127,-0.0010265921597387515,-9.16577647857524e-05,0.02982730232179165,-0.005166561808437109,0.016676247119903564,0.0,0.0,0.0,0.9945047921705787,-0.10469205775133616,-0.0002692000416325245,0.10469224866989024,0.9945044576176036,0.0008354174549779943,0.00018025915229978942,-0.0008590096766096546,0.9999996148044815,0.0,0.0,0.0
20,1774125872857587526,0.254700811,254,17.011399,15.478050016099587,38.52004625842194,0.48150057823027426,-0.48150057823027426,0.018038582056760788,-0.008840193971991539,0.01882930099964142,0.0031706932932138443,-0.010698677971959114,0.0017324733780696988,0.9945409668435119,-0.10434535258195088,0.0005684100811730233,0.10434459393480511,0.9945404460499716,0.0012317925135381866,-0.0006938386307126718,-0.0011657575954368091,0.9999990797981726,0.0008570125210098922,0.00045605635386891663,-0.00045823492109775543,0.018038582056760788,-0.008840193971991539,0.01882930099964142,0.0031706932932138443,-0.010698677971959114,0.0017324733780696988,0.9945409668435119,-0.10434535258195088,0.0005684100811730233,0.10434459393480511,0.9945404460499716,0.0012317925135381866,-0.0006938386307126718,-0.0011657575954368091,0.9999990797981726,0.0008570125210098922,0.00045605635386891663,-0.00045823492109775543,38.52004625842194,-0.02195906940202098,-0.0010739511293394364,0.00016531437458135043,38.52004625842194,-0.02195906940202098,-0.0010739511293394364,0.00016531437458135043,0.02982730232179165,-0.005166561808437109,0.016676247119903564,0.0,0.0,0.0,0.9945047921705787,-0.10469205775133616,-0.0002692000416325245,0.10469224866989024,0.9945044576176036,0.0008354174549779943,0.00018025915229978942,-0.0008590096766096546,0.9999996148044815,0.0,0.0,0.0
21,1774125872876701315,0.2738146,273,19.113789,14.482241007499397,38.41534077283259,0.4801917596604074,-0.4801917596604074,0.017727870494127274,-0.008820369839668274,0.018827319145202637,0.002842007204890251,-0.010681402869522572,0.0017486081924289465,0.9945409095784677,-0.10434643437539415,0.0005863705512174251,0.10434565249511363,0.9945403976226649,0.0012350401884093018,-0.0007120411150508613,-0.001167112736970271,0.9999990654222787,-5.3550698794424534e-05,-0.000615444325376302,-0.0008596450206823647,0.017727870494127274,-0.008820369839668274,0.018827319145202637,0.002842007204890251,-0.010681402869522572,0.0017486081924289465,0.9945409095784677,-0.10434643437539415,0.0005863705512174251,0.10434565249511363,0.9945403976226649,0.0012350401884093018,-0.0007120411150508613,-0.001167112736970271,0.9999990654222787,-5.3550698794424534e-05,-0.000615444325376302,-0.0008596450206823647,38.41534077283259,-0.021023178672409958,-0.00014971549140852704,0.0003098062358892157,38.41534077283259,-0.021023178672409958,-0.00014971549140852704,0.0003098062358892157,0.02982730232179165,-0.005166561808437109,0.016676247119903564,0.0,0.0,0.0,0.9945047921705787,-0.10469205775133616,-0.0002692000416325245,0.10469224866989024,0.9945044576176036,0.0008354174549779943,0.00018025915229978942,-0.0008590096766096546,0.9999996148044815,0.0,0.0,0.0
22,1774125872896545730,0.293659015,293,19.844415,13.74422898516059,38.25261880703101,0.47815773508788767,-0.47815773508788767,0.017080653458833694,-0.008773230016231537,0.018792763352394104,0.002144760452210903,-0.010761911049485207,0.0018047585617750883,0.9945414351738265,-0.1043409674493252,0.0006180504084289072,0.10434015077126824,0.9945409495867096,0.0012321868018208074,-0.0007432439263754184,-0.001160973336406388,0.9999990498642746,-4.021300992462784e-05,-0.00028385562472976744,-0.0004351474344730377,0.017080653458833694,-0.008773230016231537,0.018792763352394104,0.002144760452210903,-0.010761911049485207,0.0018047585617750883,0.9945414351738265,-0.1043409674493252,0.0006180504084289072,0.10434015077126824,0.9945409495867096,0.0012321868018208074,-0.0007432439263754184,-0.001160973336406388,0.9999990498642746,-4.021300992462784e-05,-0.00028385562472976744,-0.0004351474344730377,38.25261880703101,-0.020725812701867696,-0.00041719140477903166,0.00015741010761733624,38.25261880703101,-0.020725812701867696,-0.00041719140477903166,0.00015741010761733624,0.02982730232179165,-0.005166561808437109,0.016676247119903564,0.0,0.0,0.0,0.9945047921705787,-0.10469205775133616,-0.0002692000416325245,0.10469224866989024,0.9945044576176036,0.0008354174549779943,0.00018025915229978942,-0.0008590096766096546,0.9999996148044815,0.0,0.0,0.0
23,1774125872915467388,0.312580673,312,18.921658,19.60606299689971,38.163191025577945,0.4770398878197243,-0.4770398878197243,0.016762932762503624,-0.008753503672778606,0.018777281045913696,0.0019205394200980663,-0.01070482935756445,0.00183949526399374,0.9945423825093873,-0.1043324786657307,0.000635548433536734,0.10433164210437851,0.9945419106994176,0.00123164596516466,-0.0007605800308032179,-0.0011586162486435098,0.9999990395628373,4.237270331941545e-06,-0.0008303901413455606,0.0007611566106788814,0.016762932762503624,-0.008753503672778606,0.018777281045913696,0.0019205394200980663,-0.01070482935756445,0.00183949526399374,0.9945423825093873,-0.1043324786657307,0.000635548433536734,0.10433164210437851,0.9945419106994176,0.00123164596516466,-0.0007605800308032179,-0.0011586162486435098,0.9999990395628373,4.237270331941545e-06,-0.0008303901413455606,0.0007611566106788814,38.163191025577945,-0.02062564931173762,5.632277545537703e-05,-0.00027251235241248134,38.163191025577945,-0.02062564931173762,5.632277545537703e-05,-0.00027251235241248134,0.02982730232179165,-0.005166561808437109,0.016676247119903564,0.0,0.0,0.0,0.9945047921705787,-0.10469205775133616,-0.0002692000416325245,0.10469224866989024,0.9945044576176036,0.0008354174549779943,0.00018025915229978942,-0.0008590096766096546,0.9999996148044815,0.0,0.0,0.0
24,1774125872937082264,0.334195549,334,21.614876,16.664172988384962,38.043453550075306,0.4755431693759413,-0.4755431693759413,0.016449401155114174,-0.00873617734760046,0.018762975931167603,0.0016207002336159348,-0.010731656104326248,0.0018945825286209583,0.9945423083332515,-0.10433215142098495,0.0006563262514408669,0.10433128434079286,0.9945418429379912,0.0012399203167626407,-0.0007821074449403196,-0.001164677845938572,0.9999990159162597,0.0005710169789381325,-0.0005156568950042129,-0.0009435152169317007,0.016449401155114174,-0.00873617734760046,0.018762975931167603,0.0016207002336159348,-0.010731656104326248,0.0018945825286209583,0.9945423083332515,-0.10433215142098495,0.0006563262514408669,0.10433128434079286,0.9945418429379912,0.0012399203167626407,-0.0007821074449403196,-0.001164677845938572,0.9999990159162597,0.0005710169789381325,-0.0005156568950042129,-0.0009435152169317007,38.043453550075306,-0.020982552094646563,-0.0002058678363924321,0.0003403389070801381,38.043453550075306,-0.020982552094646563,-0.0002058678363924321,0.0003403389070801381,0.02982730232179165,-0.005166561808437109,0.016676247119903564,0.0,0.0,0.0,0.9945047921705787,-0.10469205775133616,-0.0002692000416325245,0.10469224866989024,0.9945044576176036,0.0008354174549779943,0.00018025915229978942,-0.0008590096766096546,0.9999996148044815,0.0,0.0,0.0
25,1774125872957176956,0.354290241,354,20.094692,15.846700000111014,37.94115631050133,0.4742644538812666,-0.4742644538812666,0.01612408645451069,-0.008718026801943779,0.018744230270385742,0.0012927957577630877,-0.010804376564919949,0.0019386879866942763,0.9945421733056803,-0.10433306317563207,0.0006750816059441275,0.10433216739090367,0.9945417127361169,0.00124850543303061,-0.0008016572329834753,-0.0011712585845133992,0.9999989927489873,0.0009500192245468497,-1.9577506463974714e-05,-0.0011037127114832401,0.01612408645451069,-0.008718026801943779,0.018744230270385742,0.0012927957577630877,-0.010804376564919949,0.0019386879866942763,0.9945421733056803,-0.10433306317563207,0.0006750816059441275,0.10433216739090367,0.9945417127361169,0.00124850543303061,-0.0008016572329834753,-0.0011712585845133992,0.9999989927489873,0.0009500192245468497,-1.9577506463974714e-05,-0.0011037127114832401,37.94115631050133,-0.021166094092221515,-0.0006220844199953362,0.00039799577421467203,37.94115631050133,-0.021166094092221515,-0.0006220844199953362,0.00039799577421467203,0.02982730232179165,-0.005166561808437109,0.016676247119903564,0.0,0.0,0.0,0.9945047921705787,-0.10469205775133616,-0.0002692000416325245,0.10469224866989024,0.9945044576176036,0.0008354174549779943,0.00018025915229978942,-0.0008590096766096546,0.9999996148044815,0.0,0.0,0.0
26,1774125872977265561,0.374378846,374,20.088605,14.547050988767296,37.97011245523416,0.47462640569042697,-0.47462640569042697,0.015484103001654148,-0.008690332062542439,0.018709808588027954,0.0005737951141782105,-0.01087652426213026,0.001918819616548717,0.994543630441911,-0.10431982454958777,0.0007050657917291557,0.10431887718405664,0.994543170975731,0.0012683425665121813,-0.0008335314940253972,-0.001187870314959153,0.9999989470942016,0.0005125186289660633,-0.000732695683836937,0.00018766876019071788,0.015484103001654148,-0.008690332062542439,0.018709808588027954,0.0005737951141782105,-0.01087652426213026,0.001918819616548717,0.994543630441911,-0.10431982454958777,0.0007050657917291557,0.10431887718405664,0.994543170975731,0.0012683425665121813,-0.0008335314940253972,-0.001187870314959153,0.9999989470942016,0.0005125186289660633,-0.000732695683836937,0.00018766876019071788,37.97011245523416,-0.020513689956234135,3.601690884634383e-06,-6.592340263045991e-05,37.97011245523416,-0.020513689956234135,3.601690884634383e-06,-6.592340263045991e-05,0.02982730232179165,-0.005166561808437109,0.016676247119903564,0.0,0.0,0.0,0.9945047921705787,-0.10469205775133616,-0.0002692000416325245,0.10469224866989024,0.9945044576176036,0.0008354174549779943,0.00018025915229978942,-0.0008590096766096546,0.9999996148044815,0.0,0.0,0.0
27,1774125872997043703,0.394156988,394,19.778142,14.340007997816429,37.8971643165861,0.47371455395732626,-0.47371455395732626,0.014857634902000427,-0.008673197589814663,0.018673673272132874,-8.812193118501455e-05,-0.01097397692501545,0.001951680751517415,0.9945437233420548,-0.10431792584811328,0.0007383641409241769,0.10431692416105798,0.9945432717944059,0.0012854322213945238,-0.0008684287189840226,-0.0012013946730553317,0.9999989012405924,0.0008024545386433601,-0.000543631729669869,-5.9913603763561696e-05,0.014857634902000427,-0.008673197589814663,0.018673673272132874,-8.812193118501455e-05,-0.01097397692501545,0.001951680751517415,0.9945437233420548,-0.10431792584811328,0.0007383641409241769,0.10431692416105798,0.9945432717944059,0.0012854322213945238,-0.0008684287189840226,-0.0012013946730553317,0.9999989012405924,0.0008024545386433601,-0.000543631729669869,-5.9913603763561696e-05,37.8971643165861,-0.020518245812651884,-0.0001436426629512519,2.329367785011791e-05,37.8971643165861,-0.020518245812651884,-0.0001436426629512519,2.329367785011791e-05,0.02982730232179165,-0.005166561808437109,0.016676247119903564,0.0,0.0,0.0,0.9945047921705787,-0.10469205775133616,-0.0002692000416325245,0.10469224866989024,0.9945044576176036,0.0008354174549779943,0.00018025915229978942,-0.0008590096766096546,0.9999996148044815,0.0,0.0,0.0
28,1774125873015699601,0.412812886,412,18.655898,20.614947978174314,37.54201689669307,0.4692752112086634,-0.4692752112086634,0.013894558884203434,-0.008685029111802578,0.01860804855823517,-0.0009576756856404245,-0.011196376755833626,0.002067284192889929,0.9945470058071065,-0.10428732333928381,0.0007768165692735619,0.10428626829181953,0.9945465787477589,0.001293429488934161,-0.0009074683652828212,-0.001205365086251197,0.9999988617975407,0.00012797609088011086,7.62716808822006e-06,-0.00021362141706049442,0.013894558884203434,-0.008685029111802578,0.01860804855823517,-0.0009576756856404245,-0.011196376755833626,0.002067284192889929,0.9945470058071065,-0.10428732333928381,0.0007768165692735619,0.10428626829181953,0.9945465787477589,0.001293429488934161,-0.0009074683652828212,-0.001205365086251197,0.9999988617975407,0.00012797609088011086,7.62716808822006e-06,-0.00021362141706049442,37.54201689669307,-0.01960343877727812,-0.0005938859805633141,7.880348356538199e-05,37.54201689669307,-0.01960343877727812,-0.0005938859805633141,7.880348356538199e-05,0.02982730232179165,-0.005166561808437109,0.016676247119903564,0.0,0.0,0.0,0.9945047921705787,-0.10469205775133616,-0.0002692000416325245,0.10469224866989024,0.9945044576176036,0.0008354174549779943,0.00018025915229978942,-0.0008590096766096546,0.9999996148044815,0.0,0.0,0.0
