step,timestamp_ns,experiment_time_s,reference_index,tick_dt_ms,solver_ms,px4_collective_command_newton,px4_collective_normalized,px4_thrust_body_z,state_raw_0,state_raw_1,state_raw_2,state_raw_3,state_raw_4,state_raw_5,state_raw_6,state_raw_7,state_raw_8,state_raw_9,state_raw_10,state_raw_11,state_raw_12,state_raw_13,state_raw_14,state_raw_15,state_raw_16,state_raw_17,state_used_0,state_used_1,state_used_2,state_used_3,state_used_4,state_used_5,state_used_6,state_used_7,state_used_8,state_used_9,state_used_10,state_used_11,state_used_12,state_used_13,state_used_14,state_used_15,state_used_16,state_used_17,control_raw_0,control_raw_1,control_raw_2,control_raw_3,control_used_0,control_used_1,control_used_2,control_used_3,reference_0,reference_1,reference_2,reference_3,reference_4,reference_5,reference_6,reference_7,reference_8,reference_9,reference_10,reference_11,reference_12,reference_13,reference_14,reference_15,reference_16,reference_17
0,1774987025726945041,0.0,0,0.0,39.87983299884945,30.64787060624553,0.49432049364912145,-0.49432049364912145,-0.008956437930464745,0.003658694913610816,-0.02281057834625244,-0.019115710631012917,-0.009268073365092278,0.0090568782761693,0.9944006019124841,-0.10567069951549435,0.0011242675824872043,0.10566978566581176,0.9944009768001977,0.0008435245453112476,-0.0012071085017348934,-0.0007200002226482368,0.999999012243937,0.0012029262725263834,-0.001193762174807489,0.00029016417101956904,-0.008956437930464745,0.003658694913610816,-0.02281057834625244,-0.019115710631012917,-0.009268073365092278,0.0090568782761693,0.9944006019124841,-0.10567069951549435,0.0011242675824872043,0.10566978566581176,0.9944009768001977,0.0008435245453112476,-0.0012071085017348934,-0.0007200002226482368,0.999999012243937,0.0012029262725263834,-0.001193762174807489,0.00029016417101956904,30.64787060624553,-0.005199617425695462,-0.00047090880523840343,0.0017103602238243876,30.64787060624553,-0.005199617425695462,-0.00047090880523840343,0.0017103602238243876,-0.002315702149644494,-0.005367565434426069,-0.023842602968215942,0.0,0.0,0.0,0.9944375362375911,-0.1053240372880766,0.000951764054511031,0.10532269973701691,0.9944372025713261,0.0013605976260979242,-0.001089773138991894,-0.0012527869815472771,0.999998621458737,0.0,0.0,0.0
1,1774987025768103708,0.041158667,41,41.158667,45.17744499753462,30.64787060624553,0.49432049364912145,-0.49432049364912145,-0.008956437930464745,0.003658694913610816,-0.02281057834625244,-0.019115710631012917,-0.009268073365092278,0.0090568782761693,0.9944006019124841,-0.10567069951549435,0.0011242675824872043,0.10566978566581176,0.9944009768001977,0.0008435245453112476,-0.0012071085017348934,-0.0007200002226482368,0.999999012243937,0.0012029262725263834,-0.001193762174807489,0.00029016417101956904,-0.008956437930464745,0.003658694913610816,-0.02281057834625244,-0.019115710631012917,-0.009268073365092278,0.0090568782761693,0.9944006019124841,-0.10567069951549435,0.0011242675824872043,0.10566978566581176,0.9944009768001977,0.0008435245453112476,-0.0012071085017348934,-0.0007200002226482368,0.999999012243937,0.0012029262725263834,-0.001193762174807489,0.00029016417101956904,30.64787060624553,-0.005199617425695462,-0.00047090880523840343,0.0017103602238243876,30.64787060624553,-0.005199617425695462,-0.00047090880523840343,0.0017103602238243876,-0.002315702149644494,-0.005367565434426069,-0.023842602968215942,0.0,0.0,0.0,0.9944375362375911,-0.1053240372880766,0.000951764054511031,0.10532269973701691,0.9944372025713261,0.0013605976260979242,-0.001089773138991894,-0.0012527869815472771,0.999998621458737,0.0,0.0,0.0
2,1774987025818287294,0.091342253,91,50.183586,21.470085997862043,30.679736773784914,0.49483446409330506,-0.49483446409330506,-0.009080784395337105,0.0039024364668875933,-0.02280266582965851,-0.01912304013967514,-0.009105909615755081,0.008999980054795742,0.9944002527806137,-0.10567405906708194,0.001123586016011452,0.10567315510910213,0.9944006324308898,0.0008357305923667804,-0.0012056095671019937,-0.000712317857495065,0.9999990195539986,0.0005356160691007972,-0.00041284228791482747,-0.0003760602558031678,-0.009080784395337105,0.0039024364668875933,-0.02280266582965851,-0.01912304013967514,-0.009105909615755081,0.008999980054795742,0.9944002527806137,-0.10567405906708194,0.001123586016011452,0.10567315510910213,0.9944006324308898,0.0008357305923667804,-0.0012056095671019937,-0.000712317857495065,0.9999990195539986,0.0005356160691007972,-0.00041284228791482747,-0.0003760602558031678,30.679736773784914,-0.0038300416190313524,-0.0011308338775012324,0.002141417013606954,30.679736773784914,-0.0038300416190313524,-0.0011308338775012324,0.002141417013606954,-0.002315702149644494,-0.005367565434426069,-0.023842602968215942,0.0,0.0,0.0,0.9944375362375911,-0.1053240372880766,0.000951764054511031,0.10532269973701691,0.9944372025713261,0.0013605976260979242,-0.001089773138991894,-0.0012527869815472771,0.999998621458737,0.0,0.0,0.0
3,1774987025844731650,0.117786609,117,26.444356,18.492773997422773,30.63973081477628,0.49418920668994,-0.49418920668994,-0.009259256534278393,0.0043808273039758205,-0.022751733660697937,-0.019141582772135735,-0.008689981885254383,0.00888508465141058,0.9943979666770895,-0.10569458748000371,0.0011216795614731948,0.10569372461629656,0.9943983670559453,0.0008026782686372871,-0.001200235145121957,-0.0006796271315826982,0.9999990487707925,-0.0016602224204689264,-0.0004832346457988024,-0.0005769553245045245,-0.009259256534278393,0.0043808273039758205,-0.022751733660697937,-0.019141582772135735,-0.008689981885254383,0.00888508465141058,0.9943979666770895,-0.10569458748000371,0.0011216795614731948,0.10569372461629656,0.9943983670559453,0.0008026782686372871,-0.001200235145121957,-0.0006796271315826982,0.9999990487707925,-0.0016602224204689264,-0.0004832346457988024,-0.0005769553245045245,30.63973081477628,-0.0009391044825010434,-0.001071402560950498,0.0007521307180249705,30.63973081477628,-0.0009391044825010434,-0.001071402560950498,0.0007521307180249705,-0.002315702149644494,-0.005367565434426069,-0.023842602968215942,0.0,0.0,0.0,0.9944375362375911,-0.1053240372880766,0.000951764054511031,0.10532269973701691,0.9944372025713261,0.0013605976260979242,-0.001089773138991894,-0.0012527869815472771,0.999998621458737,0.0,0.0,0.0
4,1774987025868317960,0.141372919,141,23.58631,22.90159699987271,30.63067729277986,0.49404318214161064,-0.49404318214161064,-0.00948070827871561,0.0050696637481451035,-0.02263723313808441,-0.019073108211159706,-0.008276988752186298,0.008610556833446026,0.9943980752036063,-0.1056955949452889,0.001117868933274896,0.10569479860274988,0.9943985060127138,0.000749118274803437,-0.0011907854003048585,-0.0006267689143906463,0.9999990945951587,0.00017436685448046774,-0.0005015079514123499,0.0003958925371989608,-0.00948070827871561,0.0050696637481451035,-0.02263723313808441,-0.019073108211159706,-0.008276988752186298,0.008610556833446026,0.9943980752036063,-0.1056955949452889,0.001117868933274896,0.10569479860274988,0.9943985060127138,0.000749118274803437,-0.0011907854003048585,-0.0006267689143906463,0.9999990945951587,0.00017436685448046774,-0.0005015079514123499,0.0003958925371989608,30.63067729277986,-0.00395469882488352,-0.0010627241446040992,0.0009649069585032903,30.63067729277986,-0.00395469882488352,-0.0010627241446040992,0.0009649069585032903,-0.002315702149644494,-0.005367565434426069,-0.023842602968215942,0.0,0.0,0.0,0.9944375362375911,-0.1053240372880766,0.000951764054511031,0.10532269973701691,0.9944372025713261,0.0013605976260979242,-0.001089773138991894,-0.0012527869815472771,0.999998621458737,0.0,0.0,0.0
5,1774987025896310282,0.169365241,169,27.992322,23.243568000907544,30.448886205631972,0.49111106783277375,-0.49111106783277375,-0.009609242901206017,0.005727123003453016,-0.022487878799438477,-0.018881844356656075,-0.007741430774331093,0.008382945321500301,0.9943968256435056,-0.10570634790235944,0.0010909270029610847,0.10570561442278104,0.9943972488531472,0.0007095852376580551,-0.0011598224161486516,-0.0005902922143235477,0.9999991531832002,-0.0005402868846431375,-0.0005384877440519631,-0.0007171154720708728,-0.009609242901206017,0.005727123003453016,-0.022487878799438477,-0.018881844356656075,-0.007741430774331093,0.008382945321500301,0.9943968256435056,-0.10570634790235944,0.0010909270029610847,0.10570561442278104,0.9943972488531472,0.0007095852376580551,-0.0011598224161486516,-0.0005902922143235477,0.9999991531832002,-0.0005402868846431375,-0.0005384877440519631,-0.0007171154720708728,30.448886205631972,-0.002173228821206149,-0.0010541366198233552,0.0020396445711393573,30.448886205631972,-0.002173228821206149,-0.0010541366198233552,0.0020396445711393573,-0.002315702149644494,-0.005367565434426069,-0.023842602968215942,0.0,0.0,0.0,0.9944375362375911,-0.1053240372880766,0.000951764054511031,0.10532269973701691,0.9944372025713261,0.0013605976260979242,-0.001089773138991894,-0.0012527869815472771,0.999998621458737,0.0,0.0,0.0
6,1774987025925048154,0.198103113,198,28.737872,27.604889000940602,30.117410378514787,0.48576468352443203,-0.48576468352443203,-0.009637993760406971,0.006546271964907646,-0.022256582975387573,-0.018577061593532562,-0.0071500688791275024,0.008082462474703789,0.9943983750220168,-0.10569333757384536,0.0010504817606526162,0.10569267224786305,0.9943987748643354,0.0006700351347894429,-0.001115415772489553,-0.0005552536949878506,0.999999223770303,0.0003948778612539172,-0.0006069797673262656,0.0006964801577851176,-0.009637993760406971,0.006546271964907646,-0.022256582975387573,-0.018577061593532562,-0.0071500688791275024,0.008082462474703789,0.9943983750220168,-0.10569333757384536,0.0010504817606526162,0.10569267224786305,0.9943987748643354,0.0006700351347894429,-0.001115415772489553,-0.0005552536949878506,0.999999223770303,0.0003948778612539172,-0.0006069797673262656,0.0006964801577851176,30.117410378514787,-0.004444700915443811,-0.0010697948618736029,0.0009183789145802835,30.117410378514787,-0.004444700915443811,-0.0010697948618736029,0.0009183789145802835,-0.002315702149644494,-0.005367565434426069,-0.023842602968215942,0.0,0.0,0.0,0.9944375362375911,-0.1053240372880766,0.000951764054511031,0.10532269973701691,0.9944372025713261,0.0013605976260979242,-0.001089773138991894,-0.0012527869815472771,0.999998621458737,0.0,0.0,0.0
7,1774987025957881587,0.230936546,230,32.833433,23.93416300037643,29.476069061465548,0.4754204687333153,-0.4754204687333153,-0.009541145525872707,0.007298863958567381,-0.02197510004043579,-0.018161674961447716,-0.006681667175143957,0.007918699644505978,0.9944006057382819,-0.10567218037488457,0.0010047902524889865,0.10567157227586055,0.9944009718476354,0.0006403143136327338,-0.0010668276711772173,-0.0005305512150117417,0.9999992901968713,0.000930059642996639,0.0008170715882442892,-0.0003562560596037656,-0.009541145525872707,0.007298863958567381,-0.02197510004043579,-0.018161674961447716,-0.006681667175143957,0.007918699644505978,0.9944006057382819,-0.10567218037488457,0.0010047902524889865,0.10567157227586055,0.9944009718476354,0.0006403143136327338,-0.0010668276711772173,-0.0005305512150117417,0.9999992901968713,0.000930059642996639,0.0008170715882442892,-0.0003562560596037656,29.476069061465548,-0.0042840277948893715,-0.002413322687697678,0.0029199250503016117,29.476069061465548,-0.0042840277948893715,-0.002413322687697678,0.0029199250503016117,-0.002315702149644494,-0.005367565434426069,-0.023842602968215942,0.0,0.0,0.0,0.9944375362375911,-0.1053240372880766,0.000951764054511031,0.10532269973701691,0.9944372025713261,0.0013605976260979242,-0.001089773138991894,-0.0012527869815472771,0.999998621458737,0.0,0.0,0.0
8,1774987025987210698,0.260265657,260,29.329111,25.581146001059096,28.638598657192286,0.4619128815676175,-0.4619128815676175,-0.00933025497943163,0.007975355722010136,-0.02168971300125122,-0.01740272156894207,-0.0063654049299657345,0.00791365560144186,0.9944025376108958,-0.10565368125925301,0.0009395047122827162,0.10565312496984602,0.9944028451401716,0.0006233786717023716,-0.0010001084178598123,-0.0005206277223321724,0.9999993643647587,1.8511840607970953e-05,-0.0002794525644276291,0.00040091003756970167,-0.00933025497943163,0.007975355722010136,-0.02168971300125122,-0.01740272156894207,-0.0063654049299657345,0.00791365560144186,0.9944025376108958,-0.10565368125925301,0.0009395047122827162,0.10565312496984602,0.9944028451401716,0.0006233786717023716,-0.0010001084178598123,-0.0005206277223321724,0.9999993643647587,1.8511840607970953e-05,-0.0002794525644276291,0.00040091003756970167,28.638598657192286,-0.0038140952804492064,-0.0016504642917770638,0.001187505891593662,28.638598657192286,-0.0038140952804492064,-0.0016504642917770638,0.001187505891593662,-0.002315702149644494,-0.005367565434426069,-0.023842602968215942,0.0,0.0,0.0,0.9944375362375911,-0.1053240372880766,0.000951764054511031,0.10532269973701691,0.9944372025713261,0.0013605976260979242,-0.001089773138991894,-0.0012527869815472771,0.999998621458737,0.0,0.0,0.0
9,1774987026016885134,0.289940093,289,29.674436,22.64595099768485,27.785870728776306,0.44815920530284364,-0.44815920530284364,-0.009074036031961441,0.008435589261353016,-0.021396338939666748,-0.016814615577459335,-0.006227607373148203,0.007912187837064266,0.9944059482974816,-0.10562314100711534,0.0008953297289355493,0.1056226300736045,0.994406224577306,0.0006000658953348621,-0.0009537021318618104,-0.0005021420575316033,0.9999994191526931,0.0004133824841119349,-0.0007524872198700905,-2.9173033908591606e-05,-0.009074036031961441,0.008435589261353016,-0.021396338939666748,-0.016814615577459335,-0.006227607373148203,0.007912187837064266,0.9944059482974816,-0.10562314100711534,0.0008953297289355493,0.1056226300736045,0.994406224577306,0.0006000658953348621,-0.0009537021318618104,-0.0005021420575316033,0.9999994191526931,0.0004133824841119349,-0.0007524872198700905,-2.9173033908591606e-05,27.785870728776306,-0.004020125185678039,-0.001414256438154255,0.0021549546502397706,27.785870728776306,-0.004020125185678039,-0.001414256438154255,0.0021549546502397706,-0.002315702149644494,-0.005367565434426069,-0.023842602968215942,0.0,0.0,0.0,0.9944375362375911,-0.1053240372880766,0.000951764054511031,0.10532269973701691,0.9944372025713261,0.0013605976260979242,-0.001089773138991894,-0.0012527869815472771,0.999998621458737,0.0,0.0,0.0
10,1774987026043557141,0.3166121,316,26.672007,19.524334999005077,26.239509199783903,0.42321789031909524,-0.42321789031909524,-0.008665071800351143,0.008996670134365559,-0.020896047353744507,-0.016002334654331207,-0.006020756438374519,0.007981430739164352,0.9944103643996312,-0.10558194567528778,0.0007966918257837092,0.10558148826890479,0.9944105535103165,0.000595984913477933,-0.0008551639046229867,-0.0005085376865030227,0.999999505041971,0.0008388152928091586,-0.0006902534514665604,-0.0003073872940149158,-0.008665071800351143,0.008996670134365559,-0.020896047353744507,-0.016002334654331207,-0.006020756438374519,0.007981430739164352,0.9944103643996312,-0.10558194567528778,0.0007966918257837092,0.10558148826890479,0.9944105535103165,0.000595984913477933,-0.0008551639046229867,-0.0005085376865030227,0.999999505041971,0.0008388152928091586,-0.0006902534514665604,-0.0003073872940149158,26.239509199783903,-0.004430939047202826,-0.0017797148185241727,0.0029291375755721633,26.239509199783903,-0.004430939047202826,-0.0017797148185241727,0.0029291375755721633,-0.002315702149644494,-0.005367565434426069,-0.023842602968215942,0.0,0.0,0.0,0.9944375362375911,-0.1053240372880766,0.000951764054511031,0.10532269973701691,0.9944372025713261,0.0013605976260979242,-0.001089773138991894,-0.0012527869815472771,0.999998621458737,0.0,0.0,0.0
11,1774987026068040786,0.341095745,341,24.483645,18.588316001114435,25.413109069134517,0.40988885595378255,-0.40988885595378255,-0.008451836183667183,0.009257725439965725,-0.020639732480049133,-0.015544796362519264,-0.0059136198833584785,0.008025801740586758,0.9944140079497915,-0.10554841341562948,0.0007658314820988086,0.10554798305702295,0.9944141780616972,0.0005822555717960526,-0.0008230096619276294,-0.000498171161585027,0.9999995372402452,-0.0006425750907510519,-0.0005442607798613608,0.0012676097685471177,-0.008451836183667183,0.009257725439965725,-0.020639732480049133,-0.015544796362519264,-0.0059136198833584785,0.008025801740586758,0.9944140079497915,-0.10554841341562948,0.0007658314820988086,0.10554798305702295,0.9944141780616972,0.0005822555717960526,-0.0008230096619276294,-0.000498171161585027,0.9999995372402452,-0.0006425750907510519,-0.0005442607798613608,0.0012676097685471177,25.413109069134517,-0.0039056566658256004,-0.0020892203244715813,-0.00039138073724790333,25.413109069134517,-0.0039056566658256004,-0.0020892203244715813,-0.00039138073724790333,-0.002315702149644494,-0.005367565434426069,-0.023842602968215942,0.0,0.0,0.0,0.9944375362375911,-0.1053240372880766,0.000951764054511031,0.10532269973701691,0.9944372025713261,0.0013605976260979242,-0.001089773138991894,-0.0012527869815472771,0.999998621458737,0.0,0.0,0.0
12,1774987026092398947,0.365453906,365,24.358161,17.92168199972366,24.349466957329508,0.39273333802144367,-0.39273333802144367,-0.008111901581287384,0.00964044313877821,-0.02026258409023285,-0.014914439059793949,-0.005692607723176479,0.007991693913936615,0.9944161414022841,-0.10552744385676238,0.000704683131318759,0.10552706131548306,0.9944162741658562,0.0005597060658223806,-0.0007598127241917486,-0.0004822176063147138,0.9999995950753202,-0.0001680599234532565,0.00017519340326543897,-0.0005730320117436349,-0.008111901581287384,0.00964044313877821,-0.02026258409023285,-0.014914439059793949,-0.005692607723176479,0.007991693913936615,0.9944161414022841,-0.10552744385676238,0.000704683131318759,0.10552706131548306,0.9944162741658562,0.0005597060658223806,-0.0007598127241917486,-0.0004822176063147138,0.9999995950753202,-0.0001680599234532565,0.00017519340326543897,-0.0005730320117436349,24.349466957329508,-0.0030924118720344106,-0.0029084007265872615,0.0026264506231691953,24.349466957329508,-0.0030924118720344106,-0.0029084007265872615,0.0026264506231691953,-0.002315702149644494,-0.005367565434426069,-0.023842602968215942,0.0,0.0,0.0,0.9944375362375911,-0.1053240372880766,0.000951764054511031,0.10532269973701691,0.9944372025713261,0.0013605976260979242,-0.001089773138991894,-0.0012527869815472771,0.999998621458737,0.0,0.0,0.0
13,1774987026115152660,0.388207619,388,22.753713,32.38339800009271,23.21819262289825,0.37448697778868145,-0.37448697778868145,-0.0077625298872590065,0.010024501010775566,-0.01991403102874756,-0.01419189665466547,-0.005338221322745085,0.00807606615126133,0.9944190762932585,-0.10550097864406616,0.0006487036660150578,0.10550064714411223,0.9944191840965964,0.0005256995528967467,-0.0007005450896343107,-0.00045432702275615376,0.999999651411734,-0.0015698953066021204,-0.0009213114390149713,0.000151327476487495,-0.0077625298872590065,0.010024501010775566,-0.01991403102874756,-0.01419189665466547,-0.005338221322745085,0.00807606615126133,0.9944190762932585,-0.10550097864406616,0.0006487036660150578,0.10550064714411223,0.9944191840965964,0.0005256995528967467,-0.0007005450896343107,-0.00045432702275615376,0.999999651411734,-0.0015698953066021204,-0.0009213114390149713,0.000151327476487495,23.21819262289825,-0.002010334319518547,-0.0021998857795880143,0.0005775865482894537,23.21819262289825,-0.002010334319518547,-0.0021998857795880143,0.0005775865482894537,-0.002315702149644494,-0.005367565434426069,-0.023842602968215942,0.0,0.0,0.0,0.9944375362375911,-0.1053240372880766,0.000951764054511031,0.10532269973701691,0.9944372025713261,0.0013605976260979242,-0.001089773138991894,-0.0012527869815472771,0.999998621458737,0.0,0.0,0.0
14,1774987026151219348,0.424274307,424,36.066688,22.525239997776225,21.910726147177783,0.3533988088254481,-0.3533988088254481,-0.007191384676843882,0.010628673247992992,-0.019441917538642883,-0.012972403317689896,-0.004919146653264761,0.008024596609175205,0.994423298699862,-0.10546138709722319,0.0005628530050155942,0.10546111440942729,0.9944233641857729,0.0004940425413192742,-0.000611816531476482,-0.000431928315464937,0.9999997195592067,0.0010562122333794832,-0.0004657512763515115,0.0007614315254613757,-0.007191384676843882,0.010628673247992992,-0.019441917538642883,-0.012972403317689896,-0.004919146653264761,0.008024596609175205,0.994423298699862,-0.10546138709722319,0.0005628530050155942,0.10546111440942729,0.9944233641857729,0.0004940425413192742,-0.000611816531476482,-0.000431928315464937,0.9999997195592067,0.0010562122333794832,-0.0004657512763515115,0.0007614315254613757,21.910726147177783,-0.0058116624543236815,-0.002870182089638059,0.0019212009451317418,21.910726147177783,-0.0058116624543236815,-0.002870182089638059,0.0019212009451317418,-0.002315702149644494,-0.005367565434426069,-0.023842602968215942,0.0,0.0,0.0,0.9944375362375911,-0.1053240372880766,0.000951764054511031,0.10532269973701691,0.9944372025713261,0.0013605976260979242,-0.001089773138991894,-0.0012527869815472771,0.999998621458737,0.0,0.0,0.0
15,1774987026176967228,0.450022187,450,25.74788,19.50989399847458,21.25114053491407,0.34276033120829147,-0.34276033120829147,-0.006865496747195721,0.010950860567390919,-0.019236743450164795,-0.012468522414565086,-0.004807572346180677,0.008066143840551376,0.9944263121079645,-0.10543334511950819,0.0005088593014146584,0.10543310635410741,0.9944263540346695,0.0004752886830893862,-0.0005561343105381731,-0.00041898896113297304,0.9999997575814255,0.0006833362276665866,0.0006874647224321961,5.103542935103178e-05,-0.006865496747195721,0.010950860567390919,-0.019236743450164795,-0.012468522414565086,-0.004807572346180677,0.008066143840551376,0.9944263121079645,-0.10543334511950819,0.0005088593014146584,0.10543310635410741,0.9944263540346695,0.0004752886830893862,-0.0005561343105381731,-0.00041898896113297304,0.9999997575814255,0.0006833362276665866,0.0006874647224321961,5.103542935103178e-05,21.25114053491407,-0.004822662514353163,-0.003991522394014351,0.00268557480668433,21.25114053491407,-0.004822662514353163,-0.003991522394014351,0.00268557480668433,-0.002315702149644494,-0.005367565434426069,-0.023842602968215942,0.0,0.0,0.0,0.9944375362375911,-0.1053240372880766,0.000951764054511031,0.10532269973701691,0.9944372025713261,0.0013605976260979242,-0.001089773138991894,-0.0012527869815472771,0.999998621458737,0.0,0.0,0.0
16,1774987026201859023,0.474913982,474,24.891795,32.00495799683267,21.027091830516618,0.3391466424276874,-0.3391466424276874,-0.006449476350098848,0.011328657157719135,-0.019085079431533813,-0.01162027195096016,-0.004531115759164095,0.007884268648922443,0.9944273046014639,-0.10542444841551801,0.0004417937086177788,0.10542424207214807,0.9944273149899293,0.00046693439620273816,-0.0004885579575607825,-0.00041775654804623126,0.9999997933952892,0.0011073295027017593,0.0007316258852370083,-0.0013786745257675648,-0.006449476350098848,0.011328657157719135,-0.019085079431533813,-0.01162027195096016,-0.004531115759164095,0.007884268648922443,0.9944273046014639,-0.10542444841551801,0.0004417937086177788,0.10542424207214807,0.9944273149899293,0.00046693439620273816,-0.0004885579575607825,-0.00041775654804623126,0.9999997933952892,0.0011073295027017593,0.0007316258852370083,-0.0013786745257675648,21.027091830516618,-0.004212711593131748,-0.004071025433820087,0.005049617711651116,21.027091830516618,-0.004212711593131748,-0.004071025433820087,0.005049617711651116,-0.002315702149644494,-0.005367565434426069,-0.023842602968215942,0.0,0.0,0.0,0.9944375362375911,-0.1053240372880766,0.000951764054511031,0.10532269973701691,0.9944372025713261,0.0013605976260979242,-0.001089773138991894,-0.0012527869815472771,0.999998621458737,0.0,0.0,0.0
17,1774987026238887661,0.51194262,511,37.028638,46.75485999905504,21.072617234920898,0.33988092314388546,-0.33988092314388546,-0.006040551234036684,0.011664556339383125,-0.019091680645942688,-0.010932058095932007,-0.004358801059424877,0.007850417867302895,0.9944299750075571,-0.10539960505309764,0.000395506838274566,0.10539942690210746,0.9944299720174912,0.00044713141741395705,-0.0004404312452689044,-0.00040295468945210225,0.9999998218239191,-4.762332537211478e-05,0.0003222298691980541,0.0007488183327950537,-0.006040551234036684,0.011664556339383125,-0.019091680645942688,-0.010932058095932007,-0.004358801059424877,0.007850417867302895,0.9944299750075571,-0.10539960505309764,0.000395506838274566,0.10539942690210746,0.9944299720174912,0.00044713141741395705,-0.0004404312452689044,-0.00040295468945210225,0.9999998218239191,-4.762332537211478e-05,0.0003222298691980541,0.0007488183327950537,21.072617234920898,-0.004466064552611058,-0.0037347218719945624,0.0012165615218802529,21.072617234920898,-0.004466064552611058,-0.0037347218719945624,0.0012165615218802529,-0.002315702149644494,-0.005367565434426069,-0.023842602968215942,0.0,0.0,0.0,0.9944375362375911,-0.1053240372880766,0.000951764054511031,0.10532269973701691,0.9944372025713261,0.0013605976260979242,-0.001089773138991894,-0.0012527869815472771,0.999998621458737,0.0,0.0,0.0
18,1774987026289341829,0.562396788,562,50.454168,27.138313998875674,21.745973203462505,0.3507415032816533,-0.3507415032816533,-0.005505906883627176,0.012102397158741951,-0.019153699278831482,-0.010029914788901806,-0.0039731478318572044,0.0074380990117788315,0.9944333578264674,-0.10536768128309926,0.0003491848130688941,0.10536752294295293,0.9944333365601482,0.00044451515786024173,-0.00039407848445978735,-0.0004052479578373607,0.9999998402381202,0.0009180003544315696,0.0006898383144289255,1.7948374079423957e-05,-0.005505906883627176,0.012102397158741951,-0.019153699278831482,-0.010029914788901806,-0.0039731478318572044,0.0074380990117788315,0.9944333578264674,-0.10536768128309926,0.0003491848130688941,0.10536752294295293,0.9944333365601482,0.00044451515786024173,-0.00039407848445978735,-0.0004052479578373607,0.9999998402381202,0.0009180003544315696,0.0006898383144289255,1.7948374079423957e-05,21.745973203462505,-0.005005587211189659,-0.003919051362373405,0.003031783044444798,21.745973203462505,-0.005005587211189659,-0.003919051362373405,0.003031783044444798,-0.002315702149644494,-0.005367565434426069,-0.023842602968215942,0.0,0.0,0.0,0.9944375362375911,-0.1053240372880766,0.000951764054511031,0.10532269973701691,0.9944372025713261,0.0013605976260979242,-0.001089773138991894,-0.0012527869815472771,0.999998621458737,0.0,0.0,0.0
19,1774987026320331733,0.593386692,593,30.989904,29.031862002739217,22.096798299126856,0.3563999725665622,-0.3563999725665622,-0.00530489906668663,0.012317218817770481,-0.01921038329601288,-0.009672163054347038,-0.0039271702989935875,0.00727243535220623,0.9944349743395501,-0.10535313613021158,0.00033218497490218645,0.10535298895585066,0.9944349510575753,0.00043319992462360814,-0.0003759752057519725,-0.0003957924669627101,0.9999998509954938,-0.0008471171604469419,-0.0006030492950230837,0.00026939198141917586,-0.00530489906668663,0.012317218817770481,-0.01921038329601288,-0.009672163054347038,-0.0039271702989935875,0.00727243535220623,0.9944349743395501,-0.10535313613021158,0.00033218497490218645,0.10535298895585066,0.9944349510575753,0.00043319992462360814,-0.0003759752057519725,-0.0003957924669627101,0.9999998509954938,-0.0008471171604469419,-0.0006030492950230837,0.00026939198141917586,22.096798299126856,-0.0030034432493673538,-0.0027420531967939765,0.0012811744315464112,22.096798299126856,-0.0030034432493673538,-0.0027420531967939765,0.0012811744315464112,-0.002315702149644494,-0.005367565434426069,-0.023842602968215942,0.0,0.0,0.0,0.9944375362375911,-0.1053240372880766,0.000951764054511031,0.10532269973701691,0.9944372025713261,0.0013605976260979242,-0.001089773138991894,-0.0012527869815472771,0.999998621458737,0.0,0.0,0.0
20,1774987026352945690,0.626000649,626,32.613957,26.847795001231134,22.701133658077417,0.3661473170657648,-0.3661473170657648,-0.0050185066647827625,0.012635981664061546,-0.019275858998298645,-0.00920768640935421,-0.0037139488849788904,0.006931821815669537,0.9944380299697876,-0.10532405067658157,0.0003017966436806071,0.10532392140696789,0.9944380023184728,0.00041630109893234755,-0.0003439644861997302,-0.000382199229908323,0.9999998678060962,0.0007006311789155006,-0.0002773814194370061,-0.0005445604328997433,-0.0050185066647827625,0.012635981664061546,-0.019275858998298645,-0.00920768640935421,-0.0037139488849788904,0.006931821815669537,0.9944380299697876,-0.10532405067658157,0.0003017966436806071,0.10532392140696789,0.9944380023184728,0.00041630109893234755,-0.0003439644861997302,-0.000382199229908323,0.9999998678060962,0.0007006311789155006,-0.0002773814194370061,-0.0005445604328997433,22.701133658077417,-0.004209358391244047,-0.002898058083639422,0.003684588906519868,22.701133658077417,-0.004209358391244047,-0.002898058083639422,0.003684588906519868,-0.002315702149644494,-0.005367565434426069,-0.023842602968215942,0.0,0.0,0.0,0.9944375362375911,-0.1053240372880766,0.000951764054511031,0.10532269973701691,0.9944372025713261,0.0013605976260979242,-0.001089773138991894,-0.0012527869815472771,0.999998621458737,0.0,0.0,0.0
21,1774987026382177907,0.655232866,655,29.232217,32.374744998378446,22.916812157418192,0.36962600253900313,-0.36962600253900313,-0.00482084508985281,0.012798268347978592,-0.019306808710098267,-0.008879303932189941,-0.00368330767378211,0.006817940156906843,0.9944378104790507,-0.10532494107434043,0.0003015374499060002,0.10532480806650413,0.9944377784169712,0.0004274463580545098,-0.00034488099669754057,-0.00039330944665338105,0.9999998631823789,0.0004650603805202991,0.0002816016203723848,0.0002132608206011355,-0.00482084508985281,0.012798268347978592,-0.019306808710098267,-0.008879303932189941,-0.00368330767378211,0.006817940156906843,0.9944378104790507,-0.10532494107434043,0.0003015374499060002,0.10532480806650413,0.9944377784169712,0.0004274463580545098,-0.00034488099669754057,-0.00039330944665338105,0.9999998631823789,0.0004650603805202991,0.0002816016203723848,0.0002132608206011355,22.916812157418192,-0.004497503752660528,-0.0033484752339938946,0.002443093695094149,22.916812157418192,-0.004497503752660528,-0.0033484752339938946,0.002443093695094149,-0.002315702149644494,-0.005367565434426069,-0.023842602968215942,0.0,0.0,0.0,0.9944375362375911,-0.1053240372880766,0.000951764054511031,0.10532269973701691,0.9944372025713261,0.0013605976260979242,-0.001089773138991894,-0.0012527869815472771,0.999998621458737,0.0,0.0,0.0
22,1774987026415861230,0.688916189,688,33.683323,32.95719399829977,23.298334936297998,0.3757795957467419,-0.3757795957467419,-0.00448116147890687,0.012949836440384388,-0.019383981823921204,-0.008388647809624672,-0.0038157254457473755,0.006686624139547348,0.9944379803930546,-0.1053233389830559,0.0002875602803789944,0.10532321331197614,0.9944379457757903,0.0004219153232560657,-0.0003303983901318153,-0.0003892818498828594,0.9999998696482633,0.00017898193618748337,0.00019867527589667588,-0.0003210121067240834,-0.00448116147890687,0.012949836440384388,-0.019383981823921204,-0.008388647809624672,-0.0038157254457473755,0.006686624139547348,0.9944379803930546,-0.1053233389830559,0.0002875602803789944,0.10532321331197614,0.9944379457757903,0.0004219153232560657,-0.0003303983901318153,-0.0003892818498828594,0.9999998696482633,0.00017898193618748337,0.00019867527589667588,-0.0003210121067240834,23.298334936297998,-0.003696088363021286,-0.0032044516559867806,0.0029674216185023284,23.298334936297998,-0.003696088363021286,-0.0032044516559867806,0.0029674216185023284,-0.002315702149644494,-0.005367565434426069,-0.023842602968215942,0.0,0.0,0.0,0.9944375362375911,-0.1053240372880766,0.000951764054511031,0.10532269973701691,0.9944372025713261,0.0013605976260979242,-0.001089773138991894,-0.0012527869815472771,0.999998621458737,0.0,0.0,0.0
23,1774987026453309306,0.726364265,726,37.448076,31.843852000747574,23.867378314499614,0.3849577147499938,-0.3849577147499938,-0.0039458852261304855,0.0130071509629488,-0.019478708505630493,-0.007747835945338011,-0.0038502824027091265,0.006445512641221285,0.9944379595416282,-0.10532386960089535,0.00026868801682994456,0.10532374691692925,0.9944379132843293,0.000435931595773883,-0.00031310753805509264,-0.00040520769513306557,0.9999998688851908,-2.1165673388168216e-05,-0.0010354584082961082,-0.0003767447778955102,-0.0039458852261304855,0.0130071509629488,-0.019478708505630493,-0.007747835945338011,-0.0038502824027091265,0.006445512641221285,0.9944379595416282,-0.10532386960089535,0.00026868801682994456,0.10532374691692925,0.9944379132843293,0.000435931595773883,-0.00031310753805509264,-0.00040520769513306557,0.9999998688851908,-2.1165673388168216e-05,-0.0010354584082961082,-0.0003767447778955102,23.867378314499614,-0.0033705755937274654,-0.002035426119147614,0.0028465157073822166,23.867378314499614,-0.0033705755937274654,-0.002035426119147614,0.0028465157073822166,-0.002315702149644494,-0.005367565434426069,-0.023842602968215942,0.0,0.0,0.0,0.9944375362375911,-0.1053240372880766,0.000951764054511031,0.10532269973701691,0.9944372025713261,0.0013605976260979242,-0.001089773138991894,-0.0012527869815472771,0.999998621458737,0.0,0.0,0.0
24,1774987026489997398,0.763052357,763,36.688092,23.467893999622902,24.254606389714986,0.39120332886637077,-0.39120332886637077,-0.0032668851781636477,0.012975197285413742,-0.019526749849319458,-0.006980761885643005,-0.003910604864358902,0.006230076774954796,0.9944387787958135,-0.10531641345155163,0.00024042937794577484,0.10531630432480621,0.9944387270208466,0.0004286793758211836,-0.0002842392300546901,-0.0004009742549488044,0.999999879213851,-0.00013395356654655188,0.00019352344679646194,-0.00071524124359712,-0.0032668851781636477,0.012975197285413742,-0.019526749849319458,-0.006980761885643005,-0.003910604864358902,0.006230076774954796,0.9944387787958135,-0.10531641345155163,0.00024042937794577484,0.10531630432480621,0.9944387270208466,0.0004286793758211836,-0.0002842392300546901,-0.0004009742549488044,0.999999879213851,-0.00013395356654655188,0.00019352344679646194,-0.00071524124359712,24.254606389714986,-0.0029236050883610564,-0.0030232471959097586,0.0032669863692593886,24.254606389714986,-0.0029236050883610564,-0.0030232471959097586,0.0032669863692593886,-0.002315702149644494,-0.005367565434426069,-0.023842602968215942,0.0,0.0,0.0,0.9944375362375911,-0.1053240372880766,0.000951764054511031,0.10532269973701691,0.9944372025713261,0.0013605976260979242,-0.001089773138991894,-0.0012527869815472771,0.999998621458737,0.0,0.0,0.0
25,1774987026519744846,0.792799805,792,29.747448,28.160777997982223,24.24871102561811,0.3911082423486792,-0.3911082423486792,-0.0029602732975035906,0.012973817065358162,-0.01953350007534027,-0.006614962127059698,-0.0038883264642208815,0.006252198480069637,0.9944389596338608,-0.1053146360557784,0.00022110728321887013,0.1053145338242083,0.9944389012213508,0.0004319684285649921,-0.0002653702608320912,-0.00040628041871993564,0.9999998822574196,0.0004371986724436283,0.001028051832690835,-1.4172928786138073e-05,-0.0029602732975035906,0.012973817065358162,-0.01953350007534027,-0.006614962127059698,-0.0038883264642208815,0.006252198480069637,0.9944389596338608,-0.1053146360557784,0.00022110728321887013,0.1053145338242083,0.9944389012213508,0.0004319684285649921,-0.0002653702608320912,-0.00040628041871993564,0.9999998822574196,0.0004371986724436283,0.001028051832690835,-1.4172928786138073e-05,24.24871102561811,-0.004179693286258253,-0.0037533509136808015,0.0027612356282316077,24.24871102561811,-0.004179693286258253,-0.0037533509136808015,0.0027612356282316077,-0.002315702149644494,-0.005367565434426069,-0.023842602968215942,0.0,0.0,0.0,0.9944375362375911,-0.1053240372880766,0.000951764054511031,0.10532269973701691,0.9944372025713261,0.0013605976260979242,-0.001089773138991894,-0.0012527869815472771,0.999998621458737,0.0,0.0,0.0
26,1774987026550844599,0.823899558,823,31.099753,29.909831002441933,24.48442110428313,0.3949100178110182,-0.3949100178110182,-0.0021634113509207964,0.013016434386372566,-0.019528478384017944,-0.005645888391882181,-0.003973737359046936,0.006046152673661709,0.9944386630188805,-0.10531710797199212,0.00018614882546256692,0.10531701916595915,0.9944385944358228,0.0004356147971881566,-0.00023099127228882327,-0.0004135875588998812,0.9999998877941745,6.184733501868322e-05,-0.0006353722419589758,0.0004215319349896163,-0.0021634113509207964,0.013016434386372566,-0.019528478384017944,-0.005645888391882181,-0.003973737359046936,0.006046152673661709,0.9944386630188805,-0.10531710797199212,0.00018614882546256692,0.10531701916595915,0.9944385944358228,0.0004356147971881566,-0.00023099127228882327,-0.0004135875588998812,0.9999998877941745,6.184733501868322e-05,-0.0006353722419589758,0.0004215319349896163,24.48442110428313,-0.004056834801555756,-0.002289107298853383,0.0018339163311553068,24.48442110428313,-0.004056834801555756,-0.002289107298853383,0.0018339163311553068,-0.002315702149644494,-0.005367565434426069,-0.023842602968215942,0.0,0.0,0.0,0.9944375362375911,-0.1053240372880766,0.000951764054511031,0.10532269973701691,0.9944372025713261,0.0013605976260979242,-0.001089773138991894,-0.0012527869815472771,0.999998621458737,0.0,0.0,0.0
27,1774987026584200693,0.857255652,857,33.356094,29.99437600010424,24.52776954395391,0.395609186192805,-0.395609186192805,-0.0015399062540382147,0.013109336607158184,-0.01949535310268402,-0.004922120366245508,-0.003921922296285629,0.005932256113737822,0.9944384069466139,-0.1053204691076901,0.00016746038471596343,0.10532038867539506,0.9944383354424247,0.0004326642052184977,-0.00021209737240381402,-0.00041262089082591373,0.9999998923793553,0.0007230309420265257,9.893539390759543e-05,-0.0005589182837866247,-0.0015399062540382147,0.013109336607158184,-0.01949535310268402,-0.004922120366245508,-0.003921922296285629,0.005932256113737822,0.9944384069466139,-0.1053204691076901,0.00016746038471596343,0.10532038867539506,0.9944383354424247,0.0004326642052184977,-0.00021209737240381402,-0.00041262089082591373,0.9999998923793553,0.0007230309420265257,9.893539390759543e-05,-0.0005589182837866247,24.52776954395391,-0.004082540288925623,-0.002910534934884518,0.0037556901250123346,24.52776954395391,-0.004082540288925623,-0.002910534934884518,0.0037556901250123346,-0.002315702149644494,-0.005367565434426069,-0.023842602968215942,0.0,0.0,0.0,0.9944375362375911,-0.1053240372880766,0.000951764054511031,0.10532269973701691,0.9944372025713261,0.0013605976260979242,-0.001089773138991894,-0.0012527869815472771,0.999998621458737,0.0,0.0,0.0
28,1774987026616263927,0.889318886,889,32.063234,21.73643300193362,24.57066976073561,0.39630112517315497,-0.39630112517315497,-0.0010825080098584294,0.013192263431847095,-0.01945391297340393,-0.0044527556747198105,-0.003957158420234919,0.005776022095233202,0.994438293285658,-0.10532099706122633,0.00015333064747848242,0.1053209222952074,0.9944382185189046,0.0004335446704362596,-0.0001981391971433745,-0.0004149844904032373,0.9999998942643626,-0.0007698743138462305,-5.738094114349224e-05,0.0008389319409616292,-0.0010825080098584294,0.013192263431847095,-0.01945391297340393,-0.0044527556747198105,-0.003957158420234919,0.005776022095233202,0.994438293285658,-0.10532099706122633,0.00015333064747848242,0.1053209222952074,0.9944382185189046,0.0004335446704362596,-0.0001981391971433745,-0.0004149844904032373,0.9999998942643626,-0.0007698743138462305,-5.738094114349224e-05,0.0008389319409616292,24.57066976073561,-0.003344312724019727,-0.0027838018381234906,0.0006345183470569411,24.57066976073561,-0.003344312724019727,-0.0027838018381234906,0.0006345183470569411,-0.002315702149644494,-0.005367565434426069,-0.023842602968215942,0.0,0.0,0.0,0.9944375362375911,-0.1053240372880766,0.000951764054511031,0.10532269973701691,0.9944372025713261,0.0013605976260979242,-0.001089773138991894,-0.0012527869815472771,0.999998621458737,0.0,0.0,0.0
