step,timestamp_ns,experiment_time_s,reference_index,tick_dt_ms,solver_ms,px4_collective_command_newton,px4_collective_normalized,px4_thrust_body_z,state_raw_0,state_raw_1,state_raw_2,state_raw_3,state_raw_4,state_raw_5,state_raw_6,state_raw_7,state_raw_8,state_raw_9,state_raw_10,state_raw_11,state_raw_12,state_raw_13,state_raw_14,state_raw_15,state_raw_16,state_raw_17,state_used_0,state_used_1,state_used_2,state_used_3,state_used_4,state_used_5,state_used_6,state_used_7,state_used_8,state_used_9,state_used_10,state_used_11,state_used_12,state_used_13,state_used_14,state_used_15,state_used_16,state_used_17,control_raw_0,control_raw_1,control_raw_2,control_raw_3,control_used_0,control_used_1,control_used_2,control_used_3,reference_0,reference_1,reference_2,reference_3,reference_4,reference_5,reference_6,reference_7,reference_8,reference_9,reference_10,reference_11,reference_12,reference_13,reference_14,reference_15,reference_16,reference_17
0,1775071916914529196,0.0,0,0.0,43.71559699939098,46.587594775983284,0.7514128189674724,-0.7514128189674724,-0.006492569576948881,-0.022863663733005524,0.0025378167629241943,-0.023711686953902245,-0.005585762672126293,-0.005332545377314091,0.9945700418041935,-0.10406306137376653,0.0011771313206649196,0.10406332298384191,0.9945706976667327,-0.0001630561506877036,-0.0011537721632260585,0.0002846669101460343,0.9999992938870473,0.0005295678274706006,-0.0004940814105793834,-0.0007552856113761663,-0.006492569576948881,-0.022863663733005524,0.0025378167629241943,-0.023711686953902245,-0.005585762672126293,-0.005332545377314091,0.9945700418041935,-0.10406306137376653,0.0011771313206649196,0.10406332298384191,0.9945706976667327,-0.0001630561506877036,-0.0011537721632260585,0.0002846669101460343,0.9999992938870473,0.0005295678274706006,-0.0004940814105793834,-0.0007552856113761663,46.587594775983284,0.0005069438137330774,0.0018112417769331293,0.00028200919101854864,46.587594775983284,0.0005069438137330774,0.0018112417769331293,0.00028200919101854864,-0.005658692680299282,-0.025395939126610756,0.0013502836227416992,0.0,0.0,0.0,0.9945917511145687,-0.10385193574943163,0.0014445503348485544,0.10385214743382587,0.9945927754330918,-7.210695085038688e-05,-0.001429250841838009,0.00022173658556348674,0.9999989540369415,0.0,0.0,0.0
1,1775071916959522452,0.044993256,44,44.993256,12.507745996117592,46.587594775983284,0.7514128189674724,-0.7514128189674724,-0.006492569576948881,-0.022863663733005524,0.0025378167629241943,-0.023711686953902245,-0.005585762672126293,-0.005332545377314091,0.9945700418041935,-0.10406306137376653,0.0011771313206649196,0.10406332298384191,0.9945706976667327,-0.0001630561506877036,-0.0011537721632260585,0.0002846669101460343,0.9999992938870473,0.0005295678274706006,-0.0004940814105793834,-0.0007552856113761663,-0.006492569576948881,-0.022863663733005524,0.0025378167629241943,-0.023711686953902245,-0.005585762672126293,-0.005332545377314091,0.9945700418041935,-0.10406306137376653,0.0011771313206649196,0.10406332298384191,0.9945706976667327,-0.0001630561506877036,-0.0011537721632260585,0.0002846669101460343,0.9999992938870473,0.0005295678274706006,-0.0004940814105793834,-0.0007552856113761663,46.587594775983284,0.0005069438137330774,0.0018112417769331293,0.00028200919101854864,46.587594775983284,0.0005069438137330774,0.0018112417769331293,0.00028200919101854864,-0.005658692680299282,-0.025395939126610756,0.0013502836227416992,0.0,0.0,0.0,0.9945917511145687,-0.10385193574943163,0.0014445503348485544,0.10385214743382587,0.9945927754330918,-7.210695085038688e-05,-0.001429250841838009,0.00022173658556348674,0.9999989540369415,0.0,0.0,0.0
2,1775071916973150595,0.058621399,58,13.628143,13.47945900488412,46.66084042473332,0.7525942003989246,-0.7525942003989246,-0.006450708955526352,-0.022808054462075233,0.0025693178176879883,-0.023525739088654518,-0.005535818636417389,-0.005286285188049078,0.9945689023759154,-0.10407367919650201,0.0011671164309609919,0.10407395272370468,0.9945695429865555,-0.00017596439952373075,-0.001142465195322507,0.0002964751436386817,0.999999303437639,-0.0016159791266545653,-0.00021365062275435776,0.00041973759653046727,-0.006450708955526352,-0.022808054462075233,0.0025693178176879883,-0.023525739088654518,-0.005535818636417389,-0.005286285188049078,0.9945689023759154,-0.10407367919650201,0.0011671164309609919,0.10407395272370468,0.9945695429865555,-0.00017596439952373075,-0.001142465195322507,0.0002964751436386817,0.999999303437639,-0.0016159791266545653,-0.00021365062275435776,0.00041973759653046727,46.66084042473332,0.003305138630780185,0.0023900398559588295,-0.0018255199873650236,46.66084042473332,0.003305138630780185,0.0023900398559588295,-0.0018255199873650236,-0.005658692680299282,-0.025395939126610756,0.0013502836227416992,0.0,0.0,0.0,0.9945917511145687,-0.10385193574943163,0.0014445503348485544,0.10385214743382587,0.9945927754330918,-7.210695085038688e-05,-0.001429250841838009,0.00022173658556348674,0.9999989540369415,0.0,0.0,0.0
3,1775071916987852490,0.073323294,73,14.701895,41.91633000300499,45.91650194305164,0.7405887410169619,-0.7405887410169619,-0.0063855149783194065,-0.022738682106137276,0.0026173442602157593,-0.023239070549607277,-0.005454370751976967,-0.005319072864949703,0.9945687337431033,-0.10407721707174322,0.0011544049231902546,0.10407748563291741,0.9945693602255736,-0.00017489538948468192,-0.0011299329822272927,0.00029409280784105027,0.9999993183803186,0.0013318844139575958,-0.00024117852444760501,0.0009109775419346988,-0.0063855149783194065,-0.022738682106137276,0.0026173442602157593,-0.023239070549607277,-0.005454370751976967,-0.005319072864949703,0.9945687337431033,-0.10407721707174322,0.0011544049231902546,0.10407748563291741,0.9945693602255736,-0.00017489538948468192,-0.0011299329822272927,0.00029409280784105027,0.9999993183803186,0.0013318844139575958,-0.00024117852444760501,0.0009109775419346988,45.91650194305164,9.75225467145441e-05,0.0011346388926926367,-0.0029081193139467855,45.91650194305164,9.75225467145441e-05,0.0011346388926926367,-0.0029081193139467855,-0.005658692680299282,-0.025395939126610756,0.0013502836227416992,0.0,0.0,0.0,0.9945917511145687,-0.10385193574943163,0.0014445503348485544,0.10385214743382587,0.9945927754330918,-7.210695085038688e-05,-0.001429250841838009,0.00022173658556348674,0.9999989540369415,0.0,0.0,0.0
4,1775071917045066258,0.130537062,130,57.213768,24.472909994074143,45.95616285297143,0.7412284331124425,-0.7412284331124425,-0.006263026036322117,-0.022607821971178055,0.0027086585760116577,-0.022928548976778984,-0.0053699626587331295,-0.005188708659261465,0.9945663844211152,-0.10409810619381443,0.0011270578596760047,0.10409837221351514,0.9945669789178071,-0.00017983838605383634,-0.0011022137039290933,0.00029618611551997936,0.9999993486991496,-1.9566170522011817e-05,-0.0012069451622664928,0.00035002356162294745,-0.006263026036322117,-0.022607821971178055,0.0027086585760116577,-0.022928548976778984,-0.0053699626587331295,-0.005188708659261465,0.9945663844211152,-0.10409810619381443,0.0011270578596760047,0.10409837221351514,0.9945669789178071,-0.00017983838605383634,-0.0011022137039290933,0.00029618611551997936,0.9999993486991496,-1.9566170522011817e-05,-0.0012069451622664928,0.00035002356162294745,45.95616285297143,0.0016739050771774156,0.002624614204314377,-0.0017372486222950007,45.95616285297143,0.0016739050771774156,0.002624614204314377,-0.0017372486222950007,-0.005658692680299282,-0.025395939126610756,0.0013502836227416992,0.0,0.0,0.0,0.9945917511145687,-0.10385193574943163,0.0014445503348485544,0.10385214743382587,0.9945927754330918,-7.210695085038688e-05,-0.001429250841838009,0.00022173658556348674,0.9999989540369415,0.0,0.0,0.0
5,1775071917076275088,0.161745892,161,31.20883,23.11452599678887,45.91079641244735,0.740496716329796,-0.740496716329796,-0.006102030165493488,-0.022479522973299026,0.0028397589921951294,-0.02250421606004238,-0.005239156540483236,-0.004974246956408024,0.9945630535922906,-0.10413157378504079,0.0011058574281551034,0.10413184406324127,0.9945636220338055,-0.00018955072173322193,-0.0010801072432690788,0.0003036749422541743,0.9999993705748166,-0.0009057753486558795,-0.0004879231855738908,-0.0007780706509947777,-0.006102030165493488,-0.022479522973299026,0.0028397589921951294,-0.02250421606004238,-0.005239156540483236,-0.004974246956408024,0.9945630535922906,-0.10413157378504079,0.0011058574281551034,0.10413184406324127,0.9945636220338055,-0.00018955072173322193,-0.0010801072432690788,0.0003036749422541743,0.9999993705748166,-0.0009057753486558795,-0.0004879231855738908,-0.0007780706509947777,45.91079641244735,0.003043384121161413,0.002448614034992434,0.0005652226937035388,45.91079641244735,0.003043384121161413,0.002448614034992434,0.0005652226937035388,-0.005658692680299282,-0.025395939126610756,0.0013502836227416992,0.0,0.0,0.0,0.9945917511145687,-0.10385193574943163,0.0014445503348485544,0.10385214743382587,0.9945927754330918,-7.210695085038688e-05,-0.001429250841838009,0.00022173658556348674,0.9999989540369415,0.0,0.0,0.0
6,1775071917103117659,0.188588463,188,26.842571,15.539897001872305,44.54085676055401,0.7184009154928066,-0.7184009154928066,-0.005675026681274176,-0.022221526131033897,0.0032239705324172974,-0.021596383303403854,-0.005029411520808935,-0.004676140379160643,0.9945566801039891,-0.10419283617654762,0.0010463029289994943,0.10419310960342143,0.9945571796248711,-0.00021016100854968564,-0.0010187107336962868,0.0003180344475045352,0.9999994305411632,0.00044270470971241593,-0.0005253785056993365,-0.0006840231944806874,-0.005675026681274176,-0.022221526131033897,0.0032239705324172974,-0.021596383303403854,-0.005029411520808935,-0.004676140379160643,0.9945566801039891,-0.10419283617654762,0.0010463029289994943,0.10419310960342143,0.9945571796248711,-0.00021016100854968564,-0.0010187107336962868,0.0003180344475045352,0.9999994305411632,0.00044270470971241593,-0.0005253785056993365,-0.0006840231944806874,44.54085676055401,0.0025204602653237204,0.001956715963354769,0.0004857042648734411,44.54085676055401,0.0025204602653237204,0.001956715963354769,0.0004857042648734411,-0.005658692680299282,-0.025395939126610756,0.0013502836227416992,0.0,0.0,0.0,0.9945917511145687,-0.10385193574943163,0.0014445503348485544,0.10385214743382587,0.9945927754330918,-7.210695085038688e-05,-0.001429250841838009,0.00022173658556348674,0.9999989540369415,0.0,0.0,0.0
7,1775071917120057780,0.205528584,205,16.940121,16.12618700164603,43.71219191760541,0.7050353535097647,-0.7050353535097647,-0.005416968371719122,-0.0220807958394289,0.0034851431846618652,-0.021155117079615593,-0.004958337638527155,-0.004477597773075104,0.9945537928702626,-0.10421904441093299,0.001033387640628776,0.10421932864373051,0.994554274508304,-0.00022497746687818662,-0.0010043131854117447,0.00033145120608522177,0.9999994407473862,-0.00012225008686073124,-0.0010220000986009836,0.00023254026018548757,-0.005416968371719122,-0.0220807958394289,0.0034851431846618652,-0.021155117079615593,-0.004958337638527155,-0.004477597773075104,0.9945537928702626,-0.10421904441093299,0.001033387640628776,0.10421932864373051,0.994554274508304,-0.00022497746687818662,-0.0010043131854117447,0.00033145120608522177,0.9999994407473862,-0.00012225008686073124,-0.0010220000986009836,0.00023254026018548757,43.71219191760541,0.003912654329707747,0.0026165699514221186,-0.0011376860557819977,43.71219191760541,0.003912654329707747,0.0026165699514221186,-0.0011376860557819977,-0.005658692680299282,-0.025395939126610756,0.0013502836227416992,0.0,0.0,0.0,0.9945917511145687,-0.10385193574943163,0.0014445503348485544,0.10385214743382587,0.9945927754330918,-7.210695085038688e-05,-0.001429250841838009,0.00022173658556348674,0.9999989540369415,0.0,0.0,0.0
8,1775071917137597186,0.22306799,223,17.539406,11.817005994089413,43.041549776871506,0.6942185447882501,-0.6942185447882501,-0.005138155072927475,-0.021926604211330414,0.003756776452064514,-0.020635098218917847,-0.0048421998508274555,-0.004266568459570408,0.9945494217369533,-0.10426101696343659,0.0010005596596991684,0.10426129619617286,0.9945498689511207,-0.0002309544789475329,-0.0009710269587193329,0.00033401534306604086,0.9999994727700383,0.0010896215680986643,0.00020555357332341373,-0.0012377130333334208,-0.005138155072927475,-0.021926604211330414,0.003756776452064514,-0.020635098218917847,-0.0048421998508274555,-0.004266568459570408,0.9945494217369533,-0.10426101696343659,0.0010005596596991684,0.10426129619617286,0.9945498689511207,-0.0002309544789475329,-0.0009710269587193329,0.00033401534306604086,0.9999994727700383,0.0010896215680986643,0.00020555357332341373,-0.0012377130333334208,43.041549776871506,0.0031840361964348587,0.0011370634265747781,0.0017631610022297401,43.041549776871506,0.0031840361964348587,0.0011370634265747781,0.0017631610022297401,-0.005658692680299282,-0.025395939126610756,0.0013502836227416992,0.0,0.0,0.0,0.9945917511145687,-0.10385193574943163,0.0014445503348485544,0.10385214743382587,0.9945927754330918,-7.210695085038688e-05,-0.001429250841838009,0.00022173658556348674,0.9999989540369415,0.0,0.0,0.0
9,1775071917150999469,0.236470273,236,13.402283,15.812630001164507,42.176164313146124,0.6802607147281633,-0.6802607147281633,-0.004839019849896431,-0.021759191527962685,0.004038125276565552,-0.02010415680706501,-0.0047966185957193375,-0.004080016165971756,0.994546457687909,-0.10429076465929388,0.0009590031704351451,0.1042910343634953,0.9945468638824281,-0.00023552690310484764,-0.0009292102708841135,0.0003342577979259312,0.9999995124199105,0.00022371565864887089,0.001218703924678266,0.0001842594356276095,-0.004839019849896431,-0.021759191527962685,0.004038125276565552,-0.02010415680706501,-0.0047966185957193375,-0.004080016165971756,0.994546457687909,-0.10429076465929388,0.0009590031704351451,0.1042910343634953,0.9945468638824281,-0.00023552690310484764,-0.0009292102708841135,0.0003342577979259312,0.9999995124199105,0.00022371565864887089,0.001218703924678266,0.0001842594356276095,42.176164313146124,0.0052804842880228966,0.0005396608444487002,-0.0007543836845700094,42.176164313146124,0.0052804842880228966,0.0005396608444487002,-0.0007543836845700094,-0.005658692680299282,-0.025395939126610756,0.0013502836227416992,0.0,0.0,0.0,0.9945917511145687,-0.10385193574943163,0.0014445503348485544,0.10385214743382587,0.9945927754330918,-7.210695085038688e-05,-0.001429250841838009,0.00022173658556348674,0.9999989540369415,0.0,0.0,0.0
10,1775071917168239026,0.25370983,253,17.239557,22.801758997957222,41.592187730569506,0.6708417375898308,-0.6708417375898308,-0.0045388489961624146,-0.021589847281575203,0.004327878355979919,-0.019630251452326775,-0.004706486128270626,-0.0037357620894908905,0.9945417103251074,-0.10433680984848537,0.0009138833532529866,0.10433707384013591,0.9945420720917341,-0.00024598890771310167,-0.0008832296828215624,0.0003399980197791308,0.9999995521532811,4.208312020637095e-05,0.0009385062148794532,-0.001343895448371768,-0.0045388489961624146,-0.021589847281575203,0.004327878355979919,-0.019630251452326775,-0.004706486128270626,-0.0037357620894908905,0.9945417103251074,-0.10433680984848537,0.0009138833532529866,0.10433707384013591,0.9945420720917341,-0.00024598890771310167,-0.0008832296828215624,0.0003399980197791308,0.9999995521532811,4.208312020637095e-05,0.0009385062148794532,-0.001343895448371768,41.592187730569506,0.006023060197224496,0.00101778344365926,0.0023187936473232636,41.592187730569506,0.006023060197224496,0.00101778344365926,0.0023187936473232636,-0.005658692680299282,-0.025395939126610756,0.0013502836227416992,0.0,0.0,0.0,0.9945917511145687,-0.10385193574943163,0.0014445503348485544,0.10385214743382587,0.9945927754330918,-7.210695085038688e-05,-0.001429250841838009,0.00022173658556348674,0.9999989540369415,0.0,0.0,0.0
11,1775071917195416636,0.28088744,280,27.17761,20.408368996868376,39.961272560475294,0.6445366542012144,-0.6445366542012144,-0.004091360606253147,-0.021336978301405907,0.004785895347595215,-0.018854370340704918,-0.0045447684824466705,-0.0033105367328971624,0.9945358631282882,-0.10439259539425794,0.0008568824159953109,0.10439285828624123,0.994536168589082,-0.00026791036243788147,-0.0008242326638049774,0.0003558987960930876,0.9999995969882242,-8.311807323480025e-05,-0.00021186983212828636,-4.772695683641359e-05,-0.004091360606253147,-0.021336978301405907,0.004785895347595215,-0.018854370340704918,-0.0045447684824466705,-0.0033105367328971624,0.9945358631282882,-0.10439259539425794,0.0008568824159953109,0.10439285828624123,0.994536168589082,-0.00026791036243788147,-0.0008242326638049774,0.0003558987960930876,0.9999995969882242,-8.311807323480025e-05,-0.00021186983212828636,-4.772695683641359e-05,39.961272560475294,0.0074450997159426465,0.0020923752910307087,3.1002356836139215e-05,39.961272560475294,0.0074450997159426465,0.0020923752910307087,3.1002356836139215e-05,-0.005658692680299282,-0.025395939126610756,0.0013502836227416992,0.0,0.0,0.0,0.9945917511145687,-0.10385193574943163,0.0014445503348485544,0.10385214743382587,0.9945927754330918,-7.210695085038688e-05,-0.001429250841838009,0.00022173658556348674,0.9999989540369415,0.0,0.0,0.0
12,1775071917217982534,0.303453338,303,22.565898,17.139568997663446,38.53639543107181,0.6215547650172872,-0.6215547650172872,-0.003662257455289364,-0.02103225514292717,0.005303382873535156,-0.018103204667568207,-0.004319651983678341,-0.002953125862404704,0.9945318773393161,-0.10443049049870035,0.000802989162480533,0.10443075471195629,0.9945321302041883,-0.0002943522987523435,-0.0007678591615277071,0.0003765994940250761,0.9999996342825022,-0.0003736853541340679,0.0001006632373901084,0.00022315324167720973,-0.003662257455289364,-0.02103225514292717,0.005303382873535156,-0.018103204667568207,-0.004319651983678341,-0.002953125862404704,0.9945318773393161,-0.10443049049870035,0.000802989162480533,0.10443075471195629,0.9945321302041883,-0.0002943522987523435,-0.0007678591615277071,0.0003765994940250761,0.9999996342825022,-0.0003736853541340679,0.0001006632373901084,0.00022315324167720973,38.53639543107181,0.009183643149094277,0.0019973544154175222,-0.0002564217966690626,38.53639543107181,0.009183643149094277,0.0019973544154175222,-0.0002564217966690626,-0.005658692680299282,-0.025395939126610756,0.0013502836227416992,0.0,0.0,0.0,0.9945917511145687,-0.10385193574943163,0.0014445503348485544,0.10385214743382587,0.9945927754330918,-7.210695085038688e-05,-0.001429250841838009,0.00022173658556348674,0.9999989540369415,0.0,0.0,0.0
13,1775071917238203314,0.323674118,323,20.22078,19.960771001933608,36.87784557349031,0.594803960862747,-0.594803960862747,-0.003237785305827856,-0.020695652812719345,0.005778700113296509,-0.017461111769080162,-0.004095111042261124,-0.0025909896939992905,0.9945280449749838,-0.10446874859345945,0.0007463827153269178,0.10446899153750722,0.9945282560240549,-0.00029417437122736603,-0.000711566613427795,0.0003705383557483597,0.999999678187134,0.00028154230676591396,5.8453479141462594e-05,0.0011355546303093433,-0.003237785305827856,-0.020695652812719345,0.005778700113296509,-0.017461111769080162,-0.004095111042261124,-0.0025909896939992905,0.9945280449749838,-0.10446874859345945,0.0007463827153269178,0.10446899153750722,0.9945282560240549,-0.00029417437122736603,-0.000711566613427795,0.0003705383557483597,0.999999678187134,0.00028154230676591396,5.8453479141462594e-05,0.0011355546303093433,36.87784557349031,0.009820204245961518,0.0017899888551568838,-0.0018272900702177297,36.87784557349031,0.009820204245961518,0.0017899888551568838,-0.0018272900702177297,-0.005658692680299282,-0.025395939126610756,0.0013502836227416992,0.0,0.0,0.0,0.9945917511145687,-0.10385193574943163,0.0014445503348485544,0.10385214743382587,0.9945927754330918,-7.210695085038688e-05,-0.001429250841838009,0.00022173658556348674,0.9999989540369415,0.0,0.0,0.0
14,1775071917260438110,0.345908914,345,22.234796,18.026010002358817,36.74439187601604,0.5926514818712264,-0.5926514818712264,-0.003099156776443124,-0.020580263808369637,0.005928695201873779,-0.017254529520869255,-0.0040057506412267685,-0.002516090404242277,0.9945265848299468,-0.10448220985385714,0.0007264783191445398,0.10448244686890651,0.9945267811493695,-0.00029623168569170577,-0.0006915511695405052,0.00037051442576772203,0.9999996922379989,0.0003581740311346948,0.0008338599000126123,-0.00010180113167734817,-0.003099156776443124,-0.020580263808369637,0.005928695201873779,-0.017254529520869255,-0.0040057506412267685,-0.002516090404242277,0.9945265848299468,-0.10448220985385714,0.0007264783191445398,0.10448244686890651,0.9945267811493695,-0.00029623168569170577,-0.0006915511695405052,0.00037051442576772203,0.9999996922379989,0.0003581740311346948,0.0008338599000126123,-0.00010180113167734817,36.74439187601604,0.010006397085745017,0.0011686327247578262,0.0006093347687800323,36.74439187601604,0.010006397085745017,0.0011686327247578262,0.0006093347687800323,-0.005658692680299282,-0.025395939126610756,0.0013502836227416992,0.0,0.0,0.0,0.9945917511145687,-0.10385193574943163,0.0014445503348485544,0.10385214743382587,0.9945927754330918,-7.210695085038688e-05,-0.001429250841838009,0.00022173658556348674,0.9999989540369415,0.0,0.0,0.0
15,1775071917279827653,0.365298457,365,19.389543,27.528539998456836,35.78086502549425,0.5771107262176493,-0.5771107262176493,-0.002831161255016923,-0.020359784364700317,0.006201624870300293,-0.016830768436193466,-0.0038806931115686893,-0.0023163510486483574,0.9945231542586868,-0.10451391930405829,0.0007060683853084698,0.10451415497553374,0.994523333220755,-0.0003054615010493443,-0.0006702765116072852,0.0003775826947080563,0.9999997040803045,0.0011166492477059364,-0.0005297706229612231,-2.7611215045908466e-05,-0.002831161255016923,-0.020359784364700317,0.006201624870300293,-0.016830768436193466,-0.0038806931115686893,-0.0023163510486483574,0.9945231542586868,-0.10451391930405829,0.0007060683853084698,0.10451415497553374,0.994523333220755,-0.0003054615010493443,-0.0006702765116072852,0.0003775826947080563,0.9999997040803045,0.0011166492477059364,-0.0005297706229612231,-2.7611215045908466e-05,35.78086502549425,0.00963358638967219,0.00210865039597529,0.0005059358936940556,35.78086502549425,0.00963358638967219,0.00210865039597529,0.0005059358936940556,-0.005658692680299282,-0.025395939126610756,0.0013502836227416992,0.0,0.0,0.0,0.9945917511145687,-0.10385193574943163,0.0014445503348485544,0.10385214743382587,0.9945927754330918,-7.210695085038688e-05,-0.001429250841838009,0.00022173658556348674,0.9999989540369415,0.0,0.0,0.0
16,1775071917309235877,0.394706681,394,29.408224,21.337908001441974,34.26753862945332,0.5527022359589245,-0.5527022359589245,-0.002125111175701022,-0.01977473497390747,0.006832584738731384,-0.01575041003525257,-0.0033816718496382236,-0.0020052457693964243,0.9945180406230738,-0.1045638668119242,0.0006372917950717445,0.10456410870390753,0.9945181546676347,-0.0003587697349341475,-0.0005962838940255259,0.00042344075441109845,0.9999997325717039,-3.6925863241776824e-05,-0.0001186734443763271,0.00044890635763294995,-0.002125111175701022,-0.01977473497390747,0.006832584738731384,-0.01575041003525257,-0.0033816718496382236,-0.0020052457693964243,0.9945180406230738,-0.1045638668119242,0.0006372917950717445,0.10456410870390753,0.9945181546676347,-0.0003587697349341475,-0.0005962838940255259,0.00042344075441109845,0.9999997325717039,-3.6925863241776824e-05,-0.0001186734443763271,0.00044890635763294995,34.26753862945332,0.01262449389077961,0.002302467758312188,-0.0001140606997921004,34.26753862945332,0.01262449389077961,0.002302467758312188,-0.0001140606997921004,-0.005658692680299282,-0.025395939126610756,0.0013502836227416992,0.0,0.0,0.0,0.9945917511145687,-0.10385193574943163,0.0014445503348485544,0.10385214743382587,0.9945927754330918,-7.210695085038688e-05,-0.001429250841838009,0.00022173658556348674,0.9999989540369415,0.0,0.0,0.0
17,1775071917332627505,0.418098309,418,23.391628,26.117654000699986,33.5555106433258,0.5412179136020291,-0.5412179136020291,-0.0018418055260553956,-0.0195377916097641,0.007075190544128418,-0.01529878843575716,-0.0030790315940976143,-0.001968769356608391,0.9945164389440596,-0.10458016470030507,0.0006167359968046876,0.1045804024887178,0.9945165375553567,-0.00036672371308375806,-0.0005750020898965952,0.0004292110997017179,0.9999997425752206,-0.00047322435420937836,0.0009157833992503583,0.0017146938480436802,-0.0018418055260553956,-0.0195377916097641,0.007075190544128418,-0.01529878843575716,-0.0030790315940976143,-0.001968769356608391,0.9945164389440596,-0.10458016470030507,0.0006167359968046876,0.1045804024887178,0.9945165375553567,-0.00036672371308375806,-0.0005750020898965952,0.0004292110997017179,0.9999997425752206,-0.00047322435420937836,0.0009157833992503583,0.0017146938480436802,33.5555106433258,0.014045097645818802,0.0015310760242292789,-0.0024115004001386852,33.5555106433258,0.014045097645818802,0.0015310760242292789,-0.0024115004001386852,-0.005658692680299282,-0.025395939126610756,0.0013502836227416992,0.0,0.0,0.0,0.9945917511145687,-0.10385193574943163,0.0014445503348485544,0.10385214743382587,0.9945927754330918,-7.210695085038688e-05,-0.001429250841838009,0.00022173658556348674,0.9999989540369415,0.0,0.0,0.0
18,1775071917361669670,0.447140474,447,29.042165,24.266792999696918,32.867419466114285,0.5301196688082949,-0.5301196688082949,-0.0013055574381724,-0.019077254459261894,0.0075397491455078125,-0.01449480652809143,-0.00272049056366086,-0.0017314223805442452,0.9945118761903048,-0.10462232868057408,0.0005785277711978674,0.10462257084865345,0.9945119363499769,-0.0004054169887284702,-0.0005329371023117353,0.00046371905479115644,0.9999997504713148,-0.0004997147480025887,-0.00025109972921200097,-0.0010268022306263447,-0.0013055574381724,-0.019077254459261894,0.0075397491455078125,-0.01449480652809143,-0.00272049056366086,-0.0017314223805442452,0.9945118761903048,-0.10462232868057408,0.0005785277711978674,0.10462257084865345,0.9945119363499769,-0.0004054169887284702,-0.0005329371023117353,0.00046371905479115644,0.9999997504713148,-0.0004997147480025887,-0.00025109972921200097,-0.0010268022306263447,32.867419466114285,0.014540772241606133,0.0028387374699903644,0.002956393179771582,32.867419466114285,0.014540772241606133,0.0028387374699903644,0.002956393179771582,-0.005658692680299282,-0.025395939126610756,0.0013502836227416992,0.0,0.0,0.0,0.9945917511145687,-0.10385193574943163,0.0014445503348485544,0.10385214743382587,0.9945927754330918,-7.210695085038688e-05,-0.001429250841838009,0.00022173658556348674,0.9999989540369415,0.0,0.0,0.0
19,1775071917389373052,0.474843856,474,27.703382,19.983088001026772,31.352137462930283,0.5056796364988755,-0.5056796364988755,-0.000925776083022356,-0.018767068162560463,0.007894784212112427,-0.01398401241749525,-0.002400562632828951,-0.0015190037665888667,0.994508501593352,-0.10465457585506588,0.0005716477656467624,0.1046548215012344,0.9945085521494897,-0.0004181005991855083,-0.0005247524476570983,0.0004756302636356323,0.9999997492053366,0.00040809440542943776,-0.00023686655913479626,0.000844631576910615,-0.000925776083022356,-0.018767068162560463,0.007894784212112427,-0.01398401241749525,-0.002400562632828951,-0.0015190037665888667,0.994508501593352,-0.10465457585506588,0.0005716477656467624,0.1046548215012344,0.9945085521494897,-0.0004181005991855083,-0.0005247524476570983,0.0004756302636356323,0.9999997492053366,0.00040809440542943776,-0.00023686655913479626,0.000844631576910615,31.352137462930283,0.014724075527343488,0.002395784008850583,-0.0005324986717963698,31.352137462930283,0.014724075527343488,0.002395784008850583,-0.0005324986717963698,-0.005658692680299282,-0.025395939126610756,0.0013502836227416992,0.0,0.0,0.0,0.9945917511145687,-0.10385193574943163,0.0014445503348485544,0.10385214743382587,0.9945927754330918,-7.210695085038688e-05,-0.001429250841838009,0.00022173658556348674,0.9999989540369415,0.0,0.0,0.0
20,1775071917410848779,0.496319583,496,21.475727,18.32888799981447,31.16977195402284,0.502738257322949,-0.502738257322949,-0.0005597404087893665,-0.01849314384162426,0.008258849382400513,-0.013546768575906754,-0.0021877659019082785,-0.0013974489411339164,0.9945058437752508,-0.10467955872527046,0.000565059949990919,0.10467980919766862,0.9945058834686549,-0.00043347820986691394,-0.0005165791369543841,0.0004902469793651235,0.9999997464019154,-0.0014145232271403074,-0.000306465954054147,-0.0009737815707921982,-0.0005597404087893665,-0.01849314384162426,0.008258849382400513,-0.013546768575906754,-0.0021877659019082785,-0.0013974489411339164,0.9945058437752508,-0.10467955872527046,0.000565059949990919,0.10467980919766862,0.9945058834686549,-0.00043347820986691394,-0.0005165791369543841,0.0004902469793651235,0.9999997464019154,-0.0014145232271403074,-0.000306465954054147,-0.0009737815707921982,31.16977195402284,0.017306688953531935,0.003409264709647572,0.003150289301206957,31.16977195402284,0.017306688953531935,0.003409264709647572,0.003150289301206957,-0.005658692680299282,-0.025395939126610756,0.0013502836227416992,0.0,0.0,0.0,0.9945917511145687,-0.10385193574943163,0.0014445503348485544,0.10385214743382587,0.9945927754330918,-7.210695085038688e-05,-0.001429250841838009,0.00022173658556348674,0.9999989540369415,0.0,0.0,0.0
21,1775071917430823295,0.516294099,516,19.974516,15.619762001733761,30.15980040384781,0.48644839361044856,-0.48644839361044856,-0.0004355476121418178,-0.018412062898278236,0.008380323648452759,-0.013350272551178932,-0.0020789417903870344,-0.0013533036690205336,0.9945055371938702,-0.10468221614445983,0.000559167873992035,0.10468246712260165,0.9945055705836301,-0.0004401251364429925,-0.0005100222927301265,0.0004962419852773848,0.9999997468105378,0.00033751758746802807,-0.00011470088793430477,0.0008592884405516088,-0.0004355476121418178,-0.018412062898278236,0.008380323648452759,-0.013350272551178932,-0.0020789417903870344,-0.0013533036690205336,0.9945055371938702,-0.10468221614445983,0.000559167873992035,0.10468246712260165,0.9945055705836301,-0.0004401251364429925,-0.0005100222927301265,0.0004962419852773848,0.9999997468105378,0.00033751758746802807,-0.00011470088793430477,0.0008592884405516088,30.15980040384781,0.015937729732952266,0.002400028697139579,-0.00039888676529610095,30.15980040384781,0.015937729732952266,0.002400028697139579,-0.00039888676529610095,-0.005658692680299282,-0.025395939126610756,0.0013502836227416992,0.0,0.0,0.0,0.9945917511145687,-0.10385193574943163,0.0014445503348485544,0.10385214743382587,0.9945927754330918,-7.210695085038688e-05,-0.001429250841838009,0.00022173658556348674,0.9999989540369415,0.0,0.0,0.0
22,1775071917449560405,0.535031209,535,18.73711,18.73352199618239,29.457158736843954,0.4751154634974831,-0.4751154634974831,-7.825905049685389e-05,-0.01817557029426098,0.00872570276260376,-0.012957691214978695,-0.001907574012875557,-0.0011642174795269966,0.9945034694350635,-0.10470241577067552,0.0005526971477068199,0.10470266592649269,0.9945034971800585,-0.0004448654418181797,-0.000503080758452882,0.0005002890653230505,0.999999748310275,-0.000315523415338248,-0.00022395982523448765,0.0004147347644902766,-7.825905049685389e-05,-0.01817557029426098,0.00872570276260376,-0.012957691214978695,-0.001907574012875557,-0.0011642174795269966,0.9945034694350635,-0.10470241577067552,0.0005526971477068199,0.10470266592649269,0.9945034971800585,-0.0004448654418181797,-0.000503080758452882,0.0005002890653230505,0.999999748310275,-0.000315523415338248,-0.00022395982523448765,0.0004147347644902766,29.457158736843954,0.017427495006528897,0.0028695199570943465,0.0006114004355890818,29.457158736843954,0.017427495006528897,0.0028695199570943465,0.0006114004355890818,-0.005658692680299282,-0.025395939126610756,0.0013502836227416992,0.0,0.0,0.0,0.9945917511145687,-0.10385193574943163,0.0014445503348485544,0.10385214743382587,0.9945927754330918,-7.210695085038688e-05,-0.001429250841838009,0.00022173658556348674,0.9999989540369415,0.0,0.0,0.0
23,1775071917472440813,0.557911617,557,22.880408,24.003835998883005,28.144050168952234,0.4539362930476167,-0.4539362930476167,0.0003651222796179354,-0.01785690151154995,0.009168386459350586,-0.01241779699921608,-0.0016901515191420913,-0.0009508480434305966,0.9945003270747301,-0.1047336014136464,0.0005306455380833166,0.10473384565684118,0.994500338626269,-0.00045546431085543237,-0.00048002474628379616,0.0005085358084795245,0.9999997554837916,0.0005146929179318249,0.0006958406302146614,0.000553897290956229,0.0003651222796179354,-0.01785690151154995,0.009168386459350586,-0.01241779699921608,-0.0016901515191420913,-0.0009508480434305966,0.9945003270747301,-0.1047336014136464,0.0005306455380833166,0.10473384565684118,0.994500338626269,-0.00045546431085543237,-0.00048002474628379616,0.0005085358084795245,0.9999997554837916,0.0005146929179318249,0.0006958406302146614,0.000553897290956229,28.144050168952234,0.01770698570461105,0.0017604944161339917,0.0004890502435808745,28.144050168952234,0.01770698570461105,0.0017604944161339917,0.0004890502435808745,-0.005658692680299282,-0.025395939126610756,0.0013502836227416992,0.0,0.0,0.0,0.9945917511145687,-0.10385193574943163,0.0014445503348485544,0.10385214743382587,0.9945927754330918,-7.210695085038688e-05,-0.001429250841838009,0.00022173658556348674,0.9999989540369415,0.0,0.0,0.0
24,1775071917501564021,0.587034825,587,29.123208,25.236675995984115,27.425911516754624,0.44235341156055846,-0.44235341156055846,0.0006697007920593023,-0.017595520243048668,0.00953356921672821,-0.012017611414194107,-0.001414730679243803,-0.0007808777736499906,0.9944997657887076,-0.10473785398587121,0.0005239169270494107,0.10473810156355468,0.994499766772672,-0.0004697555607091036,-0.0004718340723601389,0.000522045823109494,0.9999997524203613,-0.000262167101027444,0.0008322364301420748,0.00018959352746605873,0.0006697007920593023,-0.017595520243048668,0.00953356921672821,-0.012017611414194107,-0.001414730679243803,-0.0007808777736499906,0.9944997657887076,-0.10473785398587121,0.0005239169270494107,0.10473810156355468,0.994499766772672,-0.0004697555607091036,-0.0004718340723601389,0.000522045823109494,0.9999997524203613,-0.000262167101027444,0.0008322364301420748,0.00018959352746605873,27.425911516754624,0.01942384835301727,0.0020629046231833326,0.0013484163295846639,27.425911516754624,0.01942384835301727,0.0020629046231833326,0.0013484163295846639,-0.005658692680299282,-0.025395939126610756,0.0013502836227416992,0.0,0.0,0.0,0.9945917511145687,-0.10385193574943163,0.0014445503348485544,0.10385214743382587,0.9945927754330918,-7.210695085038688e-05,-0.001429250841838009,0.00022173658556348674,0.9999989540369415,0.0,0.0,0.0
25,1775071917529532166,0.61500297,615,27.968145,15.781987996888347,26.77217688304174,0.43180930456518934,-0.43180930456518934,0.0008546522003598511,-0.017370786517858505,0.009815126657485962,-0.011845402419567108,-0.0012518325820565224,-0.0005928635946474969,0.9944987165600436,-0.10474830864262596,0.0005165200156438673,0.10474855636772995,0.9944987095410498,-0.00047838906068498066,-0.00046356804518513084,0.0005298619512920658,0.9999997521754787,-0.0006607018294744194,-0.00018319697119295597,-0.00017695780843496323,0.0008546522003598511,-0.017370786517858505,0.009815126657485962,-0.011845402419567108,-0.0012518325820565224,-0.0005928635946474969,0.9944987165600436,-0.10474830864262596,0.0005165200156438673,0.10474855636772995,0.9944987095410498,-0.00047838906068498066,-0.00046356804518513084,0.0005298619512920658,0.9999997521754787,-0.0006607018294744194,-0.00018319697119295597,-0.00017695780843496323,26.77217688304174,0.020362206825129764,0.0032225475213483188,0.0021451745327200214,26.77217688304174,0.020362206825129764,0.0032225475213483188,0.0021451745327200214,-0.005658692680299282,-0.025395939126610756,0.0013502836227416992,0.0,0.0,0.0,0.9945917511145687,-0.10385193574943163,0.0014445503348485544,0.10385214743382587,0.9945927754330918,-7.210695085038688e-05,-0.001429250841838009,0.00022173658556348674,0.9999989540369415,0.0,0.0,0.0
26,1775071917547574089,0.633044893,633,18.041923,12.379972999042366,26.213580985676984,0.4227996933173707,-0.4227996933173707,0.0010274964151903987,-0.017155572772026062,0.010085761547088623,-0.01158054731786251,-0.0010347736533731222,-0.00046759223914705217,0.9944967738193307,-0.10476602864112161,0.0005193219360323448,0.10476628707173496,0.9944967573976462,-0.00049820511636627,-0.00046426901030156387,0.0005498708005445623,0.9999997410481636,-0.0010483635123819113,-0.0005151617806404829,-0.0005573323578573763,0.0010274964151903987,-0.017155572772026062,0.010085761547088623,-0.01158054731786251,-0.0010347736533731222,-0.00046759223914705217,0.9944967738193307,-0.10476602864112161,0.0005193219360323448,0.10476628707173496,0.9944967573976462,-0.00049820511636627,-0.00046426901030156387,0.0005498708005445623,0.9999997410481636,-0.0010483635123819113,-0.0005151617806404829,-0.0005573323578573763,26.213580985676984,0.021332904951868223,0.00375471489532249,0.002966203115026336,26.213580985676984,0.021332904951868223,0.00375471489532249,0.002966203115026336,-0.005658692680299282,-0.025395939126610756,0.0013502836227416992,0.0,0.0,0.0,0.9945917511145687,-0.10385193574943163,0.0014445503348485544,0.10385214743382587,0.9945927754330918,-7.210695085038688e-05,-0.001429250841838009,0.00022173658556348674,0.9999989540369415,0.0,0.0,0.0
27,1775071917561782919,0.647253723,647,14.20883,10.782869001559447,25.020409729329053,0.40355499563433955,-0.40355499563433955,0.0012834127992391586,-0.0167931467294693,0.010476231575012207,-0.01132434792816639,-0.0006814274238422513,-0.000270838470896706,0.9944957817032207,-0.10477524294536256,0.0005230265125536551,0.10477550377882539,0.9944957665760523,-0.0004989856635212227,-0.0004678663082075211,0.0005510395111768471,0.9999997387282514,-0.00012554589193314314,-0.00018032736261375248,-0.0005611651577055454,0.0012834127992391586,-0.0167931467294693,0.010476231575012207,-0.01132434792816639,-0.0006814274238422513,-0.000270838470896706,0.9944957817032207,-0.10477524294536256,0.0005230265125536551,0.10477550377882539,0.9944957665760523,-0.0004989856635212227,-0.0004678663082075211,0.0005510395111768471,0.9999997387282514,-0.00012554589193314314,-0.00018032736261375248,-0.0005611651577055454,25.020409729329053,0.021285089913730106,0.0031527014750265363,0.0030647049595492835,25.020409729329053,0.021285089913730106,0.0031527014750265363,0.0030647049595492835,-0.005658692680299282,-0.025395939126610756,0.0013502836227416992,0.0,0.0,0.0,0.9945917511145687,-0.10385193574943163,0.0014445503348485544,0.10385214743382587,0.9945927754330918,-7.210695085038688e-05,-0.001429250841838009,0.00022173658556348674,0.9999989540369415,0.0,0.0,0.0
28,1775071917574579292,0.660050096,660,12.796373,9.687912999652326,24.303918764544907,0.3919986897507243,-0.3919986897507243,0.0013655851362273097,-0.016667895019054413,0.010599657893180847,-0.011254413053393364,-0.00062261160928756,-0.00017387772095389664,0.9944956921803431,-0.10477701487963009,0.0005276334574637223,0.1047772782552252,0.9944956792158529,-0.0004989908629997267,-0.000472446422778652,0.0005515281718969475,0.9999997363055136,0.0005907337763346732,-0.0005157599225640297,0.0005079275579191744,0.0013655851362273097,-0.016667895019054413,0.010599657893180847,-0.011254413053393364,-0.00062261160928756,-0.00017387772095389664,0.9944956921803431,-0.10477701487963009,0.0005276334574637223,0.1047772782552252,0.9944956792158529,-0.0004989908629997267,-0.000472446422778652,0.0005515281718969475,0.9999997363055136,0.0005907337763346732,-0.0005157599225640297,0.0005079275579191744,24.303918764544907,0.020918317177033376,0.003104734699601278,0.0010268148819916978,24.303918764544907,0.020918317177033376,0.003104734699601278,0.0010268148819916978,-0.005658692680299282,-0.025395939126610756,0.0013502836227416992,0.0,0.0,0.0,0.9945917511145687,-0.10385193574943163,0.0014445503348485544,0.10385214743382587,0.9945927754330918,-7.210695085038688e-05,-0.001429250841838009,0.00022173658556348674,0.9999989540369415,0.0,0.0,0.0
