step,timestamp_ns,experiment_time_s,reference_index,tick_dt_ms,solver_ms,px4_collective_command_newton,px4_collective_normalized,px4_thrust_body_z,state_raw_0,state_raw_1,state_raw_2,state_raw_3,state_raw_4,state_raw_5,state_raw_6,state_raw_7,state_raw_8,state_raw_9,state_raw_10,state_raw_11,state_raw_12,state_raw_13,state_raw_14,state_raw_15,state_raw_16,state_raw_17,state_used_0,state_used_1,state_used_2,state_used_3,state_used_4,state_used_5,state_used_6,state_used_7,state_used_8,state_used_9,state_used_10,state_used_11,state_used_12,state_used_13,state_used_14,state_used_15,state_used_16,state_used_17,control_raw_0,control_raw_1,control_raw_2,control_raw_3,control_internal_0,control_internal_1,control_internal_2,control_internal_3,control_used_0,control_used_1,control_used_2,control_used_3,reference_0,reference_1,reference_2,reference_3,reference_4,reference_5,reference_6,reference_7,reference_8,reference_9,reference_10,reference_11,reference_12,reference_13,reference_14,reference_15,reference_16,reference_17
0,1775256549696384298,0.0,0,0.0,55.70220699883066,49.11365602664367,0.7921557423652205,-0.7921557423652205,-0.03199087828397751,0.032032761722803116,0.012206777930259705,-0.00225983839482069,0.006670589093118906,0.0019084244268015027,0.994460877421393,-0.10510480871330441,-0.0008579065292630417,0.1051049251440197,0.9944612309438656,9.165207135416326e-05,0.0008435216438593685,-0.00018131450983430858,0.9999996277981058,-0.0003516074502840638,0.00041818455792963505,-0.0010795269627124071,-0.03199087828397751,0.032032761722803116,0.012206777930259705,-0.00225983839482069,0.006670589093118906,0.0019084244268015027,0.994460877421393,-0.10510480871330441,-0.0008579065292630417,0.1051049251440197,0.9944612309438656,9.165207135416326e-05,0.0008435216438593685,-0.00018131450983430858,0.9999996277981058,-0.0003516074502840638,0.00041818455792963505,-0.0010795269627124071,49.11365602664367,0.00014150818059203377,0.0018629411785809238,-0.002849946831200817,-0.2641002030232191,4.7948184509543815e-05,0.02905923320149116,0.0012493204194601825,49.11365602664367,0.00014150818059203377,0.0018629411785809238,-0.002849946831200817,-0.0408916212618351,0.034846771508455276,0.014897197484970093,0.0,0.0,0.0,0.9944864636935298,-0.10486598404817093,-7.172533345302856e-05,0.10486597193770941,0.9944864553631911,-0.00015573467777236843,8.766112014540898e-05,0.00014735447510905034,0.9999999853010946,0.0,0.0,0.0
1,1775256549762176959,0.065792661,65,65.792661,49.14461700536776,48.42631241221308,0.7810695550356949,-0.7810695550356949,-0.03199087828397751,0.032032761722803116,0.012206777930259705,-0.00225983839482069,0.006670589093118906,0.0019084244268015027,0.994460877421393,-0.10510480871330441,-0.0008579065292630417,0.1051049251440197,0.9944612309438656,9.165207135416326e-05,0.0008435216438593685,-0.00018131450983430858,0.9999996277981058,-0.0003516074502840638,0.00041818455792963505,-0.0010795269627124071,-0.03199087828397751,0.032032761722803116,0.012206777930259705,-0.00225983839482069,0.006670589093118906,0.0019084244268015027,0.994460877421393,-0.10510480871330441,-0.0008579065292630417,0.1051049251440197,0.9944612309438656,9.165207135416326e-05,0.0008435216438593685,-0.00018131450983430858,0.9999996277981058,-0.0003516074502840638,0.00041818455792963505,-0.0010795269627124071,48.42631241221308,0.00020105425984826518,0.002080822226111391,-0.002854545257021203,-0.44157778128133746,0.0016170676631783397,0.033265975418391464,0.0011737925710303427,48.42631241221308,0.00020105425984826518,0.002080822226111391,-0.002854545257021203,-0.0408916212618351,0.034846771508455276,0.014897197484970093,0.0,0.0,0.0,0.9944864636935298,-0.10486598404817093,-7.172533345302856e-05,0.10486597193770941,0.9944864553631911,-0.00015573467777236843,8.766112014540898e-05,0.00014735447510905034,0.9999999853010946,0.0,0.0,0.0
2,1775256549818601860,0.122217562,122,56.424901,41.3232160062762,47.91621241984443,0.7728421358039423,-0.7728421358039423,-0.03155197575688362,0.03200550377368927,0.012345090508460999,-0.0017734187422320247,0.006598989944905043,0.001912199193611741,0.9944598124758631,-0.10511527253168818,-0.0008810903189039113,0.10511539428704819,0.9944601855886258,9.290876804555342e-05,0.0008664430011762828,-0.0001850100401561347,0.9999996075238844,0.0006797057576477528,-0.00015252659795805812,-0.0001003263532766141,-0.03155197575688362,0.03200550377368927,0.012345090508460999,-0.0017734187422320247,0.006598989944905043,0.001912199193611741,0.9944598124758631,-0.10511527253168818,-0.0008810903189039113,0.10511539428704819,0.9944601855886258,9.290876804555342e-05,0.0008664430011762828,-0.0001850100401561347,0.9999996075238844,0.0006797057576477528,-0.00015252659795805812,-0.0001003263532766141,47.91621241984443,0.00017829698412135772,0.002226084601054695,-0.0028803570784980185,-0.5732896491366475,0.0010173827625005135,0.036070631317228874,0.0007498406761109369,47.91621241984443,0.00017829698412135772,0.002226084601054695,-0.0028803570784980185,-0.0408916212618351,0.034846771508455276,0.014897197484970093,0.0,0.0,0.0,0.9944864636935298,-0.10486598404817093,-7.172533345302856e-05,0.10486597193770941,0.9944864553631911,-0.00015573467777236843,8.766112014540898e-05,0.00014735447510905034,0.9999999853010946,0.0,0.0,0.0
3,1775256549865472356,0.169088058,169,46.870496,38.1367340014549,47.56072288858987,0.7671084336869334,-0.7671084336869334,-0.03061632625758648,0.032223355025053024,0.012665778398513794,-0.0007820581085979939,0.006556175649166107,0.0018389291362836957,0.9944614546946776,-0.10509809979653029,-0.0009138160785802096,0.10509821320589663,0.9944618595949725,7.685025364242634e-05,0.000900678409832132,-0.0001724650370912295,0.9999995795170239,0.0006616142927668989,0.0005151495570316911,-0.0004958545905537903,-0.03061632625758648,0.032223355025053024,0.012665778398513794,-0.0007820581085979939,0.006556175649166107,0.0018389291362836957,0.9944614546946776,-0.10509809979653029,-0.0009138160785802096,0.10509821320589663,0.9944618595949725,7.685025364242634e-05,0.000900678409832132,-0.0001724650370912295,0.9999995795170239,0.0006616142927668989,0.0005151495570316911,-0.0004958545905537903,47.56072288858987,0.00022098969580384338,0.0021985450095552187,-0.002879977690359458,-0.6650798684368423,0.00214239328099185,0.03553891016245135,0.0007560720193889397,47.56072288858987,0.00022098969580384338,0.0021985450095552187,-0.002879977690359458,-0.0408916212618351,0.034846771508455276,0.014897197484970093,0.0,0.0,0.0,0.9944864636935298,-0.10486598404817093,-7.172533345302856e-05,0.10486597193770941,0.9944864553631911,-0.00015573467777236843,8.766112014540898e-05,0.00014735447510905034,0.9999999853010946,0.0,0.0,0.0
4,1775256549910019548,0.21363525,213,44.547192,27.533373999176547,47.38757308519085,0.7643156949224331,-0.7643156949224331,-0.030106959864497185,0.032530542463064194,0.012856006622314453,-0.00019326779874973,0.006817915011197329,0.001722758519463241,0.9944634371458453,-0.10507950999434201,-0.0009365613846997328,0.10507960537165983,0.9944638666663305,5.308298519232993e-05,0.000925798479127219,-0.00015120253527417526,0.9999995600174094,-0.000693212728947401,0.00048901850823313,0.001368246041238308,-0.030106959864497185,0.032530542463064194,0.012856006622314453,-0.00019326779874973,0.006817915011197329,0.001722758519463241,0.9944634371458453,-0.10507950999434201,-0.0009365613846997328,0.10507960537165983,0.9944638666663305,5.308298519232993e-05,0.000925798479127219,-0.00015120253527417526,0.9999995600174094,-0.000693212728947401,0.00048901850823313,0.001368246041238308,47.38757308519085,0.00032352287580042103,0.0022557123529421404,-0.002918808036141377,-0.7097885223589206,0.004844280826772575,0.03664266966599501,0.00011829453090729052,47.38757308519085,0.00032352287580042103,0.0022557123529421404,-0.002918808036141377,-0.0408916212618351,0.034846771508455276,0.014897197484970093,0.0,0.0,0.0,0.9944864636935298,-0.10486598404817093,-7.172533345302856e-05,0.10486597193770941,0.9944864553631911,-0.00015573467777236843,8.766112014540898e-05,0.00014735447510905034,0.9999999853010946,0.0,0.0,0.0
5,1775256549940533829,0.244149531,244,30.514281,36.65079700294882,47.24228545478538,0.7619723460449255,-0.7619723460449255,-0.02933938428759575,0.033294908702373505,0.013099178671836853,0.0005933603970333934,0.007443038746714592,0.001539923483505845,0.9944657447354254,-0.10505826326591028,-0.0009230502670396247,0.1050583046491298,0.9944661687383806,-3.673450952978996e-06,0.0009183281021566819,-9.332087929897134e-05,0.9999995739823045,0.0002476207446306944,-0.0009156168671324849,9.698526264401153e-05,-0.02933938428759575,0.033294908702373505,0.013099178671836853,0.0005933603970333934,0.007443038746714592,0.001539923483505845,0.9944657447354254,-0.10505826326591028,-0.0009230502670396247,0.1050583046491298,0.9944661687383806,-3.673450952978996e-06,0.0009183281021566819,-9.332087929897134e-05,0.9999995739823045,0.0002476207446306944,-0.0009156168671324849,9.698526264401153e-05,47.24228545478538,0.00026242661019054746,0.002444779113627577,-0.002903867228946514,-0.7473029420085215,0.0032343118474574065,0.04029307952496541,0.00036369307930407785,47.24228545478538,0.00026242661019054746,0.002444779113627577,-0.002903867228946514,-0.0408916212618351,0.034846771508455276,0.014897197484970093,0.0,0.0,0.0,0.9944864636935298,-0.10486598404817093,-7.172533345302856e-05,0.10486597193770941,0.9944864553631911,-0.00015573467777236843,8.766112014540898e-05,0.00014735447510905034,0.9999999853010946,0.0,0.0,0.0
6,1775256549982634719,0.286250421,286,42.10089,13.78123000904452,47.112976228774926,0.7598867133673375,-0.7598867133673375,-0.028794391080737114,0.034197475761175156,0.01336696743965149,0.0011570017086341977,0.008251342922449112,0.0013975688489153981,0.9944694364187718,-0.10502354511773704,-0.0009097767862248259,0.1050235414924412,0.9944698515961896,-5.189031763146168e-05,0.0009101951894004423,-4.394454470988893e-05,0.9999995848067547,0.0004395571013446897,0.0015200094785541296,0.00033910435740835965,-0.028794391080737114,0.034197475761175156,0.01336696743965149,0.0011570017086341977,0.008251342922449112,0.0013975688489153981,0.9944694364187718,-0.10502354511773704,-0.0009097767862248259,0.1050235414924412,0.9944698515961896,-5.189031763146168e-05,0.0009101951894004423,-4.394454470988893e-05,0.9999995848067547,0.0004395571013446897,0.0015200094785541296,0.00033910435740835965,47.112976228774926,0.0003242997869727606,0.0021755244075711343,-0.0029040804330667564,-0.7806916107863339,0.004864753483729009,0.03509443947845868,0.00036019126170230007,47.112976228774926,0.0003242997869727606,0.0021755244075711343,-0.0029040804330667564,-0.0408916212618351,0.034846771508455276,0.014897197484970093,0.0,0.0,0.0,0.9944864636935298,-0.10486598404817093,-7.172533345302856e-05,0.10486597193770941,0.9944864553631911,-0.00015573467777236843,8.766112014540898e-05,0.00014735447510905034,0.9999999853010946,0.0,0.0,0.0
7,1775256550002639453,0.306255155,306,20.004734,36.578023005858995,46.985768257507296,0.7578349718952789,-0.7578349718952789,-0.028603969141840935,0.03466102108359337,0.013497650623321533,0.001362715964205563,0.008664953522384167,0.0015111166285350919,0.9944705761944957,-0.10501133292704701,-0.0009166079557419715,0.10501130544705362,0.9944709984431969,-7.818932130962408e-05,0.0009197508176526925,-1.8497240970999362e-05,0.9999995768580431,0.0013228353345766664,0.0008763829246163368,6.524700438603759e-05,-0.028603969141840935,0.03466102108359337,0.013497650623321533,0.001362715964205563,0.008664953522384167,0.0015111166285350919,0.9944705761944957,-0.10501133292704701,-0.0009166079557419715,0.10501130544705362,0.9944709984431969,-7.818932130962408e-05,0.0009197508176526925,-1.8497240970999362e-05,0.9999995768580431,0.0013228353345766664,0.0008763829246163368,6.524700438603759e-05,46.985768257507296,0.00028155523973788954,0.002236209510963365,-0.0029004629935203514,-0.8135377189071036,0.0037383770285387098,0.03626611819613768,0.00041960668698843564,46.985768257507296,0.00028155523973788954,0.002236209510963365,-0.0029004629935203514,-0.0408916212618351,0.034846771508455276,0.014897197484970093,0.0,0.0,0.0,0.9944864636935298,-0.10486598404817093,-7.172533345302856e-05,0.10486597193770941,0.9944864553631911,-0.00015573467777236843,8.766112014540898e-05,0.00014735447510905034,0.9999999853010946,0.0,0.0,0.0
8,1775256550045334627,0.348950329,348,42.695174,37.72018499148544,46.958272435937545,0.7573914909022185,-0.7573914909022185,-0.02819807268679142,0.03591057285666466,0.013946890830993652,0.0018130862154066563,0.009646455757319927,0.0015489686047658324,0.9944737348693456,-0.10498193448104498,-0.0009083793448375899,0.10498186495382433,0.9944741493451369,-0.00012401807470618226,0.0009163794143007276,2.796937659749893e-05,0.999999579733161,0.000102706064353697,0.00016016923473216593,-0.00019581815286073834,-0.02819807268679142,0.03591057285666466,0.013946890830993652,0.0018130862154066563,0.009646455757319927,0.0015489686047658324,0.9944737348693456,-0.10498193448104498,-0.0009083793448375899,0.10498186495382433,0.9944741493451369,-0.00012401807470618226,0.0009163794143007276,2.796937659749893e-05,0.999999579733161,0.000102706064353697,0.00016016923473216593,-0.00019581815286073834,46.958272435937545,0.0003496200548425009,0.0023576348114630356,-0.002897762384983046,-0.8206373583333879,0.0055319766832373695,0.03861053935438617,0.00046396342127991917,46.958272435937545,0.0003496200548425009,0.0023576348114630356,-0.002897762384983046,-0.0408916212618351,0.034846771508455276,0.014897197484970093,0.0,0.0,0.0,0.9944864636935298,-0.10486598404817093,-7.172533345302856e-05,0.10486597193770941,0.9944864553631911,-0.00015573467777236843,8.766112014540898e-05,0.00014735447510905034,0.9999999853010946,0.0,0.0,0.0
9,1775256550089713105,0.393328807,393,44.378478,18.94336799159646,46.931362686159346,0.7569574626799894,-0.7569574626799894,-0.027879834175109863,0.03731409087777138,0.014311030507087708,0.0020816014148294926,0.010765939019620419,0.0015450890641659498,0.9944788341243925,-0.10493517921088968,-0.0008842813059914065,0.10493504199736692,0.9944792215804777,-0.0002002910834625858,0.0009004168035448533,0.00010639326169712554,0.999999588965003,0.000117643823614344,0.0003280754608567804,2.403166399744805e-05,-0.027879834175109863,0.03731409087777138,0.014311030507087708,0.0020816014148294926,0.010765939019620419,0.0015450890641659498,0.9944788341243925,-0.10493517921088968,-0.0008842813059914065,0.10493504199736692,0.9944792215804777,-0.0002002910834625858,0.0009004168035448533,0.00010639326169712554,0.999999588965003,0.000117643823614344,0.0003280754608567804,2.403166399744805e-05,46.931362686159346,0.00038156270106247945,0.0023532025356889997,-0.002900575297380317,-0.8275856693701085,0.006373708481704175,0.0385249631107114,0.0004177621277316678,46.931362686159346,0.00038156270106247945,0.0023532025356889997,-0.002900575297380317,-0.0408916212618351,0.034846771508455276,0.014897197484970093,0.0,0.0,0.0,0.9944864636935298,-0.10486598404817093,-7.172533345302856e-05,0.10486597193770941,0.9944864553631911,-0.00015573467777236843,8.766112014540898e-05,0.00014735447510905034,0.9999999853010946,0.0,0.0,0.0
10,1775256550114181611,0.417797313,417,24.468506,38.19897699577268,46.905285109876694,0.7565368566109144,-0.7565368566109144,-0.027697231620550156,0.0382179394364357,0.014409959316253662,0.0023103554267436266,0.011315901763737202,0.0013473957078531384,0.9944819961860942,-0.10490400862617877,-0.0008718012255424078,0.10490383325889208,0.9944823667236464,-0.0002446319975225944,0.0008926537966085085,0.00015182684370543438,0.9999995900588301,0.0002332563599338755,0.0009523517219349742,0.0005337297916412354,-0.027697231620550156,0.0382179394364357,0.014409959316253662,0.0023103554267436266,0.011315901763737202,0.0013473957078531384,0.9944819961860942,-0.10490400862617877,-0.0008718012255424078,0.10490383325889208,0.9944823667236464,-0.0002446319975225944,0.0008926537966085085,0.00015182684370543438,0.9999995900588301,0.0002332563599338755,0.0009523517219349742,0.0005337297916412354,46.905285109876694,0.00040339072796559254,0.0022636005915363366,-0.002909675867096418,-0.8343191066034209,0.0069489064229019066,0.03679497197354908,0.00026828783435594477,46.905285109876694,0.00040339072796559254,0.0022636005915363366,-0.002909675867096418,-0.0408916212618351,0.034846771508455276,0.014897197484970093,0.0,0.0,0.0,0.9944864636935298,-0.10486598404817093,-7.172533345302856e-05,0.10486597193770941,0.9944864553631911,-0.00015573467777236843,8.766112014540898e-05,0.00014735447510905034,0.9999999853010946,0.0,0.0,0.0
11,1775256550162908516,0.466524218,466,48.726905,35.37456999765709,46.95803317867488,0.757387631914111,-0.757387631914111,-0.02747543901205063,0.039755214005708694,0.014384552836418152,0.0024793001357465982,0.012340391986072063,0.0010015914449468255,0.9944856564514127,-0.10487001366002846,-0.0008593912967675334,0.10486978628912991,0.9944860047913592,-0.0003056203676098865,0.0008867029327055062,0.00021381094263212864,0.9999995840213421,-0.0008470065076835454,0.0009515011915937066,-0.0005432158359326422,-0.02747543901205063,0.039755214005708694,0.014384552836418152,0.0024793001357465982,0.012340391986072063,0.0010015914449468255,0.9944856564514127,-0.10487001366002846,-0.0008593912967675334,0.10486978628912991,0.9944860047913592,-0.0003056203676098865,0.0008867029327055062,0.00021381094263212864,0.9999995840213421,-0.0008470065076835454,0.0009515011915937066,-0.0005432158359326422,46.95803317867488,0.00047074755225393267,0.0022451834863238818,-0.0028948690111780437,-0.820699136458138,0.008723849564956815,0.0364393833857005,0.0005114862707790339,46.95803317867488,0.00047074755225393267,0.0022451834863238818,-0.0028948690111780437,-0.0408916212618351,0.034846771508455276,0.014897197484970093,0.0,0.0,0.0,0.9944864636935298,-0.10486598404817093,-7.172533345302856e-05,0.10486597193770941,0.9944864553631911,-0.00015573467777236843,8.766112014540898e-05,0.00014735447510905034,0.9999999853010946,0.0,0.0,0.0
12,1775256550201947321,0.505563023,505,39.038805,42.43459799909033,46.990213017684106,0.7579066615755501,-0.7579066615755501,-0.02735293097794056,0.04101479426026344,0.014187842607498169,0.0026232150848954916,0.013347197324037552,0.0006741157849319279,0.994488755600544,-0.10484042695890339,-0.0008135500543487023,0.10484016530907003,0.9944890515208997,-0.0003579770215233931,0.0008465970518911729,0.00027071141571553825,0.9999996049943136,1.2482443707995117e-05,-0.0006526451325044036,-0.0008178228745236993,-0.02735293097794056,0.04101479426026344,0.014187842607498169,0.0026232150848954916,0.013347197324037552,0.0006741157849319279,0.994488755600544,-0.10484042695890339,-0.0008135500543487023,0.10484016530907003,0.9944890515208997,-0.0003579770215233931,0.0008465970518911729,0.00027071141571553825,0.9999996049943136,1.2482443707995117e-05,-0.0006526451325044036,-0.0008178228745236993,46.990213017684106,0.0003943443935768504,0.0024214178115406788,-0.002892428992285374,-0.8123900465412641,0.006710523313934388,0.0398420307676522,0.0005515628935821044,46.990213017684106,0.0003943443935768504,0.0024214178115406788,-0.002892428992285374,-0.0408916212618351,0.034846771508455276,0.014897197484970093,0.0,0.0,0.0,0.9944864636935298,-0.10486598404817093,-7.172533345302856e-05,0.10486597193770941,0.9944864553631911,-0.00015573467777236843,8.766112014540898e-05,0.00014735447510905034,0.9999999853010946,0.0,0.0,0.0
13,1775256550246300927,0.549916629,549,44.353606,31.33774698653724,47.051699028872555,0.7588983714334283,-0.7588983714334283,-0.027260299772024155,0.043013304471969604,0.013799592852592468,0.0026003641542047262,0.014645041897892952,2.551914076320827e-05,0.9944921173031745,-0.1048092483576748,-0.00075878466034629,0.10480895043765881,0.9944923484690874,-0.00042239575552148467,0.0007988764510350604,0.00034054184917720054,0.9999996229137829,-8.757007162785158e-05,-0.00036829488817602396,0.0009332859190180898,-0.027260299772024155,0.043013304471969604,0.013799592852592468,0.0026003641542047262,0.014645041897892952,2.551914076320827e-05,0.9944921173031745,-0.1048092483576748,-0.00075878466034629,0.10480895043765881,0.9944923484690874,-0.00042239575552148467,0.0007988764510350604,0.00034054184917720054,0.9999996229137829,-8.757007162785158e-05,-0.00036829488817602396,0.0009332859190180898,47.051699028872555,0.00040497793358712996,0.002379687016329107,-0.002927578421507507,-0.7965138702978609,0.006990731431173066,0.03903631269372568,-2.575657755415788e-05,47.051699028872555,0.00040497793358712996,0.002379687016329107,-0.002927578421507507,-0.0408916212618351,0.034846771508455276,0.014897197484970093,0.0,0.0,0.0,0.9944864636935298,-0.10486598404817093,-7.172533345302856e-05,0.10486597193770941,0.9944864553631911,-0.00015573467777236843,8.766112014540898e-05,0.00014735447510905034,0.9999999853010946,0.0,0.0,0.0
14,1775256550280091973,0.583707675,583,33.791046,56.47990800207481,47.1305633860571,0.7601703771944693,-0.7601703771944693,-0.027269061654806137,0.04433653503656387,0.01348067820072174,0.002515092259272933,0.015533790923655033,-0.00037736614467576146,0.9944942495411708,-0.10478993875845966,-0.0007323961232657775,0.10478962472529418,0.9944944482996392,-0.00045485227066482774,0.0007760276641308409,0.0003756004978794896,0.9999996283526433,-0.0005591657245531678,0.0010266863973811269,0.00028863392071798444,-0.027269061654806137,0.04433653503656387,0.01348067820072174,0.002515092259272933,0.015533790923655033,-0.00037736614467576146,0.9944942495411708,-0.10478993875845966,-0.0007323961232657775,0.10478962472529418,0.9944944482996392,-0.00045485227066482774,0.0007760276641308409,0.0003756004978794896,0.9999996283526433,-0.0005591657245531678,0.0010266863973811269,0.00028863392071798444,47.1305633860571,0.0004634395264845754,0.002176965109144678,-0.0029207167391143538,-0.7761504671467445,0.00853127323199679,0.03512225584982312,8.694462237957384e-05,47.1305633860571,0.0004634395264845754,0.002176965109144678,-0.0029207167391143538,-0.0408916212618351,0.034846771508455276,0.014897197484970093,0.0,0.0,0.0,0.9944864636935298,-0.10486598404817093,-7.172533345302856e-05,0.10486597193770941,0.9944864553631911,-0.00015573467777236843,8.766112014540898e-05,0.00014735447510905034,0.9999999853010946,0.0,0.0,0.0
15,1775256550338885071,0.642500773,642,58.793098,46.43410400603898,47.24754076822792,0.7620571091649665,-0.7620571091649665,-0.027361510321497917,0.0468517430126667,0.01277005672454834,0.0023248919751495123,0.01701032742857933,-0.0011779272463172674,0.994495861513724,-0.10477418080029821,-0.0006911288339162668,0.10477383969843546,0.994496005469176,-0.00051265000093255,0.0007410372774474252,0.0004374160970516631,0.9999996297654081,-0.0002880249230656773,-0.0011315799783915281,-0.0009388566832058132,-0.027361510321497917,0.0468517430126667,0.01277005672454834,0.0023248919751495123,0.01701032742857933,-0.0011779272463172674,0.994495861513724,-0.10477418080029821,-0.0006911288339162668,0.10477383969843546,0.994496005469176,-0.00051265000093255,0.0007410372774474252,0.0004374160970516631,0.9999996297654081,-0.0002880249230656773,-0.0011315799783915281,-0.0009388566832058132,47.24754076822792,0.00039620260212365564,0.0023650948879765394,-0.002907467042593602,-0.7459459783542625,0.006759489614699116,0.03875457491491961,0.00030456715444788027,47.24754076822792,0.00039620260212365564,0.0023650948879765394,-0.002907467042593602,-0.0408916212618351,0.034846771508455276,0.014897197484970093,0.0,0.0,0.0,0.9944864636935298,-0.10486598404817093,-7.172533345302856e-05,0.10486597193770941,0.9944864553631911,-0.00015573467777236843,8.766112014540898e-05,0.00014735447510905034,0.9999999853010946,0.0,0.0,0.0
16,1775256550387901608,0.69151731,691,49.016537,44.87312099081464,47.2877108559921,0.7627050138063243,-0.7627050138063243,-0.027466628700494766,0.0486576147377491,0.012411251664161682,0.0020954005885869265,0.018160948529839516,-0.0015947370557114482,0.9944966566095675,-0.10476744021983997,-0.0006582538746672251,0.1047671005474109,0.9944967684872833,-0.0005309869605382989,0.0007102613554963721,0.00045910142960414735,0.9999996423773186,0.0008127365144900978,0.0003991127305198461,0.000183104959432967,-0.027466628700494766,0.0486576147377491,0.012411251664161682,0.0020954005885869265,0.018160948529839516,-0.0015947370557114482,0.9944966566095675,-0.10476744021983997,-0.0006582538746672251,0.1047671005474109,0.9944967684872833,-0.0005309869605382989,0.0007102613554963721,0.00045910142960414735,0.9999996423773186,0.0008127365144900978,0.0003991127305198461,0.000183104959432967,47.2877108559921,0.0003711340544603761,0.0021537232988316055,-0.0029247224552434105,-0.7355737427720522,0.006098899582043479,0.03467351418206738,2.1151863625674922e-05,47.2877108559921,0.0003711340544603761,0.0021537232988316055,-0.0029247224552434105,-0.0408916212618351,0.034846771508455276,0.014897197484970093,0.0,0.0,0.0,0.9944864636935298,-0.10486598404817093,-7.172533345302856e-05,0.10486597193770941,0.9944864553631911,-0.00015573467777236843,8.766112014540898e-05,0.00014735447510905034,0.9999999853010946,0.0,0.0,0.0
17,1775256550439305854,0.742921556,742,51.404246,31.08260899898596,47.37613095781557,0.7641311444808963,-0.7641311444808963,-0.027555979788303375,0.04988010600209236,0.012285962700843811,0.0019850819371640682,0.01893508806824684,-0.0018034168751910329,0.9944975279267383,-0.10475911005973892,-0.0006343803184106623,0.10475876864159006,0.9944976144070679,-0.0005495112149298924,0.0006884559033570152,0.00048003065824321666,0.999999647799489,5.8517347497399896e-05,-0.0005035568028688431,-0.0003752824559342116,-0.027555979788303375,0.04988010600209236,0.012285962700843811,0.0019850819371640682,0.01893508806824684,-0.0018034168751910329,0.9944975279267383,-0.10475911005973892,-0.0006343803184106623,0.10475876864159006,0.9944976144070679,-0.0005495112149298924,0.0006884559033570152,0.00048003065824321666,0.999999647799489,5.8517347497399896e-05,-0.0005035568028688431,-0.0003752824559342116,47.37613095781557,0.00038969506737437324,0.0022302122803981635,-0.0029200829703685117,-0.7127429704894495,0.006588007299477758,0.03615032655987988,9.73540954569288e-05,47.37613095781557,0.00038969506737437324,0.0022302122803981635,-0.0029200829703685117,-0.0408916212618351,0.034846771508455276,0.014897197484970093,0.0,0.0,0.0,0.9944864636935298,-0.10486598404817093,-7.172533345302856e-05,0.10486597193770941,0.9944864553631911,-0.00015573467777236843,8.766112014540898e-05,0.00014735447510905034,0.9999999853010946,0.0,0.0,0.0
18,1775256550476906647,0.780522349,780,37.600793,25.87592000782024,47.42689082235006,0.764949851973388,-0.764949851973388,-0.02781035751104355,0.05201254412531853,0.01218317449092865,0.0016322422306984663,0.020131127908825874,-0.002037742640823126,0.9944993521153298,-0.10474226038897183,-0.0006057061178091003,0.10474193292097667,0.9944994193631909,-0.0005492934344989223,0.0006599084710033273,0.0004828291501484186,0.9999996656983957,0.0003498696896713227,0.0005910906475037336,-0.0005742708453908563,-0.02781035751104355,0.05201254412531853,0.01218317449092865,0.0016322422306984663,0.020131127908825874,-0.002037742640823126,0.9944993521153298,-0.10474226038897183,-0.0006057061178091003,0.10474193292097667,0.9944994193631909,-0.0005492934344989223,0.0006599084710033273,0.0004828291501484186,0.9999996656983957,0.0003498696896713227,0.0005910906475037336,-0.0005742708453908563,47.42689082235006,0.0004136497745489727,0.0020579994608431918,-0.002914454328054033,-0.6996363704699605,0.007219246133385324,0.03282532447032443,0.0001898029595245105,47.42689082235006,0.0004136497745489727,0.0020579994608431918,-0.002914454328054033,-0.0408916212618351,0.034846771508455276,0.014897197484970093,0.0,0.0,0.0,0.9944864636935298,-0.10486598404817093,-7.172533345302856e-05,0.10486597193770941,0.9944864553631911,-0.00015573467777236843,8.766112014540898e-05,0.00014735447510905034,0.9999999853010946,0.0,0.0,0.0
19,1775256550509754901,0.813370603,813,32.848254,66.73777299874928,47.509203278616276,0.7662774722357464,-0.7662774722357464,-0.027903707697987556,0.05262131616473198,0.012170031666755676,0.001637292793020606,0.020431095734238625,-0.0021075946278870106,0.9944994972902313,-0.10473942294478444,-0.0005972120222312608,0.1047390970816422,0.9944995571048062,-0.0005531296493320953,0.0006518615972558378,0.0004875357079136529,0.9999996686926339,-0.00046019803266972303,-1.925214019138366e-05,0.00043599875061772764,-0.027903707697987556,0.05262131616473198,0.012170031666755676,0.001637292793020606,0.020431095734238625,-0.0021075946278870106,0.9944994972902313,-0.10473942294478444,-0.0005972120222312608,0.1047390970816422,0.9944995571048062,-0.0005531296493320953,0.0006518615972558378,0.0004875357079136529,0.9999996686926339,-0.00046019803266972303,-1.925214019138366e-05,0.00043599875061772764,47.509203278616276,0.00044876007379648886,0.002111954194013182,-0.00293336358274259,-0.678382640760538,0.008144449860302454,0.03386705644472229,-0.0001207762207912954,47.509203278616276,0.00044876007379648886,0.002111954194013182,-0.00293336358274259,-0.0408916212618351,0.034846771508455276,0.014897197484970093,0.0,0.0,0.0,0.9944864636935298,-0.10486598404817093,-7.172533345302856e-05,0.10486597193770941,0.9944864553631911,-0.00015573467777236843,8.766112014540898e-05,0.00014735447510905034,0.9999999853010946,0.0,0.0,0.0
20,1775256550585923922,0.889539624,889,76.169021,52.57285200059414,47.57944329045685,0.7674103756525299,-0.7674103756525299,-0.028326241299510002,0.05529674515128136,0.012268811464309692,0.0011056408984586596,0.021885277703404427,-0.0021995126735419035,0.9945042496734223,-0.10469599300308885,-0.0005514094081584945,0.10469568215917602,0.9945042745674649,-0.0005653546917162421,0.0006075692475320752,0.0005045174648162106,0.9999996881608563,-0.0007215276127681136,0.00033867493038997054,-0.0007586460560560226,-0.028326241299510002,0.05529674515128136,0.012268811464309692,0.0011056408984586596,0.021885277703404427,-0.0021995126735419035,0.9945042496734223,-0.10469599300308885,-0.0005514094081584945,0.10469568215917602,0.9945042745674649,-0.0005653546917162421,0.0006075692475320752,0.0005045174648162106,0.9999996881608563,-0.0007215276127681136,0.00033867493038997054,-0.0007586460560560226,47.57944329045685,0.00049383200941197,0.002019273393465927,-0.0029128659999466703,-0.6602461120483103,0.0093321561375072,0.03207762023272807,0.00021589080115455383,47.57944329045685,0.00049383200941197,0.002019273393465927,-0.0029128659999466703,-0.0408916212618351,0.034846771508455276,0.014897197484970093,0.0,0.0,0.0,0.9944864636935298,-0.10486598404817093,-7.172533345302856e-05,0.10486597193770941,0.9944864553631911,-0.00015573467777236843,8.766112014540898e-05,0.00014735447510905034,0.9999999853010946,0.0,0.0,0.0
21,1775256550640963832,0.944579534,944,55.03991,53.55878699629102,47.592954601029376,0.7676283000166029,-0.7676283000166029,-0.028773514553904533,0.05709495022892952,0.012519419193267822,0.0005186899215914309,0.02280467376112938,-0.002046038396656513,0.9945048709725635,-0.10469100831694256,-0.0004940731928670644,0.10469072043610472,0.9945048569183959,-0.0005764885791220793,0.0005517111616047512,0.00052159581663275,0.9999997117763084,-0.00018370829639025033,6.160116754472256e-06,-0.0006428175838664174,-0.028773514553904533,0.05709495022892952,0.012519419193267822,0.0005186899215914309,0.02280467376112938,-0.002046038396656513,0.9945048709725635,-0.10469100831694256,-0.0004940731928670644,0.10469072043610472,0.9945048569183959,-0.0005764885791220793,0.0005517111616047512,0.00052159581663275,0.9999997117763084,-0.00018370829639025033,6.160116754472256e-06,-0.0006428175838664174,47.592954601029376,0.0004822389601673421,0.002010004580918382,-0.0029102968016762334,-0.656757384388432,0.009026663658168038,0.031898662468910446,0.00025808915883937457,47.592954601029376,0.0004822389601673421,0.002010004580918382,-0.0029102968016762334,-0.0408916212618351,0.034846771508455276,0.014897197484970093,0.0,0.0,0.0,0.9944864636935298,-0.10486598404817093,-7.172533345302856e-05,0.10486597193770941,0.9944864553631911,-0.00015573467777236843,8.766112014540898e-05,0.00014735447510905034,0.9999999853010946,0.0,0.0,0.0
22,1775256550708772020,1.012387722,1012,67.808188,38.40744899935089,47.83869383678551,0.7715918360771856,-0.7715918360771856,-0.029565291479229927,0.058873455971479416,0.01295037567615509,-0.0005262157064862549,0.023520005866885185,-0.0017095939256250858,0.9945037483419837,-0.10470141483979689,-0.00040801824139259646,0.1047011774589155,0.9945036963900266,-0.0005652608523886368,0.0004649591398555378,0.0005194340331717145,0.9999997570006406,-0.0009038259158842266,4.4465879909694195e-05,-7.433221617247909e-05,-0.029565291479229927,0.058873455971479416,0.01295037567615509,-0.0005262157064862549,0.023520005866885185,-0.0017095939256250858,0.9945037483419837,-0.10470141483979689,-0.00040801824139259646,0.1047011774589155,0.9945036963900266,-0.0005652608523886368,0.0004649591398555378,0.0005194340331717145,0.9999997570006406,-0.0009038259158842266,4.4465879909694195e-05,-7.433221617247909e-05,47.83869383678551,0.0004593765822100633,0.001904319215873444,-0.0029476416939826023,-0.5933055627240533,0.008424209172003021,0.029858140395594764,-0.0003552901748534035,47.83869383678551,0.0004593765822100633,0.001904319215873444,-0.0029476416939826023,-0.0408916212618351,0.034846771508455276,0.019397197484970097,0.0,0.0,0.0,0.9944864636935298,-0.10486598404817093,-7.172533345302856e-05,0.10486597193770941,0.9944864553631911,-0.00015573467777236843,8.766112014540898e-05,0.00014735447510905034,0.9999999853010946,0.0,0.0,0.0
23,1775256550751380502,1.054996204,1054,42.608482,56.90527299884707,48.525987807239986,0.7826772226974191,-0.7826772226974191,-0.030220849439501762,0.05983252078294754,0.013303503394126892,-0.0013231122866272926,0.023739909753203392,-0.0015848781913518906,0.9945036960137854,-0.10470244359462955,-0.00036742566724759854,0.10470224126797678,0.9945036426640941,-0.0005324308741823658,0.00042115283214151644,0.0004910341624715341,0.9999997907578818,-0.00042903810390271246,0.00040274005732499063,0.000364950712537393,-0.030220849439501762,0.05983252078294754,0.013303503394126892,-0.0013231122866272926,0.023739909753203392,-0.0015848781913518906,0.9945036960137854,-0.10470244359462955,-0.00036742566724759854,0.10470224126797678,0.9945036426640941,-0.0005324308741823658,0.00042115283214151644,0.0004910341624715341,0.9999997907578818,-0.00042903810390271246,0.00040274005732499063,0.000364950712537393,48.525987807239986,0.00022126754656050804,0.001639269988112843,-0.0030321506365219536,-0.4158408029347046,0.002149715023076149,0.024740697696401612,-0.0017433257445002058,48.525987807239986,0.00022126754656050804,0.001639269988112843,-0.0030321506365219536,-0.0408916212618351,0.034846771508455276,0.03514719748497011,0.0,0.0,0.0,0.9944864636935298,-0.10486598404817093,-7.172533345302856e-05,0.10486597193770941,0.9944864553631911,-0.00015573467777236843,8.766112014540898e-05,0.00014735447510905034,0.9999999853010946,0.0,0.0,0.0
24,1775256550816050533,1.119666235,1119,64.670031,42.64032900391612,49.799418040393675,0.8032164200063496,-0.8032164200063496,-0.031072385609149933,0.06064317747950554,0.013845980167388916,-0.0021972330287098885,0.023929575458168983,-0.0011322982609272003,0.9945026702870449,-0.10471056316187721,-0.0003255139432383203,0.10471039311894681,0.9945026149163029,-0.0005016996947825128,0.00037625773755802427,0.0004648569951233861,0.999999821169026,0.00021221043425612152,0.00045918073737993836,-0.00039382046088576317,-0.031072385609149933,0.06064317747950554,0.013845980167388916,-0.0021972330287098885,0.023929575458168983,-0.0011322982609272003,0.9945026702870449,-0.10471056316187721,-0.0003255139432383203,0.10471039311894681,0.9945026149163029,-0.0005016996947825128,0.00037625773755802427,0.0004648569951233861,0.999999821169026,0.00021221043425612152,0.00045918073737993836,-0.00039382046088576317,49.799418040393675,-0.0001980425828446184,0.0012721313965473181,-0.0031364678658268247,-0.08703100661759464,-0.00889967227279462,0.01765216278206472,-0.0034567068430122177,49.799418040393675,-0.0001980425828446184,0.0012721313965473181,-0.0031364678658268247,-0.0408916212618351,0.034846771508455276,0.05952219748497009,0.0,0.0,0.0,0.9944864636935298,-0.10486598404817093,-7.172533345302856e-05,0.10486597193770941,0.9944864553631911,-0.00015573467777236843,8.766112014540898e-05,0.00014735447510905034,0.9999999853010946,0.0,0.0,0.0
25,1775256550866097190,1.169712892,1169,50.046657,47.79863200383261,51.245173622110464,0.8265350584211365,-0.8265350584211365,-0.03257865831255913,0.061380237340927124,0.014986738562583923,-0.0041431887075304985,0.023924650624394417,-0.0005103815929032862,0.9945045579214127,-0.10469402539680317,-0.0002283578395872194,0.10469391763661706,0.9945044974504538,-0.00044157474052955795,0.0002733330686724468,0.00041524039777554415,0.9999998764322268,0.0006532249972224236,0.00028310349443927407,0.0008038918604142964,-0.03257865831255913,0.061380237340927124,0.014986738562583923,-0.0041431887075304985,0.023924650624394417,-0.0005103815929032862,0.9945045579214127,-0.10469402539680317,-0.0002283578395872194,0.10469391763661706,0.9945044974504538,-0.00044157474052955795,0.0002733330686724468,0.00041524039777554415,0.9999998764322268,0.0006532249972224236,0.00028310349443927407,0.0008038918604142964,51.245173622110464,-0.0005709380592123361,0.0009522131307980529,-0.0032388157731786955,0.28627456283738295,-0.018725970876910247,0.011475335151856201,-0.005137742383329869,51.245173622110464,-0.0005709380592123361,0.0009522131307980529,-0.0032388157731786955,-0.0408916212618351,0.034846771508455276,0.07827219748497011,0.0,0.0,0.0,0.9944864636935298,-0.10486598404817093,-7.172533345302856e-05,0.10486597193770941,0.9944864553631911,-0.00015573467777236843,8.766112014540898e-05,0.00014735447510905034,0.9999999853010946,0.0,0.0,0.0
26,1775256550919025379,1.222641081,1222,52.928189,50.496503012254834,52.82093401722935,0.8519505486649895,-0.8519505486649895,-0.03433481976389885,0.061669133603572845,0.016458362340927124,-0.006083562504500151,0.023491736501455307,0.0004046872491016984,0.9945049336908396,-0.10468989536309237,-0.00012509141704855793,0.10468984500229839,0.9945048825688987,-0.00035759534716276256,0.0001618406320445069,0.0003425345307426792,0.9999999282388516,0.0011644047917798162,-2.3958782549016178e-05,-9.582070197211578e-05,-0.03433481976389885,0.061669133603572845,0.016458362340927124,-0.006083562504500151,0.023491736501455307,0.0004046872491016984,0.9945049336908396,-0.10468989536309237,-0.00012509141704855793,0.10468984500229839,0.9945048825688987,-0.00035759534716276256,0.0001618406320445069,0.0003425345307426792,0.9999999282388516,0.0011644047917798162,-2.3958782549016178e-05,-9.582070197211578e-05,52.82093401722935,-0.0009695479891772195,0.0006083089506782787,-0.003303917273655235,0.6931484072571537,-0.029229880005960905,0.004835399051512082,-0.0062070161854098985,52.82093401722935,-0.0009695479891772195,0.0006083089506782787,-0.003303917273655235,-0.0408916212618351,0.034846771508455276,0.09814719748497008,0.0,0.0,0.0,0.9944864636935298,-0.10486598404817093,-7.172533345302856e-05,0.10486597193770941,0.9944864553631911,-0.00015573467777236843,8.766112014540898e-05,0.00014735447510905034,0.9999999853010946,0.0,0.0,0.0
