step,timestamp_ns,experiment_time_s,reference_index,tick_dt_ms,solver_ms,px4_collective_command_newton,px4_collective_normalized,px4_thrust_body_z,state_raw_0,state_raw_1,state_raw_2,state_raw_3,state_raw_4,state_raw_5,state_raw_6,state_raw_7,state_raw_8,state_raw_9,state_raw_10,state_raw_11,state_raw_12,state_raw_13,state_raw_14,state_raw_15,state_raw_16,state_raw_17,state_used_0,state_used_1,state_used_2,state_used_3,state_used_4,state_used_5,state_used_6,state_used_7,state_used_8,state_used_9,state_used_10,state_used_11,state_used_12,state_used_13,state_used_14,state_used_15,state_used_16,state_used_17,control_raw_0,control_raw_1,control_raw_2,control_raw_3,control_used_0,control_used_1,control_used_2,control_used_3,reference_0,reference_1,reference_2,reference_3,reference_4,reference_5,reference_6,reference_7,reference_8,reference_9,reference_10,reference_11,reference_12,reference_13,reference_14,reference_15,reference_16,reference_17
0,1774977847753112850,0.0,0,0.0,0.3889459985657595,42.38168000831476,0.6835754840050767,-0.6835754840050767,0.020902181044220924,0.019957955926656723,0.05028824508190155,0.013595477677881718,0.01012441050261259,0.009016100317239761,0.9945359731018836,-0.10439397980796272,-0.0005142169958847545,0.10439404241372863,0.9945360947962943,9.637863403689356e-05,0.0005013459827617403,-0.00014953315861113842,0.9999998631460212,0.0004592246550600976,0.0009295925847254694,0.0004198476963210851,0.020902181044220924,0.019957955926656723,0.05028824508190155,0.013595477677881718,0.01012441050261259,0.009016100317239761,0.9945359731018836,-0.10439397980796272,-0.0005142169958847545,0.10439404241372863,0.9945360947962943,9.637863403689356e-05,0.0005013459827617403,-0.00014953315861113842,0.9999998631460212,0.0004592246550600976,0.0009295925847254694,0.0004198476963210851,42.38168000831476,0.002450859537627027,-0.003970468076679317,-3.405562022086894e-05,42.38168000831476,0.002450859537627027,-0.003970468076679317,-3.405562022086894e-05,0.021311182528734207,0.016350479796528816,0.047098398208618164,0.0,0.0,0.0,0.9945398135161685,-0.10435784269150411,0.0,0.10435784269150411,0.9945398135161685,0.0,0.0,0.0,1.0,0.0,0.0,0.0
1,1774977847763150564,0.010037714,10,10.037714,0.5137539992574602,42.381513254580206,0.683572794428713,-0.683572794428713,0.020902181044220924,0.019957955926656723,0.05028824508190155,0.013595477677881718,0.01012441050261259,0.009016100317239761,0.9945359731018836,-0.10439397980796272,-0.0005142169958847545,0.10439404241372863,0.9945360947962943,9.637863403689356e-05,0.0005013459827617403,-0.00014953315861113842,0.9999998631460212,0.0004592246550600976,0.0009295925847254694,0.0004198476963210851,0.020902181044220924,0.019957955926656723,0.05028824508190155,0.013595477677881718,0.01012441050261259,0.009016100317239761,0.9945359731018836,-0.10439397980796272,-0.0005142169958847545,0.10439404241372863,0.9945360947962943,9.637863403689356e-05,0.0005013459827617403,-0.00014953315861113842,0.9999998631460212,0.0004592246550600976,0.0009295925847254694,0.0004198476963210851,42.381513254580206,0.0024508705804734084,-0.003970477726301249,-3.405562263028152e-05,42.381513254580206,0.0024508705804734084,-0.003970477726301249,-3.405562263028152e-05,0.021311182528734207,0.016350479796528816,0.047098398208618164,0.0,0.0,0.0,0.9945398135161685,-0.10435784269150411,0.0,0.10435784269150411,0.9945398135161685,0.0,0.0,0.0,1.0,0.0,0.0,0.0
2,1774977847773093628,0.019980778,19,9.943064,0.45241299812914804,42.371948566591534,0.6834185252676054,-0.6834185252676054,0.020806804299354553,0.01992308348417282,0.05056057870388031,0.013306798413395882,0.00968995876610279,0.009237848222255707,0.9945330447638773,-0.10442267337237165,-0.0005033530569690846,0.10442274994856904,0.9945331558317528,0.00012825902190280632,0.00048720810144613387,-0.00018011924534829925,0.9999998650926725,4.693071969086304e-05,-0.0002728217514231801,-0.0011408163700252771,0.020806804299354553,0.01992308348417282,0.05056057870388031,0.013306798413395882,0.00968995876610279,0.009237848222255707,0.9945330447638773,-0.10442267337237165,-0.0005033530569690846,0.10442274994856904,0.9945331558317528,0.00012825902190280632,0.00048720810144613387,-0.00018011924534829925,0.9999998650926725,4.693071969086304e-05,-0.0002728217514231801,-0.0011408163700252771,42.371948566591534,0.0023744899856282097,-0.0035820066430594243,0.00022314738100449053,42.371948566591534,0.0023744899856282097,-0.0035820066430594243,0.00022314738100449053,0.021311182528734207,0.016350479796528816,0.047098398208618164,0.0,0.0,0.0,0.9945398135161685,-0.10435784269150411,0.0,0.10435784269150411,0.9945398135161685,0.0,0.0,0.0,1.0,0.0,0.0,0.0
3,1774977847783127248,0.030014398,30,10.03362,0.39823600309318863,42.37176765005231,0.6834156072589083,-0.6834156072589083,0.020806804299354553,0.01992308348417282,0.05056057870388031,0.013306798413395882,0.00968995876610279,0.009237848222255707,0.9945330447638773,-0.10442267337237165,-0.0005033530569690846,0.10442274994856904,0.9945331558317528,0.00012825902190280632,0.00048720810144613387,-0.00018011924534829925,0.9999998650926725,4.693071969086304e-05,-0.0002728217514231801,-0.0011408163700252771,0.020806804299354553,0.01992308348417282,0.05056057870388031,0.013306798413395882,0.00968995876610279,0.009237848222255707,0.9945330447638773,-0.10442267337237165,-0.0005033530569690846,0.10442274994856904,0.9945331558317528,0.00012825902190280632,0.00048720810144613387,-0.00018011924534829925,0.9999998650926725,4.693071969086304e-05,-0.0002728217514231801,-0.0011408163700252771,42.37176765005231,0.0023745015433494763,-0.003582016855578935,0.00022314737860612064,42.37176765005231,0.0023745015433494763,-0.003582016855578935,0.00022314737860612064,0.021311182528734207,0.016350479796528816,0.047098398208618164,0.0,0.0,0.0,0.9945398135161685,-0.10435784269150411,0.0,0.10435784269150411,0.9945398135161685,0.0,0.0,0.0,1.0,0.0,0.0,0.0
4,1774977847793069617,0.039956767,39,9.942369,0.5739980006183032,42.364257781714485,0.6832944803502337,-0.6832944803502337,0.020684124901890755,0.01983504928648472,0.05082423985004425,0.012919158674776554,0.009234691970050335,0.009316656738519669,0.9945302055281171,-0.10444959431642098,-0.0004973168172540225,0.10444969411418215,0.9945303032722042,0.00017904596748870294,0.00047589532680232527,-0.0002300111152212965,0.9999998603092712,0.00033505065948702395,-0.0007070960127748549,-0.0002693865681067109,0.020684124901890755,0.01983504928648472,0.05082423985004425,0.012919158674776554,0.009234691970050335,0.009316656738519669,0.9945302055281171,-0.10444959431642098,-0.0004973168172540225,0.10444969411418215,0.9945303032722042,0.00017904596748870294,0.00047589532680232527,-0.0002300111152212965,0.9999998603092712,0.00033505065948702395,-0.0007070960127748549,-0.0002693865681067109,42.364257781714485,0.002062080554234531,-0.0033750358656001547,0.00011413492684004807,42.364257781714485,0.002062080554234531,-0.0033750358656001547,0.00011413492684004807,0.021311182528734207,0.016350479796528816,0.047098398208618164,0.0,0.0,0.0,0.9945398135161685,-0.10435784269150411,0.0,0.10435784269150411,0.9945398135161685,0.0,0.0,0.0,1.0,0.0,0.0,0.0
5,1774977847803102495,0.049989645,49,10.032878,0.43192299926886335,42.35988753255054,0.6832239924604926,-0.6832239924604926,0.02062336727976799,0.01978936791419983,0.05095498263835907,0.012767796404659748,0.009026928804814816,0.009397298097610474,0.9945279940834355,-0.10447102638017935,-0.00048353592776742907,0.10447113757291038,0.9945280776419081,0.0002106458944348029,0.0004588836234429537,-0.00026000866604790687,0.9999998609106698,0.0011835163459181786,-0.000704207515809685,-0.0013291570357978344,0.02062336727976799,0.01978936791419983,0.05095498263835907,0.012767796404659748,0.009026928804814816,0.009397298097610474,0.9945279940834355,-0.10447102638017935,-0.00048353592776742907,0.10447113757291038,0.9945280776419081,0.0002106458944348029,0.0004588836234429537,-0.00026000866604790687,0.9999998609106698,0.0011835163459181786,-0.000704207515809685,-0.0013291570357978344,42.35988753255054,0.0017190757422415595,-0.0033078956404273,0.00029035467989589755,42.35988753255054,0.0017190757422415595,-0.0033078956404273,0.00029035467989589755,0.021311182528734207,0.016350479796528816,0.047098398208618164,0.0,0.0,0.0,0.9945398135161685,-0.10435784269150411,0.0,0.10435784269150411,0.9945398135161685,0.0,0.0,0.0,1.0,0.0,0.0,0.0
6,1774977847813195875,0.060083025,60,10.09338,0.6711330024700146,42.350724883549695,0.6830762077991887,-0.6830762077991887,0.02045491710305214,0.019605638459324837,0.051209405064582825,0.012394906021654606,0.008547347038984299,0.009618173353374004,0.9945256695723439,-0.10449298978037347,-0.0004750274955782202,0.10449312193366689,0.9945257345196372,0.00026239179049979914,0.00044500893998448195,-0.00031059236405760887,0.9999998527497237,0.000127054110635072,0.0008282187045551836,0.0005713111022487283,0.02045491710305214,0.019605638459324837,0.051209405064582825,0.012394906021654606,0.008547347038984299,0.009618173353374004,0.9945256695723439,-0.10449298978037347,-0.0004750274955782202,0.10449312193366689,0.9945257345196372,0.00026239179049979914,0.00044500893998448195,-0.00031059236405760887,0.9999998527497237,0.000127054110635072,0.0008282187045551836,0.0005713111022487283,42.350724883549695,0.0017229695515312664,-0.0035855269440195304,2.2998712219140664e-05,42.350724883549695,0.0017229695515312664,-0.0035855269440195304,2.2998712219140664e-05,0.021311182528734207,0.016350479796528816,0.047098398208618164,0.0,0.0,0.0,0.9945398135161685,-0.10435784269150411,0.0,0.10435784269150411,0.9945398135161685,0.0,0.0,0.0,1.0,0.0,0.0,0.0
7,1774977847823042778,0.069929928,69,9.846903,0.3186169997206889,42.346610036845576,0.6830098393039609,-0.6830098393039609,0.020371776074171066,0.019512834027409554,0.05133958160877228,0.012245130725204945,0.008282111957669258,0.00967890489846468,0.9945237903046563,-0.10450946513432036,-0.0004745074693788317,0.10450960816445298,0.9945238469761205,0.00028729614282161503,0.00044188382603861653,-0.0003353134301842895,0.9999998461517837,-0.00022704388538841158,0.0005087459576316178,-0.00039485085289925337,0.020371776074171066,0.019512834027409554,0.05133958160877228,0.012245130725204945,0.008282111957669258,0.00967890489846468,0.9945237903046563,-0.10450946513432036,-0.0004745074693788317,0.10450960816445298,0.9945238469761205,0.00028729614282161503,0.00044188382603861653,-0.0003353134301842895,0.9999998461517837,-0.00022704388538841158,0.0005087459576316178,-0.00039485085289925337,42.346610036845576,0.0016792281725505048,-0.0034703367238773527,0.00018120890870374515,42.346610036845576,0.0016792281725505048,-0.0034703367238773527,0.00018120890870374515,0.021311182528734207,0.016350479796528816,0.047098398208618164,0.0,0.0,0.0,0.9945398135161685,-0.10435784269150411,0.0,0.10435784269150411,0.9945398135161685,0.0,0.0,0.0,1.0,0.0,0.0,0.0
8,1774977847833120312,0.080007462,80,10.077534,0.6370679984684102,42.34239922511807,0.6829419229857754,-0.6829419229857754,0.020289674401283264,0.019419649615883827,0.05146916210651398,0.012108751572668552,0.008092503063380718,0.009747173637151718,0.9945222555598677,-0.10452434662019816,-0.00047532494696989145,0.10452449962540888,0.9945223049823865,0.00030926471151019024,0.0004403955651186677,-0.0003572537098774772,0.9999998392107595,-0.00028282240964472294,0.001278863288462162,0.00017829569696914405,0.020289674401283264,0.019419649615883827,0.05146916210651398,0.012108751572668552,0.008092503063380718,0.009747173637151718,0.9945222555598677,-0.10452434662019816,-0.00047532494696989145,0.10452449962540888,0.9945223049823865,0.00030926471151019024,0.0004403955651186677,-0.0003572537098774772,0.9999998392107595,-0.00028282240964472294,0.001278863288462162,0.00017829569696914405,42.34239922511807,0.001583965671072398,-0.003632129850793392,0.00010722331647017084,42.34239922511807,0.001583965671072398,-0.003632129850793392,0.00010722331647017084,0.021311182528734207,0.016350479796528816,0.047098398208618164,0.0,0.0,0.0,0.9945398135161685,-0.10435784269150411,0.0,0.10435784269150411,0.9945398135161685,0.0,0.0,0.0,1.0,0.0,0.0,0.0
9,1774977847843077426,0.089964576,89,9.957114,0.4494179993344005,42.338319250213495,0.6828761169389274,-0.6828761169389274,0.020180201157927513,0.019291426986455917,0.05158968269824982,0.011903386563062668,0.007788125425577164,0.00982176698744297,0.9945210857653931,-0.10453550715303161,-0.00046721555901473727,0.10453566763914779,0.9945211227822371,0.0003333306229980921,0.00042981085308871174,-0.00038034499258029347,0.999999835300151,8.698068268131465e-05,-0.0006501358584500849,0.0003825108869932592,0.020180201157927513,0.019291426986455917,0.05158968269824982,0.011903386563062668,0.007788125425577164,0.00982176698744297,0.9945210857653931,-0.10453550715303161,-0.00046721555901473727,0.10453566763914779,0.9945211227822371,0.0003333306229980921,0.00042981085308871174,-0.00038034499258029347,0.999999835300151,8.698068268131465e-05,-0.0006501358584500849,0.0003825108869932592,42.338319250213495,0.0013472891351468531,-0.0030822041700025145,8.558714057966724e-05,42.338319250213495,0.0013472891351468531,-0.0030822041700025145,8.558714057966724e-05,0.021311182528734207,0.016350479796528816,0.047098398208618164,0.0,0.0,0.0,0.9945398135161685,-0.10435784269150411,0.0,0.10435784269150411,0.9945398135161685,0.0,0.0,0.0,1.0,0.0,0.0,0.0
10,1774977847853053440,0.09994059,99,9.976014,0.2968139997392427,42.33417778593887,0.6828093191280463,-0.6828093191280463,0.020071784034371376,0.01916290819644928,0.05170999467372894,0.01172478124499321,0.007540121208876371,0.009900938719511032,0.9945197391216732,-0.1045484401142962,-0.0004614828862967162,0.10454860925793841,0.9945197636288844,0.0003589613099577475,0.00042142500313094734,-0.00040524146274463447,0.999999829090155,0.00013427746307570487,0.00013655098155140877,0.00036010006442666054,0.020071784034371376,0.01916290819644928,0.05170999467372894,0.01172478124499321,0.007540121208876371,0.009900938719511032,0.9945197391216732,-0.1045484401142962,-0.0004614828862967162,0.10454860925793841,0.9945197636288844,0.0003589613099577475,0.00042142500313094734,-0.00040524146274463447,0.999999829090155,0.00013427746307570487,0.00013655098155140877,0.00036010006442666054,42.33417778593887,0.001199400009340098,-0.003221516826092913,9.936936276941161e-05,42.33417778593887,0.001199400009340098,-0.003221516826092913,9.936936276941161e-05,0.021311182528734207,0.016350479796528816,0.047098398208618164,0.0,0.0,0.0,0.9945398135161685,-0.10435784269150411,0.0,0.10435784269150411,0.9945398135161685,0.0,0.0,0.0,1.0,0.0,0.0,0.0
11,1774977847863175064,0.110062214,110,10.121624,0.448327002231963,42.32942405419729,0.6827326460354401,-0.6827326460354401,0.019964372739195824,0.019034257158637047,0.05183015763759613,0.011513796634972095,0.007292082067579031,0.010026644915342331,0.9945185613100357,-0.10455977899680713,-0.0004588748867515105,0.10455996017373792,0.9945185715237649,0.00039033706380216466,0.00041554603830855135,-0.00043617734365161004,0.9999998185354014,0.0006469743093475699,0.0009907511994242668,0.0002319438208360225,0.019964372739195824,0.019034257158637047,0.05183015763759613,0.011513796634972095,0.007292082067579031,0.010026644915342331,0.9945185613100357,-0.10455977899680713,-0.0004588748867515105,0.10455996017373792,0.9945185715237649,0.00039033706380216466,0.00041554603830855135,-0.00043617734365161004,0.9999998185354014,0.0006469743093475699,0.0009907511994242668,0.0002319438208360225,42.32942405419729,0.0009201017064129435,-0.003379073173251637,0.00012773651616863375,42.32942405419729,0.0009201017064129435,-0.003379073173251637,0.00012773651616863375,0.021311182528734207,0.016350479796528816,0.047098398208618164,0.0,0.0,0.0,0.9945398135161685,-0.10435784269150411,0.0,0.10435784269150411,0.9945398135161685,0.0,0.0,0.0,1.0,0.0,0.0,0.0
12,1774977847873007866,0.119895016,119,9.832802,0.3090760001214221,42.32165830901459,0.6826073920808804,-0.6826073920808804,0.019727369770407677,0.018734320998191833,0.052072152495384216,0.01105932705104351,0.0066814180463552475,0.010159938596189022,0.9945161346302834,-0.10458387614401432,-0.0004502910049748866,0.10458407509095835,0.9945161167375763,0.00044355145791252727,0.00040143333726036555,-0.0004882122086896511,0.9999998002500676,-0.0006092658150009811,-0.0005204133340157568,0.0007504864479415119,0.019727369770407677,0.018734320998191833,0.052072152495384216,0.01105932705104351,0.0066814180463552475,0.010159938596189022,0.9945161346302834,-0.10458387614401432,-0.0004502910049748866,0.10458407509095835,0.9945161167375763,0.00044355145791252727,0.00040143333726036555,-0.0004882122086896511,0.9999998002500676,-0.0006092658150009811,-0.0005204133340157568,0.0007504864479415119,42.32165830901459,0.0009257754689677327,-0.0028742884339266533,6.936651556410313e-05,42.32165830901459,0.0009257754689677327,-0.0028742884339266533,6.936651556410313e-05,0.021311182528734207,0.016350479796528816,0.047098398208618164,0.0,0.0,0.0,0.9945398135161685,-0.10435784269150411,0.0,0.10435784269150411,0.9945398135161685,0.0,0.0,0.0,1.0,0.0,0.0,0.0
13,1774977847883152423,0.130039573,130,10.144557,0.3566409977793228,42.31779337152385,0.6825450543794169,-0.6825450543794169,0.019598009064793587,0.018563218414783478,0.0521855503320694,0.010857648216187954,0.006353047210723162,0.010228284634649754,0.9945149934981153,-0.1045945083276334,-0.0004389973303101523,0.10459471184188529,0.9945149581805871,0.00046946069117890675,0.0003874864116698612,-0.0005128023765085656,0.9999997934440062,3.099444438703358e-05,-0.0008762059733271599,-7.544286927441135e-05,0.019598009064793587,0.018563218414783478,0.0521855503320694,0.010857648216187954,0.006353047210723162,0.010228284634649754,0.9945149934981153,-0.1045945083276334,-0.0004389973303101523,0.10459471184188529,0.9945149581805871,0.00046946069117890675,0.0003874864116698612,-0.0005128023765085656,0.9999997934440062,3.099444438703358e-05,-0.0008762059733271599,-7.544286927441135e-05,42.31779337152385,0.0006062867333568962,-0.0027089742912555083,0.0002018231907079568,42.31779337152385,0.0006062867333568962,-0.0027089742912555083,0.0002018231907079568,0.021311182528734207,0.016350479796528816,0.047098398208618164,0.0,0.0,0.0,0.9945398135161685,-0.10435784269150411,0.0,0.10435784269150411,0.9945398135161685,0.0,0.0,0.0,1.0,0.0,0.0,0.0
14,1774977847893096078,0.139983228,139,9.943655,0.6277190004766453,42.31455073719919,0.6824927538257934,-0.6824927538257934,0.019469745457172394,0.0183919295668602,0.052298590540885925,0.010637310333549976,0.006015838123857975,0.010249442420899868,0.9945125702061387,-0.10461665847105928,-0.0004271159146921051,0.10461686594609887,0.9945125162587675,0.0004963063174432737,0.0003728502190136914,-0.0005382663648221199,0.9999997856260021,-0.00017740482871886343,-9.782901906874031e-05,-0.0004169209860265255,0.019469745457172394,0.0183919295668602,0.052298590540885925,0.010637310333549976,0.006015838123857975,0.010249442420899868,0.9945125702061387,-0.10461665847105928,-0.0004271159146921051,0.10461686594609887,0.9945125162587675,0.0004963063174432737,0.0003728502190136914,-0.0005382663648221199,0.9999997856260021,-0.00017740482871886343,-9.782901906874031e-05,-0.0004169209860265255,42.31455073719919,0.0004943460263650069,-0.002822185336649048,0.00027088374891547876,42.31455073719919,0.0004943460263650069,-0.002822185336649048,0.00027088374891547876,0.021311182528734207,0.016350479796528816,0.047098398208618164,0.0,0.0,0.0,0.9945398135161685,-0.10435784269150411,0.0,0.10435784269150411,0.9945398135161685,0.0,0.0,0.0,1.0,0.0,0.0,0.0
15,1774977847903065093,0.149952243,149,9.969015,0.30502699883072637,42.310606376007996,0.6824291350969032,-0.6824291350969032,0.019342580810189247,0.018220560625195503,0.05241139233112335,0.010418817400932312,0.005727254785597324,0.010324406437575817,0.9945110736321267,-0.10463083539351792,-0.00042032324328499394,0.10463104721489658,0.9945110051475711,0.0005182304444387394,0.0003637932113096146,-0.0005593647484368565,0.9999997773827705,-0.0005506061716005206,0.0007472717552445829,0.00022108176199253649,0.019342580810189247,0.018220560625195503,0.05241139233112335,0.010418817400932312,0.005727254785597324,0.010324406437575817,0.9945110736321267,-0.10463083539351792,-0.00042032324328499394,0.10463104721489658,0.9945110051475711,0.0005182304444387394,0.0003637932113096146,-0.0005593647484368565,0.9999997773827705,-0.0005506061716005206,0.0007472717552445829,0.00022108176199253649,42.310606376007996,0.0004458891873789887,-0.0029642939736660976,0.0001865986438015214,42.310606376007996,0.0004458891873789887,-0.0029642939736660976,0.0001865986438015214,0.021311182528734207,0.016350479796528816,0.047098398208618164,0.0,0.0,0.0,0.9945398135161685,-0.10435784269150411,0.0,0.10435784269150411,0.9945398135161685,0.0,0.0,0.0,1.0,0.0,0.0,0.0
16,1774977847913214579,0.160101729,160,10.149486,0.4818959969270509,42.30305549813584,0.6823073467441264,-0.6823073467441264,0.01907174102962017,0.017788155004382133,0.05263291299343109,0.00996240321546793,0.005108002107590437,0.010475711897015572,0.9945088524285316,-0.10465263516571155,-0.00041463195568791807,0.10465286311882904,0.994508750036608,0.0005725968900288491,0.00035243135482929296,-0.0006128450026568599,0.9999997501065632,-0.00038345425855368376,0.0006220474606379867,3.462449967628345e-06,0.01907174102962017,0.017788155004382133,0.05263291299343109,0.00996240321546793,0.005108002107590437,0.010475711897015572,0.9945088524285316,-0.10465263516571155,-0.00041463195568791807,0.10465286311882904,0.994508750036608,0.0005725968900288491,0.00035243135482929296,-0.0006128450026568599,0.9999997501065632,-0.00038345425855368376,0.0006220474606379867,3.462449967628345e-06,42.30305549813584,7.354083524899794e-05,-0.0028104169177359537,0.00023680183530518843,42.30305549813584,7.354083524899794e-05,-0.0028104169177359537,0.00023680183530518843,0.021311182528734207,0.016350479796528816,0.047098398208618164,0.0,0.0,0.0,0.9945398135161685,-0.10435784269150411,0.0,0.10435784269150411,0.9945398135161685,0.0,0.0,0.0,1.0,0.0,0.0,0.0
17,1774977847923077524,0.169964674,169,9.862945,0.30383899866137654,42.2986192443285,0.6822357942633629,-0.6822357942633629,0.01893817074596882,0.0175730362534523,0.052743926644325256,0.00978690292686224,0.004812347702682018,0.01059060450643301,0.9945062708693113,-0.10467797771084508,-0.0004098191260875801,0.10467821361613638,0.9945061469957013,0.0006041106771042665,0.00034433059953566103,-0.000643690814383719,0.9999997335492959,0.000288911018287763,-9.505129128228873e-07,-0.0009935185080394149,0.01893817074596882,0.0175730362534523,0.052743926644325256,0.00978690292686224,0.004812347702682018,0.01059060450643301,0.9945062708693113,-0.10467797771084508,-0.0004098191260875801,0.10467821361613638,0.9945061469957013,0.0006041106771042665,0.00034433059953566103,-0.000643690814383719,0.9999997335492959,0.000288911018287763,-9.505129128228873e-07,-0.0009935185080394149,42.2986192443285,-0.00026650946025812583,-0.0025991112679096258,0.0004067425520686124,42.2986192443285,-0.00026650946025812583,-0.0025991112679096258,0.0004067425520686124,0.021311182528734207,0.016350479796528816,0.047098398208618164,0.0,0.0,0.0,0.9945398135161685,-0.10435784269150411,0.0,0.10435784269150411,0.9945398135161685,0.0,0.0,0.0,1.0,0.0,0.0,0.0
18,1774977847933143157,0.180030307,180,10.065633,0.6102400002419017,42.29478104020144,0.6821738877451845,-0.6821738877451845,0.01880594715476036,0.017358675599098206,0.052855268120765686,0.009596413001418114,0.0044920179061591625,0.010658043436706066,0.9945049458031917,-0.10469056331827575,-0.000404746338639325,0.1046908064328913,0.9945047997615802,0.0006351332114875666,0.000336029772196024,-0.0006740161623984527,0.9999997163931091,0.00037330068880692124,0.0007211040356196463,0.00041155051440000534,0.01880594715476036,0.017358675599098206,0.052855268120765686,0.009596413001418114,0.0044920179061591625,0.010658043436706066,0.9945049458031917,-0.10469056331827575,-0.000404746338639325,0.1046908064328913,0.9945047997615802,0.0006351332114875666,0.000336029772196024,-0.0006740161623984527,0.9999997163931091,0.00037330068880692124,0.0007211040356196463,0.00041155051440000534,42.29478104020144,-0.00046360597236058427,-0.002721078640247555,0.0002061200156102622,42.29478104020144,-0.00046360597236058427,-0.002721078640247555,0.0002061200156102622,0.021311182528734207,0.016350479796528816,0.047098398208618164,0.0,0.0,0.0,0.9945398135161685,-0.10435784269150411,0.0,0.10435784269150411,0.9945398135161685,0.0,0.0,0.0,1.0,0.0,0.0,0.0
19,1774977847943094340,0.18998149,189,9.951183,0.5605330006801523,42.29149549850088,0.6821208951371109,-0.6821208951371109,0.01865912415087223,0.01711519993841648,0.05295456945896149,0.00939681101590395,0.004138758406043053,0.010704947635531425,0.9945031399973758,-0.10470740050516403,-0.0004042038110130073,0.10470765127886361,0.9945029772955833,0.0006591508643840529,0.00033296396401504176,-0.0006978506871266037,0.9999997010697043,-0.0005091127241030335,0.0008659121813252568,-0.0004046112298965454,0.01865912415087223,0.01711519993841648,0.05295456945896149,0.00939681101590395,0.004138758406043053,0.010704947635531425,0.9945031399973758,-0.10470740050516403,-0.0004042038110130073,0.10470765127886361,0.9945029772955833,0.0006591508643840529,0.00033296396401504176,-0.0006978506871266037,0.9999997010697043,-0.0005091127241030335,0.0008659121813252568,-0.0004046112298965454,42.29149549850088,-0.0004124006987031859,-0.0027073825407446595,0.0003421009413961089,42.29149549850088,-0.0004124006987031859,-0.0027073825407446595,0.0003421009413961089,0.021311182528734207,0.016350479796528816,0.047098398208618164,0.0,0.0,0.0,0.9945398135161685,-0.10435784269150411,0.0,0.10435784269150411,0.9945398135161685,0.0,0.0,0.0,1.0,0.0,0.0,0.0
20,1774977847953092999,0.199980149,199,9.998659,0.30929399872547947,42.284369345867844,0.6820059571914169,-0.6820059571914169,0.018369020894169807,0.01663132943212986,0.053154245018959045,0.008903101086616516,0.003483114531263709,0.010861831717193127,0.9945008333472463,-0.10472743477959678,-0.00039500625734188374,0.10472769653967218,0.9945006283699338,0.0007133744476512417,0.00031812407715631555,-0.0007508196304269084,0.9999996675334066,-0.0005616848357021809,0.000515098450705409,0.0022525498643517494,0.018369020894169807,0.01663132943212986,0.053154245018959045,0.008903101086616516,0.003483114531263709,0.010861831717193127,0.9945008333472463,-0.10472743477959678,-0.00039500625734188374,0.10472769653967218,0.9945006283699338,0.0007133744476512417,0.00031812407715631555,-0.0007508196304269084,0.9999996675334066,-0.0005616848357021809,0.000515098450705409,0.0022525498643517494,42.284369345867844,-0.0007446172266372747,-0.002479552511269004,-4.032295120275601e-05,42.284369345867844,-0.0007446172266372747,-0.002479552511269004,-4.032295120275601e-05,0.021311182528734207,0.016350479796528816,0.047098398208618164,0.0,0.0,0.0,0.9945398135161685,-0.10435784269150411,0.0,0.10435784269150411,0.9945398135161685,0.0,0.0,0.0,1.0,0.0,0.0,0.0
21,1774977847963198261,0.210085411,210,10.105262,0.4883539986622054,42.280133032311134,0.6819376295534054,-0.6819376295534054,0.018225524574518204,0.016390694305300713,0.05325494706630707,0.008660290390253067,0.0031617789063602686,0.010977640748023987,0.994500005669218,-0.10473718931572851,-0.0003788799541195008,0.10473744720689249,0.9944997748155145,0.0007407404361242376,0.0002992130144449934,-0.0007763491388092479,0.9999996538767779,0.0002913829521276057,-0.0014235867420211434,0.0002826513082254678,0.018225524574518204,0.016390694305300713,0.05325494706630707,0.008660290390253067,0.0031617789063602686,0.010977640748023987,0.994500005669218,-0.10473718931572851,-0.0003788799541195008,0.10473744720689249,0.9944997748155145,0.0007407404361242376,0.0002992130144449934,-0.0007763491388092479,0.9999996538767779,0.0002913829521276057,-0.0014235867420211434,0.0002826513082254678,42.280133032311134,-0.0011297336254279663,-0.0018969895969763884,0.0002629936341637659,42.280133032311134,-0.0011297336254279663,-0.0018969895969763884,0.0002629936341637659,0.021311182528734207,0.016350479796528816,0.047098398208618164,0.0,0.0,0.0,0.9945398135161685,-0.10435784269150411,0.0,0.10435784269150411,0.9945398135161685,0.0,0.0,0.0,1.0,0.0,0.0,0.0
22,1774977847973000893,0.219888043,219,9.802632,0.3325569996377453,42.273120163233905,0.6818245187618371,-0.6818245187618371,0.01794138364493847,0.015889741480350494,0.05345447361469269,0.008171056397259235,0.0024818936362862587,0.011125371791422367,0.9944975535790122,-0.10476024474293588,-0.0003501786026188381,0.1047604952544432,0.9944972700728385,0.0007962600442210453,0.00026483531908073725,-0.0008285634348210082,0.9999996216724095,9.306368883699179e-05,-0.0007745427428744733,0.0008048665476962924,0.01794138364493847,0.015889741480350494,0.05345447361469269,0.008171056397259235,0.0024818936362862587,0.011125371791422367,0.9944975535790122,-0.10476024474293588,-0.0003501786026188381,0.1047604952544432,0.9944972700728385,0.0007962600442210453,0.00026483531908073725,-0.0008285634348210082,0.9999996216724095,9.306368883699179e-05,-0.0007745427428744733,0.0008048665476962924,42.273120163233905,-0.0014359027061967048,-0.001872804295220639,0.00020321339433550096,42.273120163233905,-0.0014359027061967048,-0.001872804295220639,0.00020321339433550096,0.021311182528734207,0.016350479796528816,0.047098398208618164,0.0,0.0,0.0,0.9945398135161685,-0.10435784269150411,0.0,0.10435784269150411,0.9945398135161685,0.0,0.0,0.0,1.0,0.0,0.0,0.0
23,1774977847983122516,0.230009666,230,10.121623,0.3857490009977482,42.26913958416326,0.681760315873601,-0.681760315873601,0.017800794914364815,0.01564071513712406,0.053555116057395935,0.00794889684766531,0.00214684777893126,0.011220312677323818,0.9944965906505544,-0.10476911185233906,-0.0003491908665675704,0.10476936821845473,0.9944962854924185,0.0008216891687665186,0.0002611814152652277,-0.0008537514976165346,0.9999996014462733,0.00036116811679676175,0.0008941461564972997,0.0006264728144742548,0.017800794914364815,0.01564071513712406,0.053555116057395935,0.00794889684766531,0.00214684777893126,0.011220312677323818,0.9944965906505544,-0.10476911185233906,-0.0003491908665675704,0.10476936821845473,0.9944962854924185,0.0008216891687665186,0.0002611814152652277,-0.0008537514976165346,0.9999996014462733,0.00036116811679676175,0.0008941461564972997,0.0006264728144742548,42.26913958416326,-0.001673249905242087,-0.0022348239237430256,0.00023711362775692007,42.26913958416326,-0.001673249905242087,-0.0022348239237430256,0.00023711362775692007,0.021311182528734207,0.016350479796528816,0.047098398208618164,0.0,0.0,0.0,0.9945398135161685,-0.10435784269150411,0.0,0.10435784269150411,0.9945398135161685,0.0,0.0,0.0,1.0,0.0,0.0,0.0
24,1774977847993033963,0.239921113,239,9.911447,0.44215500020072795,42.26505617833968,0.6816944544893496,-0.6816944544893496,0.017661361023783684,0.015392547473311424,0.05365647375583649,0.007744631264358759,0.0018235569586977363,0.01132197491824627,0.9944951080134437,-0.10478312050121774,-0.0003439294750582512,0.10478337985698327,0.9944947759592773,0.0008511096371603029,0.0002528541806127542,-0.0008824623853896773,0.9999995786623889,2.7788715669885278e-05,0.00010347433271817863,0.00039202155312523246,0.017661361023783684,0.015392547473311424,0.05365647375583649,0.007744631264358759,0.0018235569586977363,0.01132197491824627,0.9944951080134437,-0.10478312050121774,-0.0003439294750582512,0.10478337985698327,0.9944947759592773,0.0008511096371603029,0.0002528541806127542,-0.0008824623853896773,0.9999995786623889,2.7788715669885278e-05,0.00010347433271817863,0.00039202155312523246,42.26505617833968,-0.0017674016108651014,-0.001974821561084418,0.00028355362079329646,42.26505617833968,-0.0017674016108651014,-0.001974821561084418,0.00028355362079329646,0.021311182528734207,0.016350479796528816,0.047098398208618164,0.0,0.0,0.0,0.9945398135161685,-0.10435784269150411,0.0,0.10435784269150411,0.9945398135161685,0.0,0.0,0.0,1.0,0.0,0.0,0.0
25,1774977848003088046,0.249975196,249,10.054083,0.29615200037369505,42.261275931850435,0.6816334827717812,-0.6816334827717812,0.017523236572742462,0.015145545825362206,0.05375690758228302,0.007581822574138641,0.0014962957939133048,0.011401268653571606,0.9944938273445727,-0.1047948252018458,-0.00033728134505396634,0.10479508476405752,0.994493471452981,0.0008759114971151373,0.00024363311542036428,-0.0009064339808118743,0.999999559510083,-0.00026953889755532146,-0.00043083372293040156,-0.0004032732977066189,0.017523236572742462,0.015145545825362206,0.05375690758228302,0.007581822574138641,0.0014962957939133048,0.011401268653571606,0.9944938273445727,-0.1047948252018458,-0.00033728134505396634,0.10479508476405752,0.994493471452981,0.0008759114971151373,0.00024363311542036428,-0.0009064339808118743,0.999999559510083,-0.00026953889755532146,-0.00043083372293040156,-0.0004032732977066189,42.261275931850435,-0.0018587611153126967,-0.0017841544595015473,0.0004122693579768862,42.261275931850435,-0.0018587611153126967,-0.0017841544595015473,0.0004122693579768862,0.021311182528734207,0.016350479796528816,0.047098398208618164,0.0,0.0,0.0,0.9945398135161685,-0.10435784269150411,0.0,0.10435784269150411,0.9945398135161685,0.0,0.0,0.0,1.0,0.0,0.0,0.0
26,1774977848013235137,0.260122287,260,10.147091,0.6016150000505149,42.256287635459486,0.6815530263783788,-0.6815530263783788,0.017259865999221802,0.014609793201088905,0.05391709506511688,0.007312385365366936,0.0007612609770148993,0.01146271824836731,0.9944908952482756,-0.10482390877941472,-0.0003170080459424379,0.10482416075321654,0.9944904893101529,0.0009247008793038802,0.0002183308197938605,-0.00095283653923732,0.9999995222170406,0.00018123039626516402,-0.0006541883340105414,0.0003531152324285358,0.017259865999221802,0.014609793201088905,0.05391709506511688,0.007312385365366936,0.0007612609770148993,0.01146271824836731,0.9944908952482756,-0.10482390877941472,-0.0003170080459424379,0.10482416075321654,0.9944904893101529,0.0009247008793038802,0.0002183308197938605,-0.00095283653923732,0.9999995222170406,0.00018123039626516402,-0.0006541883340105414,0.0003531152324285358,42.256287635459486,-0.002321289325617034,-0.001612005826672332,0.00032219564732252387,42.256287635459486,-0.002321289325617034,-0.001612005826672332,0.00032219564732252387,0.021311182528734207,0.016350479796528816,0.047098398208618164,0.0,0.0,0.0,0.9945398135161685,-0.10435784269150411,0.0,0.10435784269150411,0.9945398135161685,0.0,0.0,0.0,1.0,0.0,0.0,0.0
27,1774977848023072024,0.269959174,269,9.836887,0.40244300180347636,42.253282014056445,0.6815045486138136,-0.6815045486138136,0.01713038794696331,0.014343667775392532,0.053998276591300964,0.007192322984337807,0.000410457665566355,0.011517415754497051,0.9944896133196747,-0.10483561435599054,-0.0003090078915272826,0.10483586307218817,0.9944891855825492,0.0009455671853108027,0.00020817595384396703,-0.0009727517418148812,0.9999995052083313,-0.0003849409695249051,-0.00011322068166919053,0.00028073121211491525,0.01713038794696331,0.014343667775392532,0.053998276591300964,0.007192322984337807,0.000410457665566355,0.011517415754497051,0.9944896133196747,-0.10483561435599054,-0.0003090078915272826,0.10483586307218817,0.9944891855825492,0.0009455671853108027,0.00020817595384396703,-0.0009727517418148812,0.9999995052083313,-0.0003849409695249051,-0.00011322068166919053,0.00028073121211491525,42.253282014056445,-0.0023418622359365963,-0.0016973312842273776,0.0003424736978911775,42.253282014056445,-0.0023418622359365963,-0.0016973312842273776,0.0003424736978911775,0.021311182528734207,0.016350479796528816,0.047098398208618164,0.0,0.0,0.0,0.9945398135161685,-0.10435784269150411,0.0,0.10435784269150411,0.9945398135161685,0.0,0.0,0.0,1.0,0.0,0.0,0.0
28,1774977848033133792,0.280020942,280,10.061768,0.539577999006724,42.2495520214239,0.681444387442321,-0.681444387442321,0.0170026533305645,0.014078512787818909,0.05408073961734772,0.007059179246425629,6.330135511234403e-05,0.011624426580965519,0.994488756175595,-0.10484412888205896,-0.00030674569368134216,0.10484437973194272,0.9944883071479792,0.0009667462298270056,0.00020369743311139318,-0.00099357865779243,0.9999994856543342,5.075905937701464e-05,0.0005292372079566121,0.0007212380296550691,0.0170026533305645,0.014078512787818909,0.05408073961734772,0.007059179246425629,6.330135511234403e-05,0.011624426580965519,0.994488756175595,-0.10484412888205896,-0.00030674569368134216,0.10484437973194272,0.9944883071479792,0.0009667462298270056,0.00020369743311139318,-0.00099357865779243,0.9999994856543342,5.075905937701464e-05,0.0005292372079566121,0.0007212380296550691,42.2495520214239,-0.0026130846081122506,-0.0018198660133979007,0.00028324451075934263,42.2495520214239,-0.0026130846081122506,-0.0018198660133979007,0.00028324451075934263,0.021311182528734207,0.016350479796528816,0.047098398208618164,0.0,0.0,0.0,0.9945398135161685,-0.10435784269150411,0.0,0.10435784269150411,0.9945398135161685,0.0,0.0,0.0,1.0,0.0,0.0,0.0
29,1774977848043053417,0.289940567,289,9.919625,0.43489499876159243,42.246285420129134,0.6813917003246635,-0.6813917003246635,0.016883375123143196,0.013813539408147335,0.05415154993534088,0.006921908352524042,-0.00028709848993457854,0.011717291548848152,0.9944876091391384,-0.1048549481083394,-0.00030811134659201184,0.10485520564797879,0.9944871340035528,0.0009929535056861574,0.0002022967746750301,-0.0010197868803378737,0.9999994595552844,0.00037976616295054555,0.00024526118068024516,-8.95000084710773e-06,0.016883375123143196,0.013813539408147335,0.05415154993534088,0.006921908352524042,-0.00028709848993457854,0.011717291548848152,0.9944876091391384,-0.1048549481083394,-0.00030811134659201184,0.10485520564797879,0.9944871340035528,0.0009929535056861574,0.0002022967746750301,-0.0010197868803378737,0.9999994595552844,0.00037976616295054555,0.00024526118068024516,-8.95000084710773e-06,42.246285420129134,-0.0028708799178484633,-0.0017201348067838447,0.00040147968995704034,42.246285420129134,-0.0028708799178484633,-0.0017201348067838447,0.00040147968995704034,0.021311182528734207,0.016350479796528816,0.047098398208618164,0.0,0.0,0.0,0.9945398135161685,-0.10435784269150411,0.0,0.10435784269150411,0.9945398135161685,0.0,0.0,0.0,1.0,0.0,0.0,0.0
30,1774977848053052524,0.299939674,299,9.999107,0.295237001409987,42.243510053807505,0.6813469363517339,-0.6813469363517339,0.016765490174293518,0.01354956068098545,0.05422385036945343,0.006778748240321875,-0.0006302179535850883,0.011769210919737816,0.9944867532841062,-0.10486169372676657,-0.00030002894952321085,0.10486194726289488,0.9944862539383632,0.0010149039596709375,0.0001919501057198944,-0.0010407701834804217,0.999999439976126,0.0003307612787466496,-0.00019925765809603035,0.0008001792593859136,0.016765490174293518,0.01354956068098545,0.05422385036945343,0.006778748240321875,-0.0006302179535850883,0.011769210919737816,0.9944867532841062,-0.10486169372676657,-0.00030002894952321085,0.10486194726289488,0.9944862539383632,0.0010149039596709375,0.0001919501057198944,-0.0010407701834804217,0.999999439976126,0.0003307612787466496,-0.00019925765809603035,0.0008001792593859136,42.243510053807505,-0.0030220183309128523,-0.0015554621173777111,0.0002855460527492122,42.243510053807505,-0.0030220183309128523,-0.0015554621173777111,0.0002855460527492122,0.021311182528734207,0.016350479796528816,0.047098398208618164,0.0,0.0,0.0,0.9945398135161685,-0.10435784269150411,0.0,0.10435784269150411,0.9945398135161685,0.0,0.0,0.0,1.0,0.0,0.0,0.0
