step,timestamp_ns,experiment_time_s,reference_index,tick_dt_ms,solver_ms,px4_collective_command_newton,px4_collective_normalized,px4_thrust_body_z,state_raw_0,state_raw_1,state_raw_2,state_raw_3,state_raw_4,state_raw_5,state_raw_6,state_raw_7,state_raw_8,state_raw_9,state_raw_10,state_raw_11,state_raw_12,state_raw_13,state_raw_14,state_raw_15,state_raw_16,state_raw_17,state_used_0,state_used_1,state_used_2,state_used_3,state_used_4,state_used_5,state_used_6,state_used_7,state_used_8,state_used_9,state_used_10,state_used_11,state_used_12,state_used_13,state_used_14,state_used_15,state_used_16,state_used_17,control_raw_0,control_raw_1,control_raw_2,control_raw_3,control_used_0,control_used_1,control_used_2,control_used_3,reference_0,reference_1,reference_2,reference_3,reference_4,reference_5,reference_6,reference_7,reference_8,reference_9,reference_10,reference_11,reference_12,reference_13,reference_14,reference_15,reference_16,reference_17
0,1774985898457539746,0.0,0,0.0,0.6130869987828191,42.73950415090488,0.6893468411436271,-0.6893468411436271,-0.008785703219473362,0.001432943157851696,-0.05552104115486145,-0.005654213018715382,0.011442743241786957,-0.008501608856022358,0.9946765622542173,-0.10304363306984232,0.0008162875347754641,0.10304408213225669,0.9946767102677925,-0.0005285147596713041,-0.0007574821062863602,0.0006098147663645085,0.9999995271733186,0.00020527889137156308,0.0008477552328258753,0.0008505516452714801,-0.008785703219473362,0.001432943157851696,-0.05552104115486145,-0.005654213018715382,0.011442743241786957,-0.008501608856022358,0.9946765622542173,-0.10304363306984232,0.0008162875347754641,0.10304408213225669,0.9946767102677925,-0.0005285147596713041,-0.0007574821062863602,0.0006098147663645085,0.9999995271733186,0.00020527889137156308,0.0008477552328258753,0.0008505516452714801,42.73950415090488,0.0036424092366021924,0.004090847353949635,-0.00041499365115417,42.73950415090488,0.0036424092366021924,0.004090847353949635,-0.00041499365115417,-0.0020377961918711662,-0.0006915193516761065,-0.053285181522369385,0.0,0.0,0.0,0.9946396984023281,-0.10340150077308255,0.0,0.10340150077308255,0.9946396984023281,0.0,0.0,0.0,1.0,0.0,0.0,0.0
1,1774985898467467029,0.009927283,9,9.927283,0.4588089977914933,42.74243149638673,0.6893940563933343,-0.6893940563933343,-0.009143897332251072,0.0015233150916174054,-0.05562630295753479,-0.005952781997621059,0.011538680642843246,-0.008524364791810513,0.9946787358332047,-0.1030227409635025,0.000826657382782506,0.10302319747444466,0.9946788908705314,-0.0005299769609013218,-0.0007676589526648854,0.0006123215984990852,0.9999995178809141,-0.000614493153989315,-0.0005860893288627267,0.00045410756138153374,-0.009143897332251072,0.0015233150916174054,-0.05562630295753479,-0.005952781997621059,0.011538680642843246,-0.008524364791810513,0.9946787358332047,-0.1030227409635025,0.000826657382782506,0.10302319747444466,0.9946788908705314,-0.0005299769609013218,-0.0007676589526648854,0.0006123215984990852,0.9999995178809141,-0.000614493153989315,-0.0005860893288627267,0.00045410756138153374,42.74243149638673,0.0038706270253930784,0.004583815979809237,-0.0003723051082720605,42.74243149638673,0.0038706270253930784,0.004583815979809237,-0.0003723051082720605,-0.0020377961918711662,-0.0006915193516761065,-0.053285181522369385,0.0,0.0,0.0,0.9946396984023281,-0.10340150077308255,0.0,0.10340150077308255,0.9946396984023281,0.0,0.0,0.0,1.0,0.0,0.0,0.0
2,1774985898477486617,0.019946871,19,10.019588,0.4779619994224049,42.74496802482978,0.6894349681424158,-0.6894349681424158,-0.009498239494860172,0.0016143083339557052,-0.05573029816150665,-0.006251710467040539,0.011622253805398941,-0.008518997579813004,0.9946807533924733,-0.10300309044535338,0.0008512837485467259,0.10300356124500731,0.9946809282799756,-0.0005289439799164332,-0.0007922728252334164,0.0006138155462565784,0.9999994977670337,0.0002174710825784132,-0.0006783910794183612,0.00019069714471697807,-0.009498239494860172,0.0016143083339557052,-0.05573029816150665,-0.006251710467040539,0.011622253805398941,-0.008518997579813004,0.9946807533924733,-0.10300309044535338,0.0008512837485467259,0.10300356124500731,0.9946809282799756,-0.0005289439799164332,-0.0007922728252334164,0.0006138155462565784,0.9999994977670337,0.0002174710825784132,-0.0006783910794183612,0.00019069714471697807,42.74496802482978,0.0036773702794422308,0.004776339198810519,-0.0003485767526069631,42.74496802482978,0.0036773702794422308,0.004776339198810519,-0.0003485767526069631,-0.0020377961918711662,-0.0006915193516761065,-0.053285181522369385,0.0,0.0,0.0,0.9946396984023281,-0.10340150077308255,0.0,0.10340150077308255,0.9946396984023281,0.0,0.0,0.0,1.0,0.0,0.0,0.0
3,1774985898487553854,0.030014108,30,10.067237,0.32043499959399924,42.74828244654952,0.6894884265572503,-0.6894884265572503,-0.009848954156041145,0.001706099370494485,-0.05583374202251434,-0.006563722155988216,0.011741168797016144,-0.00857385341078043,0.9946826875122131,-0.1029852098202868,0.0008640223488411381,0.10298568541202413,0.9946828748908526,-0.0005251781614109725,-0.0008053426064690943,0.000611367325529859,0.99999948882659,3.490217204671353e-05,0.0005751415155827999,0.00012337636144366115,-0.009848954156041145,0.001706099370494485,-0.05583374202251434,-0.006563722155988216,0.011741168797016144,-0.00857385341078043,0.9946826875122131,-0.1029852098202868,0.0008640223488411381,0.10298568541202413,0.9946828748908526,-0.0005251781614109725,-0.0008053426064690943,0.000611367325529859,0.99999948882659,3.490217204671353e-05,0.0005751415155827999,0.00012337636144366115,42.74828244654952,0.003737890444057248,0.004605579057345281,-0.00035284393817505775,42.74828244654952,0.003737890444057248,0.004605579057345281,-0.00035284393817505775,-0.0020377961918711662,-0.0006915193516761065,-0.053285181522369385,0.0,0.0,0.0,0.9946396984023281,-0.10340150077308255,0.0,0.10340150077308255,0.9946396984023281,0.0,0.0,0.0,1.0,0.0,0.0,0.0
4,1774985898497454283,0.039914537,39,9.900429,0.4197690032015089,42.75430388035651,0.689585546457363,-0.689585546457363,-0.010566888377070427,0.001896006753668189,-0.0560540109872818,-0.0072001246735453606,0.011914418078958988,-0.00862196832895279,0.9946851857600265,-0.10295936315737597,0.0008877682687357174,0.10295985225310078,0.9946853933225626,-0.0005239270037094585,-0.0008291069337545403,0.0006125468933805217,0.9999994686838658,-0.00012311708997003734,-0.0004987684660591185,-0.00039017785456962883,-0.010566888377070427,0.001896006753668189,-0.0560540109872818,-0.0072001246735453606,0.011914418078958988,-0.00862196832895279,0.9946851857600265,-0.10295936315737597,0.0008877682687357174,0.10295985225310078,0.9946853933225626,-0.0005239270037094585,-0.0008291069337545403,0.0006125468933805217,0.9999994686838658,-0.00012311708997003734,-0.0004987684660591185,-0.00039017785456962883,42.75430388035651,0.003810146095970963,0.005158276717986917,-0.00029653386114580904,42.75430388035651,0.003810146095970963,0.005158276717986917,-0.00029653386114580904,-0.0020377961918711662,-0.0006915193516761065,-0.053285181522369385,0.0,0.0,0.0,0.9946396984023281,-0.10340150077308255,0.0,0.10340150077308255,0.9946396984023281,0.0,0.0,0.0,1.0,0.0,0.0,0.0
5,1774985898507523157,0.049983411,49,10.068874,0.3208419984730426,42.75684937073791,0.6896266027538372,-0.6896266027538372,-0.010933846235275269,0.0019935762975364923,-0.056169867515563965,-0.007553000468760729,0.011971874162554741,-0.008593729697167873,0.9946870642223913,-0.102940775201948,0.000906470357462017,0.10294127606157355,0.9946872872610002,-0.0005242739791418887,-0.0008476853738568308,0.000614801773835918,0.9999994517239879,-0.000621740473434329,-0.00025004040799103677,-0.00041438345215283334,-0.010933846235275269,0.0019935762975364923,-0.056169867515563965,-0.007553000468760729,0.011971874162554741,-0.008593729697167873,0.9946870642223913,-0.102940775201948,0.000906470357462017,0.10294127606157355,0.9946872872610002,-0.0005242739791418887,-0.0008476853738568308,0.000614801773835918,0.9999994517239879,-0.000621740473434329,-0.00025004040799103677,-0.00041438345215283334,42.75684937073791,0.0039472327704996235,0.005262705271174255,-0.00030782251738674306,42.75684937073791,0.0039472327704996235,0.005262705271174255,-0.00030782251738674306,-0.0020377961918711662,-0.0006915193516761065,-0.053285181522369385,0.0,0.0,0.0,0.9946396984023281,-0.10340150077308255,0.0,0.10340150077308255,0.9946396984023281,0.0,0.0,0.0,1.0,0.0,0.0,0.0
6,1774985898517494828,0.059955082,59,9.971671,0.357888999133138,42.76026862602272,0.6896817520326245,-0.6896817520326245,-0.011297307908535004,0.002091722097247839,-0.056284934282302856,-0.007842622697353363,0.012104104273021221,-0.008633684366941452,0.994689156534318,-0.10292147840046617,0.0009208629186121635,0.10292198990678458,0.9946893906027326,-0.0005263531978195873,-0.000861799496130064,0.0006183347250476763,0.9999994374817901,-0.0008905071299523115,-8.360921492567286e-05,0.00025374192046001554,-0.011297307908535004,0.002091722097247839,-0.056284934282302856,-0.007842622697353363,0.012104104273021221,-0.008633684366941452,0.994689156534318,-0.10292147840046617,0.0009208629186121635,0.10292198990678458,0.9946893906027326,-0.0005263531978195873,-0.000861799496130064,0.0006183347250476763,0.9999994374817901,-0.0008905071299523115,-8.360921492567286e-05,0.00025374192046001554,42.76026862602272,0.0040476763124311565,0.0053652572333329675,-0.0004235425775831053,42.76026862602272,0.0040476763124311565,0.0053652572333329675,-0.0004235425775831053,-0.0020377961918711662,-0.0006915193516761065,-0.053285181522369385,0.0,0.0,0.0,0.9946396984023281,-0.10340150077308255,0.0,0.10340150077308255,0.9946396984023281,0.0,0.0,0.0,1.0,0.0,0.0,0.0
7,1774985898527532695,0.069992949,69,10.037867,0.5092890023661312,42.763492431614154,0.6897337488970025,-0.6897337488970025,-0.01165726687759161,0.0021905878093093634,-0.05639936029911041,-0.008147580549120903,0.01220149639993906,-0.008659315295517445,0.994690622719281,-0.10290767119784361,0.0009415176946563682,0.10290819808929008,0.9946908729779923,-0.0005292948584651822,-0.0008820505067572895,0.0006233743017464936,0.9999994166956037,8.163138409145176e-05,-0.0006194733432494104,-0.00029430558788590133,-0.01165726687759161,0.0021905878093093634,-0.05639936029911041,-0.008147580549120903,0.01220149639993906,-0.008659315295517445,0.994690622719281,-0.10290767119784361,0.0009415176946563682,0.10290819808929008,0.9946908729779923,-0.0005292948584651822,-0.0008820505067572895,0.0006233743017464936,0.9999994166956037,8.163138409145176e-05,-0.0006194733432494104,-0.00029430558788590133,42.763492431614154,0.003832851572845853,0.005660934994657948,-0.0003524168996155548,42.763492431614154,0.003832851572845853,0.005660934994657948,-0.0003524168996155548,-0.0020377961918711662,-0.0006915193516761065,-0.053285181522369385,0.0,0.0,0.0,0.9946396984023281,-0.10340150077308255,0.0,0.10340150077308255,0.9946396984023281,0.0,0.0,0.0,1.0,0.0,0.0,0.0
8,1774985898537581470,0.080041724,80,10.048775,0.6112840019341093,42.767469613918045,0.6897978969986781,-0.6897978969986781,-0.012017711997032166,0.002294042846187949,-0.05653756856918335,-0.008400991559028625,0.012322871014475822,-0.008698610588908195,0.9946930872561154,-0.10288253323116314,0.0009599823229457759,0.10288307212918513,0.994693353647557,-0.0005298338393548985,-0.0009003773760621336,0.0006257879340234897,0.9999993988548609,-0.0008671457762829959,-0.00023110202164389193,0.0005636932328343391,-0.012017711997032166,0.002294042846187949,-0.05653756856918335,-0.008400991559028625,0.012322871014475822,-0.008698610588908195,0.9946930872561154,-0.10288253323116314,0.0009599823229457759,0.10288307212918513,0.994693353647557,-0.0005298338393548985,-0.0009003773760621336,0.0006257879340234897,0.9999993988548609,-0.0008671457762829959,-0.00023110202164389193,0.0005636932328343391,42.767469613918045,0.004098674131494061,0.005710250414240007,-0.0005012994357014289,42.767469613918045,0.004098674131494061,0.005710250414240007,-0.0005012994357014289,-0.0020377961918711662,-0.0006915193516761065,-0.053285181522369385,0.0,0.0,0.0,0.9946396984023281,-0.10340150077308255,0.0,0.10340150077308255,0.9946396984023281,0.0,0.0,0.0,1.0,0.0,0.0,0.0
9,1774985898547483450,0.089943704,89,9.90198,0.4740029980894178,42.775116100014316,0.6899212274195857,-0.6899212274195857,-0.01272814441472292,0.002501951064914465,-0.05678071081638336,-0.008999236859381199,0.012466155923902988,-0.008826769888401031,0.9946969726034951,-0.10284447587963674,0.000990516582614856,0.10284502381191496,0.9946972737409367,-0.0005189779452674376,-0.0009318901230617321,0.0006180954672613398,0.9999993747692103,0.00014665799972135574,-0.0012054791441187263,0.00055921939201653,-0.01272814441472292,0.002501951064914465,-0.05678071081638336,-0.008999236859381199,0.012466155923902988,-0.008826769888401031,0.9946969726034951,-0.10284447587963674,0.000990516582614856,0.10284502381191496,0.9946972737409367,-0.0005189779452674376,-0.0009318901230617321,0.0006180954672613398,0.9999993747692103,0.00014665799972135574,-0.0012054791441187263,0.00055921939201653,42.775116100014316,0.003850929226415719,0.006245621748227677,-0.000531194079589081,42.775116100014316,0.003850929226415719,0.006245621748227677,-0.000531194079589081,-0.0020377961918711662,-0.0006915193516761065,-0.053285181522369385,0.0,0.0,0.0,0.9946396984023281,-0.10340150077308255,0.0,0.10340150077308255,0.9946396984023281,0.0,0.0,0.0,1.0,0.0,0.0,0.0
10,1774985898557505660,0.099965914,99,10.02221,0.3217369994672481,42.77866014790131,0.6899783894822792,-0.6899783894822792,-0.01307895127683878,0.002606787718832493,-0.05690149962902069,-0.009341925382614136,0.01264345645904541,-0.008863341994583607,0.9946995794352589,-0.102820046741255,0.0010067693262940172,0.10282060576174401,0.9946998951852535,-0.0005200715152910672,-0.0009479595214185489,0.0006208313805982843,0.9999993579704318,-0.0003956389264203608,-0.0006617242470383644,0.0006071411771699786,-0.01307895127683878,0.002606787718832493,-0.05690149962902069,-0.009341925382614136,0.01264345645904541,-0.008863341994583607,0.9946995794352589,-0.102820046741255,0.0010067693262940172,0.10282060576174401,0.9946998951852535,-0.0005200715152910672,-0.0009479595214185489,0.0006208313805982843,0.9999993579704318,-0.0003956389264203608,-0.0006617242470383644,0.0006071411771699786,42.77866014790131,0.0040262873420222845,0.006268522256458635,-0.0005580057204571977,42.77866014790131,0.0040262873420222845,0.006268522256458635,-0.0005580057204571977,-0.0020377961918711662,-0.0006915193516761065,-0.053285181522369385,0.0,0.0,0.0,0.9946396984023281,-0.10340150077308255,0.0,0.10340150077308255,0.9946396984023281,0.0,0.0,0.0,1.0,0.0,0.0,0.0
11,1774985898567481836,0.10994209,109,9.976176,0.5641600000672042,42.78251356391496,0.6900405413534672,-0.6900405413534672,-0.013421754352748394,0.002711736597120762,-0.057031214237213135,-0.009652079083025455,0.012734168209135532,-0.008906866423785686,0.9947009106290248,-0.10280712714733053,0.0010276267983344335,0.10280769765799613,0.9947012473233305,-0.0005185471468935471,-0.0009688712619232709,0.0006214470677585703,0.9999993375458694,-0.00023789159604348242,-0.0005168509669601917,-0.00017032769392244518,-0.013421754352748394,0.002711736597120762,-0.057031214237213135,-0.009652079083025455,0.012734168209135532,-0.008906866423785686,0.9947009106290248,-0.10280712714733053,0.0010276267983344335,0.10280769765799613,0.9947012473233305,-0.0005185471468935471,-0.0009688712619232709,0.0006214470677585703,0.9999993375458694,-0.00023789159604348242,-0.0005168509669601917,-0.00017032769392244518,42.78251356391496,0.004003393076792651,0.006393195181320072,-0.00045175325212076984,42.78251356391496,0.004003393076792651,0.006393195181320072,-0.00045175325212076984,-0.0020377961918711662,-0.0006915193516761065,-0.053285181522369385,0.0,0.0,0.0,0.9946396984023281,-0.10340150077308255,0.0,0.10340150077308255,0.9946396984023281,0.0,0.0,0.0,1.0,0.0,0.0,0.0
12,1774985898577486238,0.119946492,119,10.004402,0.3335900000820402,42.78637325470027,0.6901027944306496,-0.6901027944306496,-0.01376158744096756,0.00281692435964942,-0.05716012418270111,-0.009899121709167957,0.01283257082104683,-0.008951708674430847,0.99470201937688,-0.10279509482482996,0.0010458762363914804,0.10279566554765118,0.994702380893849,-0.0005072655430223769,-0.0009881911657259115,0.0006120895792018181,0.9999993244120653,0.001392098143696785,-0.0007272530347108841,-0.0007426627562381327,-0.01376158744096756,0.00281692435964942,-0.05716012418270111,-0.009899121709167957,0.01283257082104683,-0.008951708674430847,0.99470201937688,-0.10279509482482996,0.0010458762363914804,0.10279566554765118,0.994702380893849,-0.0005072655430223769,-0.0009881911657259115,0.0006120895792018181,0.9999993244120653,0.001392098143696785,-0.0007272530347108841,-0.0007426627562381327,42.78637325470027,0.0035909824669654008,0.006587269760452385,-0.0003755614213887261,42.78637325470027,0.0035909824669654008,0.006587269760452385,-0.0003755614213887261,-0.0020377961918711662,-0.0006915193516761065,-0.053285181522369385,0.0,0.0,0.0,0.9946396984023281,-0.10340150077308255,0.0,0.10340150077308255,0.9946396984023281,0.0,0.0,0.0,1.0,0.0,0.0,0.0
13,1774985898587523320,0.129983574,129,10.037082,0.373519000277156,42.79064210168233,0.6901716468013279,-0.6901716468013279,-0.014098355546593666,0.002922519575804472,-0.05728839337825775,-0.010163581930100918,0.012931336648762226,-0.00902858842164278,0.9947030393592604,-0.10278500611488584,0.001056919435754082,0.10278558299849627,0.9947034122242735,-0.0005066639251033161,-0.0009992439120782032,0.0006126162182398323,0.9999993131062542,-0.00080378248821944,0.00038558393134735525,-0.0004679687262978405,-0.014098355546593666,0.002922519575804472,-0.05728839337825775,-0.010163581930100918,0.012931336648762226,-0.00902858842164278,0.9947030393592604,-0.10278500611488584,0.001056919435754082,0.10278558299849627,0.9947034122242735,-0.0005066639251033161,-0.0009992439120782032,0.0006126162182398323,0.9999993131062542,-0.00080378248821944,0.00038558393134735525,-0.0004679687262978405,42.79064210168233,0.004161452298427368,0.006435475808096657,-0.0004248521729429881,42.79064210168233,0.004161452298427368,0.006435475808096657,-0.0004248521729429881,-0.0020377961918711662,-0.0006915193516761065,-0.053285181522369385,0.0,0.0,0.0,0.9946396984023281,-0.10340150077308255,0.0,0.10340150077308255,0.9946396984023281,0.0,0.0,0.0,1.0,0.0,0.0,0.0
14,1774985898597450119,0.139910373,139,9.926799,0.4747399980260525,42.797145967470236,0.6902765478624232,-0.6902765478624232,-0.014757370576262474,0.0031425876077264547,-0.05750386416912079,-0.01063387468457222,0.013085983693599701,-0.009116741828620434,0.9947077175569056,-0.10273986795208812,0.001075794415721398,0.10274044771221869,0.9947081146917761,-0.0004981344938589267,-0.001018923143770275,0.0006060257634447012,0.9999992972639795,0.00041506235720589757,0.0001799073361326009,0.0006636612233705819,-0.014757370576262474,0.0031425876077264547,-0.05750386416912079,-0.01063387468457222,0.013085983693599701,-0.009116741828620434,0.9947077175569056,-0.10273986795208812,0.001075794415721398,0.10274044771221869,0.9947081146917761,-0.0004981344938589267,-0.001018923143770275,0.0006060257634447012,0.9999992972639795,0.00041506235720589757,0.0001799073361326009,0.0006636612233705819,42.797145967470236,0.0038755395560326517,0.006717530652961802,-0.0006308630698160046,42.797145967470236,0.0038755395560326517,0.006717530652961802,-0.0006308630698160046,-0.0020377961918711662,-0.0006915193516761065,-0.053285181522369385,0.0,0.0,0.0,0.9946396984023281,-0.10340150077308255,0.0,0.10340150077308255,0.9946396984023281,0.0,0.0,0.0,1.0,0.0,0.0,0.0
15,1774985898607509195,0.149969449,149,10.059076,0.3717539984791074,42.799822730559654,0.6903197214606396,-0.6903197214606396,-0.015079927630722523,0.0032570003531873226,-0.05759204924106598,-0.010849224403500557,0.013145171105861664,-0.009143595583736897,0.9947089558108764,-0.10272889522962347,0.0010904515109214797,0.10272948391769354,0.9947093679706591,-0.0004981722077083001,-0.0010335055745957777,0.0006075576297630957,0.9999992813698235,-0.0008423738763667643,-8.919546962715685e-05,-0.0006817667162977159,-0.015079927630722523,0.0032570003531873226,-0.05759204924106598,-0.010849224403500557,0.013145171105861664,-0.009143595583736897,0.9947089558108764,-0.10272889522962347,0.0010904515109214797,0.10272948391769354,0.9947093679706591,-0.0004981722077083001,-0.0010335055745957777,0.0006075576297630957,0.9999992813698235,-0.0008423738763667643,-8.919546962715685e-05,-0.0006817667162977159,42.799822730559654,0.0042074626336721325,0.006908008404179714,-0.00043786214397078133,42.799822730559654,0.0042074626336721325,0.006908008404179714,-0.00043786214397078133,-0.0020377961918711662,-0.0006915193516761065,-0.053285181522369385,0.0,0.0,0.0,0.9946396984023281,-0.10340150077308255,0.0,0.10340150077308255,0.9946396984023281,0.0,0.0,0.0,1.0,0.0,0.0,0.0
16,1774985898617456884,0.159917138,159,9.947689,0.30002799758221954,42.805497328783034,0.690411247238436,-0.690411247238436,-0.015716835856437683,0.003486303612589836,-0.05776919424533844,-0.011344962753355503,0.013376179151237011,-0.009237258695065975,0.9947111641727822,-0.10270712451257369,0.0011056519610790627,0.10270771951154356,0.9947115938662159,-0.0004953815612942225,-0.0010489255394895702,0.0006063203467761846,0.9999992660652474,-0.00043543201172724366,0.0010335774859413505,-0.0003650957369245589,-0.015716835856437683,0.003486303612589836,-0.05776919424533844,-0.011344962753355503,0.013376179151237011,-0.009237258695065975,0.9947111641727822,-0.10270712451257369,0.0011056519610790627,0.10270771951154356,0.9947115938662159,-0.0004953815612942225,-0.0010489255394895702,0.0006063203467761846,0.9999992660652474,-0.00043543201172724366,0.0010335774859413505,-0.0003650957369245589,42.805497328783034,0.004155185893735094,0.006852867270144217,-0.0005028231048356987,42.805497328783034,0.004155185893735094,0.006852867270144217,-0.0005028231048356987,-0.0020377961918711662,-0.0006915193516761065,-0.053285181522369385,0.0,0.0,0.0,0.9946396984023281,-0.10340150077308255,0.0,0.10340150077308255,0.9946396984023281,0.0,0.0,0.0,1.0,0.0,0.0,0.0
17,1774985898627467802,0.169928056,169,10.010918,0.30381699980353005,42.8078683510929,0.6904494895337564,-0.6904494895337564,-0.016031652688980103,0.003601535689085722,-0.057858094573020935,-0.011622395366430283,0.013455945998430252,-0.009238334372639656,0.9947124837398789,-0.10269455666594918,0.0011151689728881795,0.10269516087083508,0.9947129214912664,-0.000498628942650476,-0.0010580664223015894,0.0006105146243450058,0.9999992538835067,-0.0003279740340076387,-0.00011323602666379884,9.358699026051909e-05,-0.016031652688980103,0.003601535689085722,-0.057858094573020935,-0.011622395366430283,0.013455945998430252,-0.009238334372639656,0.9947124837398789,-0.10269455666594918,0.0011151689728881795,0.10269516087083508,0.9947129214912664,-0.000498628942650476,-0.0010580664223015894,0.0006105146243450058,0.9999992538835067,-0.0003279740340076387,-0.00011323602666379884,9.358699026051909e-05,42.8078683510929,0.004157010003031029,0.007261934324777507,-0.0005817047162317451,42.8078683510929,0.004157010003031029,0.007261934324777507,-0.0005817047162317451,-0.0020377961918711662,-0.0006915193516761065,-0.053285181522369385,0.0,0.0,0.0,0.9946396984023281,-0.10340150077308255,0.0,0.10340150077308255,0.9946396984023281,0.0,0.0,0.0,1.0,0.0,0.0,0.0
18,1774985898637517921,0.179978175,179,10.050119,0.3232510025554802,42.81137104112825,0.6905059845343265,-0.6905059845343265,-0.016337845474481583,0.0037246989086270332,-0.05795323848724365,-0.011878951452672482,0.013567086309194565,-0.009314495138823986,0.9947131411295002,-0.10268641583876992,0.0011307640268256886,0.10268703461566808,0.9947135926210765,-0.0005033264670779858,-0.00107310155359093,0.0006167802465262533,0.9999992340173023,-0.0014923828421160579,-0.001178031787276268,-0.00016828457592055202,-0.016337845474481583,0.0037246989086270332,-0.05795323848724365,-0.011878951452672482,0.013567086309194565,-0.009314495138823986,0.9947131411295002,-0.10268641583876992,0.0011307640268256886,0.10268703461566808,0.9947135926210765,-0.0005033264670779858,-0.00107310155359093,0.0006167802465262533,0.9999992340173023,-0.0014923828421160579,-0.001178031787276268,-0.00016828457592055202,42.81137104112825,0.004488207542593458,0.00766100127752403,-0.0005489226957634396,42.81137104112825,0.004488207542593458,0.00766100127752403,-0.0005489226957634396,-0.0020377961918711662,-0.0006915193516761065,-0.053285181522369385,0.0,0.0,0.0,0.9946396984023281,-0.10340150077308255,0.0,0.10340150077308255,0.9946396984023281,0.0,0.0,0.0,1.0,0.0,0.0,0.0
19,1774985898647464881,0.189925135,189,9.94696,0.3304130004835315,42.81444465274779,0.6905555589152869,-0.6905555589152869,-0.01664179563522339,0.0038481629453599453,-0.05804869532585144,-0.012117602862417698,0.0136668486520648,-0.009356927126646042,0.9947142038898368,-0.10267721342880898,0.0011463374086257694,0.10267784494602061,0.994714670439114,-0.0005061993211348953,-0.0010883034301928801,0.0006212268916931107,0.9999992148361849,-0.00037370031350292265,-0.00023348444665316492,-0.00032485186238773167,-0.01664179563522339,0.0038481629453599453,-0.05804869532585144,-0.012117602862417698,0.0136668486520648,-0.009356927126646042,0.9947142038898368,-0.10267721342880898,0.0011463374086257694,0.10267784494602061,0.994714670439114,-0.0005061993211348953,-0.0010883034301928801,0.0006212268916931107,0.9999992148361849,-0.00037370031350292265,-0.00023348444665316492,-0.00032485186238773167,42.81444465274779,0.004242224923268272,0.007553602366624125,-0.0005328259537313498,42.81444465274779,0.004242224923268272,0.007553602366624125,-0.0005328259537313498,-0.0020377961918711662,-0.0006915193516761065,-0.053285181522369385,0.0,0.0,0.0,0.9946396984023281,-0.10340150077308255,0.0,0.10340150077308255,0.9946396984023281,0.0,0.0,0.0,1.0,0.0,0.0,0.0
20,1774985898657509028,0.199969282,199,10.044147,0.3200979990651831,42.81801074471286,0.6906130765276267,-0.6906130765276267,-0.016943391412496567,0.003971249796450138,-0.05814450979232788,-0.012352867983281612,0.01371708046644926,-0.009435893967747688,0.9947155696506417,-0.10266358761770844,0.0011606908040738932,0.10266422174809597,0.9947160554769664,-0.0005004801827068021,-0.0011031766259701377,0.0006169966676223444,0.999999201157984,0.000531617144588381,-0.0011301940539851785,0.0008904194110073149,-0.016943391412496567,0.003971249796450138,-0.05814450979232788,-0.012352867983281612,0.01371708046644926,-0.009435893967747688,0.9947155696506417,-0.10266358761770844,0.0011606908040738932,0.10266422174809597,0.9947160554769664,-0.0005004801827068021,-0.0011031766259701377,0.0006169966676223444,0.999999201157984,0.000531617144588381,-0.0011301940539851785,0.0008904194110073149,42.81801074471286,0.0040180879584628265,0.007901343268864651,-0.0007260590247397596,42.81801074471286,0.0040180879584628265,0.007901343268864651,-0.0007260590247397596,-0.0020377961918711662,-0.0006915193516761065,-0.053285181522369385,0.0,0.0,0.0,0.9946396984023281,-0.10340150077308255,0.0,0.10340150077308255,0.9946396984023281,0.0,0.0,0.0,1.0,0.0,0.0,0.0
21,1774985898667541327,0.210001581,210,10.032299,0.5651709980156738,42.82087314782537,0.690659244319764,-0.690659244319764,-0.017242658883333206,0.004094266332685947,-0.05822749435901642,-0.012569567188620567,0.013815049082040787,-0.009483887813985348,0.9947162664376624,-0.10265650973071727,0.0011627047781428406,0.10265713513676955,0.9947167600138594,-0.0004914685229450762,-0.0011061094415227238,0.0006082315459891036,0.9999992032878859,0.0006168647087179124,0.0009741334361024201,-0.0008604159811511636,-0.017242658883333206,0.004094266332685947,-0.05822749435901642,-0.012569567188620567,0.013815049082040787,-0.009483887813985348,0.9947162664376624,-0.10265650973071727,0.0011627047781428406,0.10265713513676955,0.9947167600138594,-0.0004914685229450762,-0.0011061094415227238,0.0006082315459891036,0.9999992032878859,0.0006168647087179124,0.0009741334361024201,-0.0008604159811511636,42.82087314782537,0.004000889366359001,0.00746507783657973,-0.00046910620820819526,42.82087314782537,0.004000889366359001,0.00746507783657973,-0.00046910620820819526,-0.0020377961918711662,-0.0006915193516761065,-0.053285181522369385,0.0,0.0,0.0,0.9946396984023281,-0.10340150077308255,0.0,0.10340150077308255,0.9946396984023281,0.0,0.0,0.0,1.0,0.0,0.0,0.0
22,1774985898677519522,0.219979776,219,9.978195,0.32016999830375426,42.8234384280731,0.6907006198076308,-0.6907006198076308,-0.017819110304117203,0.004427043721079826,-0.05834279954433441,-0.012981516309082508,0.01403560396283865,-0.009449844248592854,0.9947179850364929,-0.10263916999706946,0.0011868388813713986,0.10263980220126556,0.9947185098527971,-0.00048447872888797774,-0.001130844086166257,0.0006037365500469773,0.9999991783466068,0.0007524134707637131,-0.00047751166857779026,0.0005147852934896946,-0.017819110304117203,0.004427043721079826,-0.05834279954433441,-0.012981516309082508,0.01403560396283865,-0.009449844248592854,0.9947179850364929,-0.10263916999706946,0.0011868388813713986,0.10263980220126556,0.9947185098527971,-0.00048447872888797774,-0.001130844086166257,0.0006037365500469773,0.9999991783466068,0.0007524134707637131,-0.00047751166857779026,0.0005147852934896946,42.8234384280731,0.004019650547679946,0.008052601903585336,-0.0006892911228312017,42.8234384280731,0.004019650547679946,0.008052601903585336,-0.0006892911228312017,-0.0020377961918711662,-0.0006915193516761065,-0.053285181522369385,0.0,0.0,0.0,0.9946396984023281,-0.10340150077308255,0.0,0.10340150077308255,0.9946396984023281,0.0,0.0,0.0,1.0,0.0,0.0,0.0
23,1774985898687542458,0.230002712,230,10.022936,0.5221320025157183,42.82565851118919,0.6907364275998257,-0.6907364275998257,-0.018104013055562973,0.004592027980834246,-0.05840161442756653,-0.01315833255648613,0.014100197702646255,-0.009492204524576664,0.9947186806044931,-0.102632092099735,0.0011937488766978858,0.10263272437174664,0.9947192154360204,-0.0004808732555446095,-0.0011380919103818436,0.0006008512894543384,0.9999991718619322,0.00013044897059444338,4.150099994149059e-05,-0.00034642303944565356,-0.018104013055562973,0.004592027980834246,-0.05840161442756653,-0.01315833255648613,0.014100197702646255,-0.009492204524576664,0.9947186806044931,-0.102632092099735,0.0011937488766978858,0.10263272437174664,0.9947192154360204,-0.0004808732555446095,-0.0011380919103818436,0.0006008512894543384,0.9999991718619322,0.00013044897059444338,4.150099994149059e-05,-0.00034642303944565356,42.82565851118919,0.004192385826149602,0.008014925998740091,-0.0005657814681135318,42.82565851118919,0.004192385826149602,0.008014925998740091,-0.0005657814681135318,-0.0020377961918711662,-0.0006915193516761065,-0.053285181522369385,0.0,0.0,0.0,0.9946396984023281,-0.10340150077308255,0.0,0.10340150077308255,0.9946396984023281,0.0,0.0,0.0,1.0,0.0,0.0,0.0
24,1774985898697411271,0.239871525,239,9.868813,0.28678499802481383,42.82775548537034,0.6907702497640378,-0.6907702497640378,-0.018386276438832283,0.004756199661642313,-0.05846144258975983,-0.013288145884871483,0.014218444004654884,-0.009523311629891396,0.9947198952791896,-0.10262165057050132,0.0011995337154472943,0.10262228172217247,0.9947204391237674,-0.00047685943773050424,-0.001144264507124692,0.0005974402025158074,0.999999166861742,0.00048537924885749817,-0.0004386664950288832,0.0006582473288290203,-0.018386276438832283,0.004756199661642313,-0.05846144258975983,-0.013288145884871483,0.014218444004654884,-0.009523311629891396,0.9947198952791896,-0.10262165057050132,0.0011995337154472943,0.10262228172217247,0.9947204391237674,-0.00047685943773050424,-0.001144264507124692,0.0005974402025158074,0.999999166861742,0.00048537924885749817,-0.0004386664950288832,0.0006582473288290203,42.82775548537034,0.004131589800403015,0.008215492367198228,-0.000724875271675806,42.82775548537034,0.004131589800403015,0.008215492367198228,-0.000724875271675806,-0.0020377961918711662,-0.0006915193516761065,-0.053285181522369385,0.0,0.0,0.0,0.9946396984023281,-0.10340150077308255,0.0,0.10340150077308255,0.9946396984023281,0.0,0.0,0.0,1.0,0.0,0.0,0.0
25,1774985898707515934,0.249976188,249,10.104663,0.3013480018125847,42.82890033224809,0.6907887150362595,-0.6907887150362595,-0.018655022606253624,0.004959715064615011,-0.05849646031856537,-0.013405872508883476,0.01433124952018261,-0.009526199661195278,0.9947204054132525,-0.10261652074457128,0.0012096947284377588,0.10261715506583813,0.994720962441315,-0.0004743445499076921,-0.001154633025060246,0.0005959753899931267,0.9999991558177139,3.5807344829663634e-05,-0.0003716883948072791,-0.0003083587798755616,-0.018655022606253624,0.004959715064615011,-0.05849646031856537,-0.013405872508883476,0.01433124952018261,-0.009526199661195278,0.9947204054132525,-0.10261652074457128,0.0012096947284377588,0.10261715506583813,0.994720962441315,-0.0004743445499076921,-0.001154633025060246,0.0005959753899931267,0.9999991558177139,3.5807344829663634e-05,-0.0003716883948072791,-0.0003083587798755616,42.82890033224809,0.004280047456507278,0.008286626284321556,-0.0005839914177646468,42.82890033224809,0.004280047456507278,0.008286626284321556,-0.0005839914177646468,-0.0020377961918711662,-0.0006915193516761065,-0.053285181522369385,0.0,0.0,0.0,0.9946396984023281,-0.10340150077308255,0.0,0.10340150077308255,0.9946396984023281,0.0,0.0,0.0,1.0,0.0,0.0,0.0
26,1774985898717476893,0.259937147,259,9.960959,0.4513649982982315,42.829751776440034,0.6908024480070973,-0.6908024480070973,-0.01918605901300907,0.00536315655335784,-0.058560073375701904,-0.013769811950623989,0.01466372236609459,-0.00945440772920847,0.9947205561038748,-0.10261333628217106,0.0012208429895148518,0.10261398213864403,0.9947211235558024,-0.00047853702088631114,-0.0011652940386950132,0.0006012861954079532,0.9999991402719768,-0.0002884829882532358,0.0006680400110781193,-0.0005846120184287429,-0.01918605901300907,0.00536315655335784,-0.058560073375701904,-0.013769811950623989,0.01466372236609459,-0.00945440772920847,0.9947205561038748,-0.10261333628217106,0.0012208429895148518,0.10261398213864403,0.9947211235558024,-0.00047853702088631114,-0.0011652940386950132,0.0006012861954079532,0.9999991402719768,-0.0002884829882532358,0.0006680400110781193,-0.0005846120184287429,42.829751776440034,0.004474828726681221,0.008206924209317944,-0.0005450412828488649,42.829751776440034,0.004474828726681221,0.008206924209317944,-0.0005450412828488649,-0.0020377961918711662,-0.0006915193516761065,-0.053285181522369385,0.0,0.0,0.0,0.9946396984023281,-0.10340150077308255,0.0,0.10340150077308255,0.9946396984023281,0.0,0.0,0.0,1.0,0.0,0.0,0.0
27,1774985898727477670,0.269937924,269,10.000777,0.2906440022343304,42.83058831619272,0.6908159405837535,-0.6908159405837535,-0.01944834738969803,0.005563587881624699,-0.05858902633190155,-0.013900008983910084,0.014836843125522137,-0.009444556199014187,0.9947207034469288,-0.10261209770795499,0.0012249026345051255,0.10261274822701538,0.9947212744935583,-0.0004804369536372949,-0.0011691380595852535,0.0006035911928342803,0.9999991343965683,-7.148727308958769e-05,-0.0005509660695679486,-1.5445206372532994e-05,-0.01944834738969803,0.005563587881624699,-0.05858902633190155,-0.013900008983910084,0.014836843125522137,-0.009444556199014187,0.9947207034469288,-0.10261209770795499,0.0012249026345051255,0.10261274822701538,0.9947212744935583,-0.0004804369536372949,-0.0011691380595852535,0.0006035911928342803,0.9999991343965683,-7.148727308958769e-05,-0.0005509660695679486,-1.5445206372532994e-05,42.83058831619272,0.004479294510861816,0.008587248524444296,-0.0006313856944437417,42.83058831619272,0.004479294510861816,0.008587248524444296,-0.0006313856944437417,-0.0020377961918711662,-0.0006915193516761065,-0.053285181522369385,0.0,0.0,0.0,0.9946396984023281,-0.10340150077308255,0.0,0.10340150077308255,0.9946396984023281,0.0,0.0,0.0,1.0,0.0,0.0,0.0
28,1774985898737492861,0.279953115,279,10.015191,0.39803400068194605,42.831420857226185,0.6908293686649385,-0.6908293686649385,-0.019697731360793114,0.005789280403405428,-0.058602944016456604,-0.014018557034432888,0.015015793964266777,-0.009461850859224796,0.9947215897288746,-0.10260483904579587,0.0012262713505106337,0.10260549394314467,0.9947221605422751,-0.000483475693786933,-0.0011701922487075776,0.0006067456408006839,0.9999991312546542,-0.00027343715191818774,0.0009266389533877373,0.0004099664220120758,-0.019697731360793114,0.005789280403405428,-0.058602944016456604,-0.014018557034432888,0.015015793964266777,-0.009461850859224796,0.9947215897288746,-0.10260483904579587,0.0012262713505106337,0.10260549394314467,0.9947221605422751,-0.000483475693786933,-0.0011701922487075776,0.0006067456408006839,0.9999991312546542,-0.00027343715191818774,0.0009266389533877373,0.0004099664220120758,42.831420857226185,0.0045961194300554705,0.008283159619562375,-0.0007010168450021984,42.831420857226185,0.0045961194300554705,0.008283159619562375,-0.0007010168450021984,-0.0020377961918711662,-0.0006915193516761065,-0.053285181522369385,0.0,0.0,0.0,0.9946396984023281,-0.10340150077308255,0.0,0.10340150077308255,0.9946396984023281,0.0,0.0,0.0,1.0,0.0,0.0,0.0
29,1774985898747428396,0.28988865,289,9.935535,0.5331249994924292,42.83291099609071,0.6908534031627533,-0.6908534031627533,-0.02019069902598858,0.006236849818378687,-0.05863653123378754,-0.014294794760644436,0.01534033939242363,-0.009493587538599968,0.994722979187012,-0.1025910285320848,0.001214647739189962,0.10259167304459837,0.994723538211536,-0.00048060070306643957,-0.0011589333148983548,0.0006026771421963444,0.9999991468266303,0.00026259833248332143,0.0004627997986972332,7.311527588171884e-05,-0.02019069902598858,0.006236849818378687,-0.05863653123378754,-0.014294794760644436,0.01534033939242363,-0.009493587538599968,0.994722979187012,-0.1025910285320848,0.001214647739189962,0.10259167304459837,0.994723538211536,-0.00048060070306643957,-0.0011589333148983548,0.0006026771421963444,0.9999991468266303,0.00026259833248332143,0.0004627997986972332,7.311527588171884e-05,42.83291099609071,0.004564423910021582,0.00850024156186809,-0.0006615368057191459,42.83291099609071,0.004564423910021582,0.00850024156186809,-0.0006615368057191459,-0.0020377961918711662,-0.0006915193516761065,-0.053285181522369385,0.0,0.0,0.0,0.9946396984023281,-0.10340150077308255,0.0,0.10340150077308255,0.9946396984023281,0.0,0.0,0.0,1.0,0.0,0.0,0.0
30,1774985898757490814,0.299951068,299,10.062418,0.3141689994663466,42.83355977858098,0.6908638673964673,-0.6908638673964673,-0.020434042438864708,0.00645863264799118,-0.058655545115470886,-0.014422949403524399,0.015512991696596146,-0.009487134404480457,0.9947225830066226,-0.10259545551643168,0.0012193457448561873,0.1025961030782383,0.9947231473728071,-0.0004807849080795852,-0.0011635849877843323,0.0006033474534121452,0.9999991410206736,0.00019997148774564266,-5.364125536289066e-05,-0.000924048013985157,-0.020434042438864708,0.00645863264799118,-0.058655545115470886,-0.014422949403524399,0.015512991696596146,-0.009487134404480457,0.9947225830066226,-0.10259545551643168,0.0012193457448561873,0.1025961030782383,0.9947231473728071,-0.0004807849080795852,-0.0011635849877843323,0.0006033474534121452,0.9999991410206736,0.00019997148774564266,-5.364125536289066e-05,-0.000924048013985157,42.83355977858098,0.004637370377421271,0.008704011774934337,-0.0005083805439928871,42.83355977858098,0.004637370377421271,0.008704011774934337,-0.0005083805439928871,-0.0020377961918711662,-0.0006915193516761065,-0.053285181522369385,0.0,0.0,0.0,0.9946396984023281,-0.10340150077308255,0.0,0.10340150077308255,0.9946396984023281,0.0,0.0,0.0,1.0,0.0,0.0,0.0
