step,timestamp_ns,experiment_time_s,reference_index,tick_dt_ms,solver_ms,px4_collective_command_newton,px4_collective_normalized,px4_thrust_body_z,state_raw_0,state_raw_1,state_raw_2,state_raw_3,state_raw_4,state_raw_5,state_raw_6,state_raw_7,state_raw_8,state_raw_9,state_raw_10,state_raw_11,state_raw_12,state_raw_13,state_raw_14,state_raw_15,state_raw_16,state_raw_17,state_used_0,state_used_1,state_used_2,state_used_3,state_used_4,state_used_5,state_used_6,state_used_7,state_used_8,state_used_9,state_used_10,state_used_11,state_used_12,state_used_13,state_used_14,state_used_15,state_used_16,state_used_17,control_raw_0,control_raw_1,control_raw_2,control_raw_3,control_used_0,control_used_1,control_used_2,control_used_3,reference_0,reference_1,reference_2,reference_3,reference_4,reference_5,reference_6,reference_7,reference_8,reference_9,reference_10,reference_11,reference_12,reference_13,reference_14,reference_15,reference_16,reference_17
0,1774887354153580087,0.0,0,0.0,0.40359000013268087,42.87992813810039,0.6916117441629095,-0.6916117441629095,-0.022585298866033554,-0.007697321940213442,-0.03552049398422241,-0.00725205335766077,-0.005594947375357151,-0.014674730598926544,0.9945999364608002,-0.1037829776757122,-0.0003700260963717568,0.10378314761784035,0.9945998745355535,0.0004741590279915067,0.0003188182786265023,-0.0005100009814065116,0.999999819126942,-9.446068725083023e-05,0.00020772544667124748,0.0005535740056075156,-0.022585298866033554,-0.007697321940213442,-0.03552049398422241,-0.00725205335766077,-0.005594947375357151,-0.014674730598926544,0.9945999364608002,-0.1037829776757122,-0.0003700260963717568,0.10378314761784035,0.9945998745355535,0.0004741590279915067,0.0003188182786265023,-0.0005100009814065116,0.999999819126942,-9.446068725083023e-05,0.00020772544667124748,0.0005535740056075156,42.87992813810039,-0.002463181206854456,2.335759979862959e-05,-0.00011184640406524959,42.87992813810039,-0.002463181206854456,2.335759979862959e-05,-0.00011184640406524959,-0.025256454944610596,-0.007238949183374643,-0.030776962637901306,0.0,0.0,0.0,0.9945963436657983,-0.10381860240347862,-0.0002043618170042196,0.10381869434331459,0.9945962256261034,0.0005074222270747501,0.00015057766271820393,-0.000525896792411865,0.99999985037947,0.0,0.0,0.0
1,1774887354163714221,0.010134134,10,10.134134,0.30003200026840204,42.88708437527799,0.6917271673431934,-0.6917271673431934,-0.02235470339655876,-0.007708393037319183,-0.03578504920005798,-0.006963244639337063,-0.005622719414532185,-0.014719082973897457,0.9946004799204867,-0.10377730885991143,-0.0003832063986208387,0.10377748502609863,0.994600423064873,0.0004726311923221303,0.0003320888524156406,-0.0005098474105073541,0.9999998148862882,0.0006344816647469997,8.663575863465667e-05,2.358226993237622e-05,-0.02235470339655876,-0.007708393037319183,-0.03578504920005798,-0.006963244639337063,-0.005622719414532185,-0.014719082973897457,0.9946004799204867,-0.10377730885991143,-0.0003832063986208387,0.10377748502609863,0.994600423064873,0.0004726311923221303,0.0003320888524156406,-0.0005098474105073541,0.9999998148862882,0.0006344816647469997,8.663575863465667e-05,2.358226993237622e-05,42.88708437527799,-0.002639268327827591,-6.736814536805101e-05,-3.688910557446715e-05,42.88708437527799,-0.002639268327827591,-6.736814536805101e-05,-3.688910557446715e-05,-0.025256454944610596,-0.007238949183374643,-0.030776962637901306,0.0,0.0,0.0,0.9945963436657983,-0.10381860240347862,-0.0002043618170042196,0.10381869434331459,0.9945962256261034,0.0005074222270747501,0.00015057766271820393,-0.000525896792411865,0.99999985037947,0.0,0.0,0.0
2,1774887354173666448,0.020086361,20,9.952227,0.4893509999419621,42.89444344430469,0.6918458620049144,-0.6918458620049144,-0.02212737314403057,-0.007719769142568111,-0.03603456914424896,-0.0067122867330908775,-0.005616231355816126,-0.014805933460593224,0.9946006086921333,-0.10377642213191951,-0.00039673805151745154,0.10377660344834805,0.9946005590082105,0.00046754640152112115,0.00034607559916055575,-0.0005061940327215205,0.9999998119996291,0.00040644622640684247,0.00028281472623348236,-0.0006630452699027956,-0.02212737314403057,-0.007719769142568111,-0.03603456914424896,-0.0067122867330908775,-0.005616231355816126,-0.014805933460593224,0.9946006086921333,-0.10377642213191951,-0.00039673805151745154,0.10377660344834805,0.9946005590082105,0.00046754640152112115,0.00034607559916055575,-0.0005061940327215205,0.9999998119996291,0.00040644622640684247,0.00028281472623348236,-0.0006630452699027956,42.89444344430469,-0.0025612028392355047,-0.00022950011035802764,6.54021102823186e-05,42.89444344430469,-0.0025612028392355047,-0.00022950011035802764,6.54021102823186e-05,-0.025256454944610596,-0.007238949183374643,-0.030776962637901306,0.0,0.0,0.0,0.9945963436657983,-0.10381860240347862,-0.0002043618170042196,0.10381869434331459,0.9945962256261034,0.0005074222270747501,0.00015057766271820393,-0.000525896792411865,0.99999985037947,0.0,0.0,0.0
3,1774887354183652973,0.030072886,30,9.986525,0.4560439997476351,42.90224418506289,0.6919716804042402,-0.6919716804042402,-0.021904025226831436,-0.007731321733444929,-0.03628246486186981,-0.006463952362537384,-0.0056384545750916,-0.01492861658334732,0.9946009561197645,-0.10377287853247541,-0.00041147232680514585,0.1037730640525043,0.9946009161941486,0.0004585037225337159,0.0003616705039460148,-0.000498727967813267,0.9999998102324159,-0.0006997442687861621,0.00017427931015845388,3.8037789636291564e-05,-0.021904025226831436,-0.007731321733444929,-0.03628246486186981,-0.006463952362537384,-0.0056384545750916,-0.01492861658334732,0.9946009561197645,-0.10377287853247541,-0.00041147232680514585,0.1037730640525043,0.9946009161941486,0.0004585037225337159,0.0003616705039460148,-0.000498727967813267,0.9999998102324159,-0.0006997442687861621,0.00017427931015845388,3.8037789636291564e-05,42.90224418506289,-0.002259577832644123,-0.00031804604899834347,-4.259735230320719e-05,42.90224418506289,-0.002259577832644123,-0.00031804604899834347,-4.259735230320719e-05,-0.025256454944610596,-0.007238949183374643,-0.030776962637901306,0.0,0.0,0.0,0.9945963436657983,-0.10381860240347862,-0.0002043618170042196,0.10381869434331459,0.9945962256261034,0.0005074222270747501,0.00015057766271820393,-0.000525896792411865,0.99999985037947,0.0,0.0,0.0
4,1774887354193766581,0.040186494,40,10.113608,0.5179069999030617,42.909528020793175,0.6920891616256963,-0.6920891616256963,-0.02168367989361286,-0.0077433460392057896,-0.03652852773666382,-0.0061928024515509605,-0.005667208228260279,-0.015013687312602997,0.9946022294036769,-0.10376136497294097,-0.00042301566952276937,0.10376155265484122,0.9946021984949649,0.00044886271980570415,0.0003741577129960424,-0.0004903325439930967,0.9999998097899997,-0.00018627761164680123,-0.00014153867959976196,0.0008009482990019023,-0.02168367989361286,-0.0077433460392057896,-0.03652852773666382,-0.0061928024515509605,-0.005667208228260279,-0.015013687312602997,0.9946022294036769,-0.10376136497294097,-0.00042301566952276937,0.10376155265484122,0.9946021984949649,0.00044886271980570415,0.0003741577129960424,-0.0004903325439930967,0.9999998097899997,-0.00018627761164680123,-0.00014153867959976196,0.0008009482990019023,42.909528020793175,-0.002362331273456014,-0.0003510921662186509,-0.0001662881165107708,42.909528020793175,-0.002362331273456014,-0.0003510921662186509,-0.0001662881165107708,-0.025256454944610596,-0.007238949183374643,-0.030776962637901306,0.0,0.0,0.0,0.9945963436657983,-0.10381860240347862,-0.0002043618170042196,0.10381869434331459,0.9945962256261034,0.0005074222270747501,0.00015057766271820393,-0.000525896792411865,0.99999985037947,0.0,0.0,0.0
5,1774887354203639409,0.050059322,50,9.872828,0.4015070003333676,42.92139655410662,0.6922805895823648,-0.6922805895823648,-0.021197309717535973,-0.007783039938658476,-0.03693152964115143,-0.005615186411887407,-0.005662801209837198,-0.015162166208028793,0.9946039285705484,-0.10374471485417791,-0.0004511484713722825,0.10374490943985704,0.9946039169213277,0.00043166327181828044,0.00040393125550270705,-0.00047613828273561105,0.999999805065932,-0.0003392937942408025,0.00043977046152576804,0.0008057149243541062,-0.021197309717535973,-0.007783039938658476,-0.03693152964115143,-0.005615186411887407,-0.005662801209837198,-0.015162166208028793,0.9946039285705484,-0.10374471485417791,-0.0004511484713722825,0.10374490943985704,0.9946039169213277,0.00043166327181828044,0.00040393125550270705,-0.00047613828273561105,0.999999805065932,-0.0003392937942408025,0.00043977046152576804,0.0008057149243541062,42.92139655410662,-0.0022662816524761107,-0.0007446780306067387,-0.00018036631365110558,42.92139655410662,-0.0022662816524761107,-0.0007446780306067387,-0.00018036631365110558,-0.025256454944610596,-0.007238949183374643,-0.030776962637901306,0.0,0.0,0.0,0.9945963436657983,-0.10381860240347862,-0.0002043618170042196,0.10381869434331459,0.9945962256261034,0.0005074222270747501,0.00015057766271820393,-0.000525896792411865,0.99999985037947,0.0,0.0,0.0
6,1774887354213773420,0.060193333,60,10.134011,0.5215900000621332,42.927037998649354,0.6923715806233767,-0.6923715806233767,-0.02095843106508255,-0.007802735082805157,-0.03713144361972809,-0.005283935461193323,-0.005672586150467396,-0.015203255228698254,0.99460526187238,-0.10373196231744508,-0.000473890732264735,0.10373216615759784,0.994605261457252,0.0004279120410282411,0.0004269460600262709,-0.00047476120609355366,0.9999997961594246,0.001156582497060299,0.0013085338287055492,0.001056992681697011,-0.02095843106508255,-0.007802735082805157,-0.03713144361972809,-0.005283935461193323,-0.005672586150467396,-0.015203255228698254,0.99460526187238,-0.10373196231744508,-0.000473890732264735,0.10373216615759784,0.994605261457252,0.0004279120410282411,0.0004269460600262709,-0.00047476120609355366,0.9999997961594246,0.001156582497060299,0.0013085338287055492,0.001056992681697011,42.927037998649354,-0.0026249975604758966,-0.0011159788694692922,-0.0002282974215307554,42.927037998649354,-0.0026249975604758966,-0.0011159788694692922,-0.0002282974215307554,-0.025256454944610596,-0.007238949183374643,-0.030776962637901306,0.0,0.0,0.0,0.9945963436657983,-0.10381860240347862,-0.0002043618170042196,0.10381869434331459,0.9945962256261034,0.0005074222270747501,0.00015057766271820393,-0.000525896792411865,0.99999985037947,0.0,0.0,0.0
7,1774887354223669506,0.070089419,70,9.896086,0.4995510003027448,42.9322911387832,0.6924563086900516,-0.6924563086900516,-0.020722467452287674,-0.00782244186848402,-0.037330105900764465,-0.005010655615478754,-0.005668350495398045,-0.01521662250161171,0.9946059875036483,-0.10372434647106576,-0.000491736721492375,0.10372455655888224,0.9946059972559865,0.0004228747545924564,0.000445221884179307,-0.00047159891346728895,0.9999997896859522,7.973211904754862e-05,0.000441404728917405,-0.00016027764650061727,-0.020722467452287674,-0.00782244186848402,-0.037330105900764465,-0.005010655615478754,-0.005668350495398045,-0.01521662250161171,0.9946059875036483,-0.10372434647106576,-0.000491736721492375,0.10372455655888224,0.9946059972559865,0.0004228747545924564,0.000445221884179307,-0.00047159891346728895,0.9999997896859522,7.973211904754862e-05,0.000441404728917405,-0.00016027764650061727,42.9322911387832,-0.002335903409440239,-0.0010285682628782616,-5.1818486459052223e-05,42.9322911387832,-0.002335903409440239,-0.0010285682628782616,-5.1818486459052223e-05,-0.025256454944610596,-0.007238949183374643,-0.030776962637901306,0.0,0.0,0.0,0.9945963436657983,-0.10381860240347862,-0.0002043618170042196,0.10381869434331459,0.9945962256261034,0.0005074222270747501,0.00015057766271820393,-0.000525896792411865,0.99999985037947,0.0,0.0,0.0
8,1774887354233648117,0.08006803,80,9.978611,0.3544589999364689,42.93651906646798,0.6925245010720642,-0.6925245010720642,-0.020472858101129532,-0.007840308360755444,-0.03750193119049072,-0.004679714795202017,-0.0056797838769853115,-0.0151995699852705,0.9946069343989958,-0.10371584527223465,-0.0005096071407463567,0.10371606258963295,0.9946069535064399,0.0004202524476638798,0.00046327196419868174,-0.00047084036026519044,0.9999997818442161,0.0003347962046973407,0.0004707610933110118,0.000870528572704643,-0.020472858101129532,-0.007840308360755444,-0.03750193119049072,-0.004679714795202017,-0.0056797838769853115,-0.0151995699852705,0.9946069343989958,-0.10371584527223465,-0.0005096071407463567,0.10371606258963295,0.9946069535064399,0.0004202524476638798,0.00046327196419868174,-0.00047084036026519044,0.9999997818442161,0.0003347962046973407,0.0004707610933110118,0.000870528572704643,42.93651906646798,-0.0023872843480318463,-0.0011790129774828539,-0.00021326784292614997,42.93651906646798,-0.0023872843480318463,-0.0011790129774828539,-0.00021326784292614997,-0.025256454944610596,-0.007238949183374643,-0.030776962637901306,0.0,0.0,0.0,0.9945963436657983,-0.10381860240347862,-0.0002043618170042196,0.10381869434331459,0.9945962256261034,0.0005074222270747501,0.00015057766271820393,-0.000525896792411865,0.99999985037947,0.0,0.0,0.0
9,1774887354243737554,0.090157467,90,10.089437,0.32669700021870085,42.94625174309335,0.6926814797273121,-0.6926814797273121,-0.019982030615210533,-0.007874983362853527,-0.037842944264411926,-0.004082676954567432,-0.005581963341683149,-0.015293508768081665,0.9946093604349194,-0.10369158251407273,-0.0005496662621910925,0.10369181169099706,0.9946094054843847,0.00040619241132164264,0.0005045844991460606,-0.00046099865295674836,0.9999997664373381,0.0004731997032649815,0.0010280865244567394,0.00015294166223611683,-0.019982030615210533,-0.007874983362853527,-0.037842944264411926,-0.004082676954567432,-0.005581963341683149,-0.015293508768081665,0.9946093604349194,-0.10369158251407273,-0.0005496662621910925,0.10369181169099706,0.9946094054843847,0.00040619241132164264,0.0005045844991460606,-0.00046099865295674836,0.9999997664373381,0.0004731997032649815,0.0010280865244567394,0.00015294166223611683,42.94625174309335,-0.0023521795433214545,-0.0015986113833906562,-0.0001251104506036911,42.94625174309335,-0.0023521795433214545,-0.0015986113833906562,-0.0001251104506036911,-0.025256454944610596,-0.007238949183374643,-0.030776962637901306,0.0,0.0,0.0,0.9945963436657983,-0.10381860240347862,-0.0002043618170042196,0.10381869434331459,0.9945962256261034,0.0005074222270747501,0.00015057766271820393,-0.000525896792411865,0.99999985037947,0.0,0.0,0.0
10,1774887354253618786,0.100038699,100,9.881232,0.5150669999238744,42.95080535866764,0.6927549251398006,-0.6927549251398006,-0.019740670919418335,-0.007891720160841942,-0.03801259398460388,-0.003766624489799142,-0.005544512998312712,-0.015303699299693108,0.9946103075542716,-0.10368308198967524,-0.0005630164766478336,0.10368331530638808,0.9946103612290322,0.0004022867112994594,0.000518271686613842,-0.0004584938493802492,0.9999997605889134,0.00039275430026464164,0.0001227772590937093,0.00033660136978141963,-0.019740670919418335,-0.007891720160841942,-0.03801259398460388,-0.003766624489799142,-0.005544512998312712,-0.015303699299693108,0.9946103075542716,-0.10368308198967524,-0.0005630164766478336,0.10368331530638808,0.9946103612290322,0.0004022867112994594,0.000518271686613842,-0.0004584938493802492,0.9999997605889134,0.00039275430026464164,0.0001227772590937093,0.00033660136978141963,42.95080535866764,-0.0023069579267391413,-0.001498946704956429,-0.00015948952077897855,42.95080535866764,-0.0023069579267391413,-0.001498946704956429,-0.00015948952077897855,-0.025256454944610596,-0.007238949183374643,-0.030776962637901306,0.0,0.0,0.0,0.9945963436657983,-0.10381860240347862,-0.0002043618170042196,0.10381869434331459,0.9945962256261034,0.0005074222270747501,0.00015057766271820393,-0.000525896792411865,0.99999985037947,0.0,0.0,0.0
11,1774887354263707823,0.110127736,110,10.089037,0.37223300023470074,42.9573655087487,0.6928607340120758,-0.6928607340120758,-0.019228845834732056,-0.007937358692288399,-0.03828100860118866,-0.0030840844847261906,-0.00551490718498826,-0.015285300090909004,0.9946112002112678,-0.10367369900986922,-0.0005921801088489137,0.103673930628299,0.9946112817601424,0.00037474377912294354,0.0005501379412562457,-0.0004341179873006834,0.9999997544448821,-0.00038431500433944166,0.0004562392714433372,-0.0006541984621435404,-0.019228845834732056,-0.007937358692288399,-0.03828100860118866,-0.0030840844847261906,-0.00551490718498826,-0.015285300090909004,0.9946112002112678,-0.10367369900986922,-0.0005921801088489137,0.103673930628299,0.9946112817601424,0.00037474377912294354,0.0005501379412562457,-0.0004341179873006834,0.9999997544448821,-0.00038431500433944166,0.0004562392714433372,-0.0006541984621435404,42.9573655087487,-0.0020224246120699343,-0.001856648808349255,-1.838852908819725e-05,42.9573655087487,-0.0020224246120699343,-0.001856648808349255,-1.838852908819725e-05,-0.025256454944610596,-0.007238949183374643,-0.030776962637901306,0.0,0.0,0.0,0.9945963436657983,-0.10381860240347862,-0.0002043618170042196,0.10381869434331459,0.9945962256261034,0.0005074222270747501,0.00015057766271820393,-0.000525896792411865,0.99999985037947,0.0,0.0,0.0
12,1774887354273669571,0.120089484,120,9.961748,0.525018999724125,42.96096016243047,0.6929187122972656,-0.6929187122972656,-0.018976904451847076,-0.007959553971886635,-0.03841450810432434,-0.0027814419008791447,-0.005510571878403425,-0.015286286361515522,0.9946105490958669,-0.10367954655368461,-0.0006115431304485591,0.10367977946900808,0.9946106468585473,0.0003622378124927741,0.0005706906595552303,-0.0004236902220901371,0.9999997473993477,-0.00023819299531169236,0.0006355331279337406,-0.0014470809837803245,-0.018976904451847076,-0.007959553971886635,-0.03841450810432434,-0.0027814419008791447,-0.005510571878403425,-0.015286286361515522,0.9946105490958669,-0.10367954655368461,-0.0006115431304485591,0.10367977946900808,0.9946106468585473,0.0003622378124927741,0.0005706906595552303,-0.0004236902220901371,0.9999997473993477,-0.00023819299531169236,0.0006355331279337406,-0.0014470809837803245,42.96096016243047,-0.002019896333956577,-0.002042521374206819,0.00010525936089680483,42.96096016243047,-0.002019896333956577,-0.002042521374206819,0.00010525936089680483,-0.025256454944610596,-0.007238949183374643,-0.030776962637901306,0.0,0.0,0.0,0.9945963436657983,-0.10381860240347862,-0.0002043618170042196,0.10381869434331459,0.9945962256261034,0.0005074222270747501,0.00015057766271820393,-0.000525896792411865,0.99999985037947,0.0,0.0,0.0
13,1774887354283610955,0.130030868,130,9.941384,0.41770400002860697,42.96504859725611,0.6929846547944534,-0.6929846547944534,-0.01872766949236393,-0.007981552742421627,-0.03854803740978241,-0.002484086435288191,-0.005525374319404364,-0.015324665233492851,0.9946106746994675,-0.10367866383128543,-0.0006252836526700282,0.1036788949170524,0.9946107858793792,0.00034914296498824923,0.000585715183667037,-0.0004120900143403713,0.9999997435597449,-0.0007459030020982027,0.00015676376642659307,-0.0004803051124326885,-0.01872766949236393,-0.007981552742421627,-0.03854803740978241,-0.002484086435288191,-0.005525374319404364,-0.015324665233492851,0.9946106746994675,-0.10367866383128543,-0.0006252836526700282,0.1036788949170524,0.9946107858793792,0.00034914296498824923,0.000585715183667037,-0.0004120900143403713,0.9999997435597449,-0.0007459030020982027,0.00015676376642659307,-0.0004803051124326885,42.96504859725611,-0.0018563116320966882,-0.0020487921219579583,-4.046205392295787e-05,42.96504859725611,-0.0018563116320966882,-0.0020487921219579583,-4.046205392295787e-05,-0.025256454944610596,-0.007238949183374643,-0.030776962637901306,0.0,0.0,0.0,0.9945963436657983,-0.10381860240347862,-0.0002043618170042196,0.10381869434331459,0.9945962256261034,0.0005074222270747501,0.00015057766271820393,-0.000525896792411865,0.99999985037947,0.0,0.0,0.0
14,1774887354293697248,0.140117161,140,10.086293,0.4312490000302205,42.96726042550967,0.6930203294437044,-0.6930203294437044,-0.01846911571919918,-0.008020725101232529,-0.03862924873828888,-0.002214679727330804,-0.005482247564941645,-0.015314092859625816,0.9946111558586253,-0.10367423706769996,-0.0006393466898474802,0.10367447650729456,0.9946112736075847,0.0003533947508525502,0.0005992634823075473,-0.0004177742434876737,0.9999997331739575,0.0019278317922726274,0.00031175726326182485,-9.313564805779606e-05,-0.01846911571919918,-0.008020725101232529,-0.03862924873828888,-0.002214679727330804,-0.005482247564941645,-0.015314092859625816,0.9946111558586253,-0.10367423706769996,-0.0006393466898474802,0.10367447650729456,0.9946112736075847,0.0003533947508525502,0.0005992634823075473,-0.0004177742434876737,0.9999997331739575,0.0019278317922726274,0.00031175726326182485,-9.313564805779606e-05,42.96726042550967,-0.0025225278809306,-0.002208853261699327,-0.00010208498685865719,42.96726042550967,-0.0025225278809306,-0.002208853261699327,-0.00010208498685865719,-0.025256454944610596,-0.007238949183374643,-0.030776962637901306,0.0,0.0,0.0,0.9945963436657983,-0.10381860240347862,-0.0002043618170042196,0.10381869434331459,0.9945962256261034,0.0005074222270747501,0.00015057766271820393,-0.000525896792411865,0.99999985037947,0.0,0.0,0.0
15,1774887354303614437,0.15003435,150,9.917189,0.2688859999580018,42.968870685250955,0.6930463013750154,-0.6930463013750154,-0.018213756382465363,-0.008058927021920681,-0.03871123492717743,-0.001965824281796813,-0.00548144057393074,-0.015256104059517384,0.9946120540216842,-0.10366485377297918,-0.000662235454298863,0.1036650986196832,0.994612188549996,0.00034667673358455137,0.0006227292643347856,-0.00041345957224417015,0.999999720629681,0.0003195299650542438,0.0016849474050104618,0.0004986479179933667,-0.018213756382465363,-0.008058927021920681,-0.03871123492717743,-0.001965824281796813,-0.00548144057393074,-0.015256104059517384,0.9946120540216842,-0.10366485377297918,-0.000662235454298863,0.1036650986196832,0.994612188549996,0.00034667673358455137,0.0006227292643347856,-0.00041345957224417015,0.999999720629681,0.0003195299650542438,0.0016849474050104618,0.0004986479179933667,42.968870685250955,-0.002099633538926939,-0.0026919178284671814,-0.00019838575514194076,42.968870685250955,-0.002099633538926939,-0.0026919178284671814,-0.00019838575514194076,-0.025256454944610596,-0.007238949183374643,-0.030776962637901306,0.0,0.0,0.0,0.9945963436657983,-0.10381860240347862,-0.0002043618170042196,0.10381869434331459,0.9945962256261034,0.0005074222270747501,0.00015057766271820393,-0.000525896792411865,0.99999985037947,0.0,0.0,0.0
16,1774887354313726549,0.160146462,160,10.112112,0.5522810001821199,42.97086310681766,0.6930784372067365,-0.6930784372067365,-0.017961181700229645,-0.00809671264141798,-0.03879368305206299,-0.001668229466304183,-0.005529568064957857,-0.015225698240101337,0.994612899252454,-0.1036565335302504,-0.0006866830217204314,0.10365678532039801,0.9946130513450891,0.00034174185735585255,0.0006475601237007148,-0.0004110802301021607,0.9999997058394178,8.341012289747596e-07,0.001021796721033752,-5.837361641169991e-06,-0.017961181700229645,-0.00809671264141798,-0.03879368305206299,-0.001668229466304183,-0.005529568064957857,-0.015225698240101337,0.994612899252454,-0.1036565335302504,-0.0006866830217204314,0.10365678532039801,0.9946130513450891,0.00034174185735585255,0.0006475601237007148,-0.0004110802301021607,0.9999997058394178,8.341012289747596e-07,0.001021796721033752,-5.837361641169991e-06,42.97086310681766,-0.0020124744214546617,-0.002680216794052995,-0.00012939606068493428,42.97086310681766,-0.0020124744214546617,-0.002680216794052995,-0.00012939606068493428,-0.025256454944610596,-0.007238949183374643,-0.030776962637901306,0.0,0.0,0.0,0.9945963436657983,-0.10381860240347862,-0.0002043618170042196,0.10381869434331459,0.9945962256261034,0.0005074222270747501,0.00015057766271820393,-0.000525896792411865,0.99999985037947,0.0,0.0,0.0
17,1774887354323619729,0.170039642,170,9.89318,0.334593999923527,42.97249986725623,0.6931048365686489,-0.6931048365686489,-0.01745106279850006,-0.008185412734746933,-0.03892269730567932,-0.0010683719301596284,-0.005580360535532236,-0.015082858502864838,0.9946148588272671,-0.10363812154948504,-0.0007133782374497532,0.10363837059605285,0.9946150367881849,0.0003213749404917133,0.0006762300128255513,-0.0003935776058122762,0.9999996939047842,-0.0003701923997141421,1.7227852367796004e-05,0.0005725894006900489,-0.01745106279850006,-0.008185412734746933,-0.03892269730567932,-0.0010683719301596284,-0.005580360535532236,-0.015082858502864838,0.9946148588272671,-0.10363812154948504,-0.0007133782374497532,0.10363837059605285,0.9946150367881849,0.0003213749404917133,0.0006762300128255513,-0.0003935776058122762,0.9999996939047842,-0.0003701923997141421,1.7227852367796004e-05,0.0005725894006900489,42.97249986725623,-0.0018708333162719753,-0.0026825549844005816,-0.00023095891404719418,42.97249986725623,-0.0018708333162719753,-0.0026825549844005816,-0.00023095891404719418,-0.025256454944610596,-0.007238949183374643,-0.030776962637901306,0.0,0.0,0.0,0.9945963436657983,-0.10381860240347862,-0.0002043618170042196,0.10381869434331459,0.9945962256261034,0.0005074222270747501,0.00015057766271820393,-0.000525896792411865,0.99999985037947,0.0,0.0,0.0
18,1774887354333638257,0.18005817,180,10.018528,0.3739320000022417,42.973811851438064,0.6931259976038397,-0.6931259976038397,-0.017193350940942764,-0.0082356296479702,-0.03897002339363098,-0.0007396696601063013,-0.00555997621268034,-0.015064172446727753,0.9946149129300845,-0.10363688564223938,-0.0007315206235786742,0.10363713861165702,0.9946151051543286,0.0003167178376449406,0.0006947578177519884,-0.0003908250069735997,0.9999996822836387,0.00041357544250786304,0.0007841696497052908,-0.0009661386138759553,-0.017193350940942764,-0.0082356296479702,-0.03897002339363098,-0.0007396696601063013,-0.00555997621268034,-0.015064172446727753,0.9946149129300845,-0.10363688564223938,-0.0007315206235786742,0.10363713861165702,0.9946151051543286,0.0003167178376449406,0.0006947578177519884,-0.0003908250069735997,0.9999996822836387,0.00041357544250786304,0.0007841696497052908,-0.0009661386138759553,42.973811851438064,-0.0020470819714901397,-0.003018229902400653,-1.1270862620912357e-06,42.973811851438064,-0.0020470819714901397,-0.003018229902400653,-1.1270862620912357e-06,-0.025256454944610596,-0.007238949183374643,-0.030776962637901306,0.0,0.0,0.0,0.9945963436657983,-0.10381860240347862,-0.0002043618170042196,0.10381869434331459,0.9945962256261034,0.0005074222270747501,0.00015057766271820393,-0.000525896792411865,0.99999985037947,0.0,0.0,0.0
19,1774887354343724189,0.190144102,190,10.085932,0.4955660001542128,42.9745545572207,0.6931379767293662,-0.6931379767293662,-0.01693812757730484,-0.008284775540232658,-0.03901854157447815,-0.0004514975007623434,-0.005554031580686569,-0.014999124221503735,0.9946155146995618,-0.10363175352596232,-0.0007436635689669329,0.10363200442253251,0.9946157191718034,0.0003070687130442649,0.0007078373853211511,-0.0003824825934353269,0.9999996763366154,-0.00035836524330079556,-0.00012838395196013153,0.00012344981951173395,-0.01693812757730484,-0.008284775540232658,-0.03901854157447815,-0.0004514975007623434,-0.005554031580686569,-0.014999124221503735,0.9946155146995618,-0.10363175352596232,-0.0007436635689669329,0.10363200442253251,0.9946157191718034,0.0003070687130442649,0.0007078373853211511,-0.0003824825934353269,0.9999996763366154,-0.00035836524330079556,-0.00012838395196013153,0.00012344981951173395,42.9745545572207,-0.0018255066098503314,-0.0029109030354008813,-0.00016869329565781735,42.9745545572207,-0.0018255066098503314,-0.0029109030354008813,-0.00016869329565781735,-0.025256454944610596,-0.007238949183374643,-0.030776962637901306,0.0,0.0,0.0,0.9945963436657983,-0.10381860240347862,-0.0002043618170042196,0.10381869434331459,0.9945962256261034,0.0005074222270747501,0.00015057766271820393,-0.000525896792411865,0.99999985037947,0.0,0.0,0.0
20,1774887354353619553,0.200039466,200,9.895364,0.44797700002163765,42.9734076554044,0.6931194783129742,-0.6931194783129742,-0.016685569658875465,-0.008332821540534496,-0.039031073451042175,-0.00016927628894336522,-0.00551745668053627,-0.014855492860078812,0.9946166707669505,-0.10362077719955076,-0.0007551976281604741,0.10362102492486125,0.994616887461072,0.00029652864028280844,0.0007204057559135144,-0.00037318660068905857,0.9999996708736233,-0.00019476233865134418,-7.755565457046032e-05,0.0007566857384517789,-0.016685569658875465,-0.008332821540534496,-0.039031073451042175,-0.00016927628894336522,-0.00551745668053627,-0.014855492860078812,0.9946166707669505,-0.10362077719955076,-0.0007551976281604741,0.10362102492486125,0.994616887461072,0.00029652864028280844,0.0007204057559135144,-0.00037318660068905857,0.9999996708736233,-0.00019476233865134418,-7.755565457046032e-05,0.0007566857384517789,42.9734076554044,-0.0018295483488416106,-0.003040734628745142,-0.00027250294154516805,42.9734076554044,-0.0018295483488416106,-0.003040734628745142,-0.00027250294154516805,-0.025256454944610596,-0.007238949183374643,-0.030776962637901306,0.0,0.0,0.0,0.9945963436657983,-0.10381860240347862,-0.0002043618170042196,0.10381869434331459,0.9945962256261034,0.0005074222270747501,0.00015057766271820393,-0.000525896792411865,0.99999985037947,0.0,0.0,0.0
21,1774887354363659497,0.21007941,210,10.039944,0.47911199999362,42.970993452930394,0.6930805395633934,-0.6930805395633934,-0.01614503562450409,-0.008460375480353832,-0.03899580240249634,0.0004251632490195334,-0.0055387262254953384,-0.014701985754072666,0.9946188953144168,-0.10359882371376306,-0.0007787746517300791,0.10359907041257888,0.994619134157205,0.0002833007965419333,0.0007452345259451702,-0.00036245661924963826,0.9999996566253021,0.00046732055488973856,0.0003309821186121553,6.250431761145592e-05,-0.01614503562450409,-0.008460375480353832,-0.03899580240249634,0.0004251632490195334,-0.0055387262254953384,-0.014701985754072666,0.9946188953144168,-0.10359882371376306,-0.0007787746517300791,0.10359907041257888,0.994619134157205,0.0002833007965419333,0.0007452345259451702,-0.00036245661924963826,0.9999996566253021,0.00046732055488973856,0.0003309821186121553,6.250431761145592e-05,42.970993452930394,-0.00196280439538703,-0.003391295116480567,-0.00018601377504041293,42.970993452930394,-0.00196280439538703,-0.003391295116480567,-0.00018601377504041293,-0.025256454944610596,-0.007238949183374643,-0.030776962637901306,0.0,0.0,0.0,0.9945963436657983,-0.10381860240347862,-0.0002043618170042196,0.10381869434331459,0.9945962256261034,0.0005074222270747501,0.00015057766271820393,-0.000525896792411865,0.99999985037947,0.0,0.0,0.0
22,1774887354373767555,0.220187468,220,10.108058,0.4980720000276051,42.97002770488801,0.6930649629820647,-0.6930649629820647,-0.015878863632678986,-0.008522344753146172,-0.03898155689239502,0.0007387807127088308,-0.0055606612004339695,-0.014620921574532986,0.9946198119043284,-0.10358908756201557,-0.0007955045306285002,0.10358933700104367,0.9946200649409609,0.00027892380935438596,0.0007623313264410632,-0.00035982898493845845,0.9999996446869462,4.8842732212506235e-05,0.000452533015049994,0.0008447473519481719,-0.015878863632678986,-0.008522344753146172,-0.03898155689239502,0.0007387807127088308,-0.0055606612004339695,-0.014620921574532986,0.9946198119043284,-0.10358908756201557,-0.0007955045306285002,0.10358933700104367,0.9946200649409609,0.00027892380935438596,0.0007623313264410632,-0.00035982898493845845,0.9999996446869462,4.8842732212506235e-05,0.000452533015049994,0.0008447473519481719,42.97002770488801,-0.0018493749558316152,-0.003561238798736785,-0.00031116562573211014,42.97002770488801,-0.0018493749558316152,-0.003561238798736785,-0.00031116562573211014,-0.025256454944610596,-0.007238949183374643,-0.030776962637901306,0.0,0.0,0.0,0.9945963436657983,-0.10381860240347862,-0.0002043618170042196,0.10381869434331459,0.9945962256261034,0.0005074222270747501,0.00015057766271820393,-0.000525896792411865,0.99999985037947,0.0,0.0,0.0
23,1774887354383650865,0.230070778,230,9.88331,0.32295199980580946,42.96912586585588,0.6930504171912238,-0.6930504171912238,-0.015615037642419338,-0.00858316384255886,-0.038969531655311584,0.0010619128588587046,-0.00555408513173461,-0.014541473239660263,0.9946201235424841,-0.10358802937943001,-0.0008100668228261075,0.10358828027427314,0.994620389538829,0.00027404043174442116,0.0007773215961980606,-0.00035647938475927635,0.9999996343467793,0.0004889937699772418,-5.0672824727371335e-05,-0.000845728034619242,-0.015615037642419338,-0.00858316384255886,-0.038969531655311584,0.0010619128588587046,-0.00555408513173461,-0.014541473239660263,0.9946201235424841,-0.10358802937943001,-0.0008100668228261075,0.10358828027427314,0.994620389538829,0.00027404043174442116,0.0007773215961980606,-0.00035647938475927635,0.9999996343467793,0.0004889937699772418,-5.0672824727371335e-05,-0.000845728034619242,42.96912586585588,-0.0019433339546987723,-0.0035705566284068204,-5.8454353855980616e-05,42.96912586585588,-0.0019433339546987723,-0.0035705566284068204,-5.8454353855980616e-05,-0.025256454944610596,-0.007238949183374643,-0.030776962637901306,0.0,0.0,0.0,0.9945963436657983,-0.10381860240347862,-0.0002043618170042196,0.10381869434331459,0.9945962256261034,0.0005074222270747501,0.00015057766271820393,-0.000525896792411865,0.99999985037947,0.0,0.0,0.0
24,1774887354393777112,0.240197025,240,10.126247,0.3579310000532132,42.96823678897579,0.6930360772415449,-0.6930360772415449,-0.01535393949598074,-0.008642942644655704,-0.038959503173828125,0.0013054911978542805,-0.005569050088524818,-0.014458538964390755,0.9946208396641453,-0.10358059569296607,-0.0008190942939743442,0.10358084188880445,0.994621116267075,0.00026397552169758406,0.0007873456857640133,-0.0003473979124658591,0.9999996297007,-0.0007362815085798502,0.0001987110445043072,0.00031364677124656737,-0.01535393949598074,-0.008642942644655704,-0.038959503173828125,0.0013054911978542805,-0.005569050088524818,-0.014458538964390755,0.9946208396641453,-0.10358059569296607,-0.0008190942939743442,0.10358084188880445,0.994621116267075,0.00026397552169758406,0.0007873456857640133,-0.0003473979124658591,0.9999996297007,-0.0007362815085798502,0.0001987110445043072,0.00031364677124656737,42.96823678897579,-0.0016138633645274387,-0.0037383322831549674,-0.00023833216354256136,42.96823678897579,-0.0016138633645274387,-0.0037383322831549674,-0.00023833216354256136,-0.025256454944610596,-0.007238949183374643,-0.030776962637901306,0.0,0.0,0.0,0.9945963436657983,-0.10381860240347862,-0.0002043618170042196,0.10381869434331459,0.9945962256261034,0.0005074222270747501,0.00015057766271820393,-0.000525896792411865,0.99999985037947,0.0,0.0,0.0
25,1774887354403682312,0.250102225,250,9.9052,0.2887850000661274,42.96282963880692,0.6929488651420471,-0.6929488651420471,-0.014791821129620075,-0.008778242394328117,-0.038854777812957764,0.0019648305606096983,-0.005526524968445301,-0.01420358195900917,0.9946206214227054,-0.10358291073163062,-0.0008518663905162961,0.10358315465186752,0.9946209300855238,0.0002472640690487672,0.000821671724908029,-0.000334172775103659,0.9999996065920471,-0.0014183991588652134,0.0009237934136763215,-0.001359848421998322,-0.014791821129620075,-0.008778242394328117,-0.038854777812957764,0.0019648305606096983,-0.005526524968445301,-0.01420358195900917,0.9946206214227054,-0.10358291073163062,-0.0008518663905162961,0.10358315465186752,0.9946209300855238,0.0002472640690487672,0.000821671724908029,-0.000334172775103659,0.9999996065920471,-0.0014183991588652134,0.0009237934136763215,-0.001359848421998322,42.96282963880692,-0.001389031861985838,-0.004205823976703168,1.4559954970392346e-05,42.96282963880692,-0.001389031861985838,-0.004205823976703168,1.4559954970392346e-05,-0.025256454944610596,-0.007238949183374643,-0.030776962637901306,0.0,0.0,0.0,0.9945963436657983,-0.10381860240347862,-0.0002043618170042196,0.10381869434331459,0.9945962256261034,0.0005074222270747501,0.00015057766271820393,-0.000525896792411865,0.99999985037947,0.0,0.0,0.0
26,1774887354413733415,0.260153328,260,10.051103,0.3701659998114337,42.96024356093078,0.692907154208561,-0.692907154208561,-0.014514648355543613,-0.008843940682709217,-0.03880377113819122,0.002287478419020772,-0.005526014603674412,-0.014066316187381744,0.9946200974866108,-0.10358805218101574,-0.0008581781052545805,0.10358828751464744,0.9946204155947023,0.00023435160210935613,0.0008292853408538858,-0.00032198782150015884,0.9999996043048193,-0.00013070530258119106,-0.0008084885776042938,-0.001074420870281756,-0.014514648355543613,-0.008843940682709217,-0.03880377113819122,0.002287478419020772,-0.005526014603674412,-0.014066316187381744,0.9946200974866108,-0.10358805218101574,-0.0008581781052545805,0.10358828751464744,0.9946204155947023,0.00023435160210935613,0.0008292853408538858,-0.00032198782150015884,0.9999996043048193,-0.00013070530258119106,-0.0008084885776042938,-0.001074420870281756,42.96024356093078,-0.0016763865827019919,-0.003889042209048759,-2.4113894553379808e-05,42.96024356093078,-0.0016763865827019919,-0.003889042209048759,-2.4113894553379808e-05,-0.025256454944610596,-0.007238949183374643,-0.030776962637901306,0.0,0.0,0.0,0.9945963436657983,-0.10381860240347862,-0.0002043618170042196,0.10381869434331459,0.9945962256261034,0.0005074222270747501,0.00015057766271820393,-0.000525896792411865,0.99999985037947,0.0,0.0,0.0
27,1774887354423633112,0.270053025,270,9.899697,0.35520499977792497,42.957946114903834,0.6928700986274812,-0.6928700986274812,-0.014239841140806675,-0.00890846736729145,-0.038755178451538086,0.0026306493673473597,-0.005548481363803148,-0.013947497121989727,0.9946195716558329,-0.10359142304663771,-0.000866974570470528,0.10359165156614858,0.9946199007467548,0.00022284273572405547,0.0008392255576114595,-0.0003114550596141803,0.9999995993480293,-0.0009621256031095982,-6.128218956291676e-05,-0.001145017216913402,-0.014239841140806675,-0.00890846736729145,-0.038755178451538086,0.0026306493673473597,-0.005548481363803148,-0.013947497121989727,0.9946195716558329,-0.10359142304663771,-0.000866974570470528,0.10359165156614858,0.9946199007467548,0.00022284273572405547,0.0008392255576114595,-0.0003114550596141803,0.9999995993480293,-0.0009621256031095982,-6.128218956291676e-05,-0.001145017216913402,42.957946114903834,-0.001441689903655389,-0.004202789571421348,-1.0795857820477665e-05,42.957946114903834,-0.001441689903655389,-0.004202789571421348,-1.0795857820477665e-05,-0.025256454944610596,-0.007238949183374643,-0.030776962637901306,0.0,0.0,0.0,0.9945963436657983,-0.10381860240347862,-0.0002043618170042196,0.10381869434331459,0.9945962256261034,0.0005074222270747501,0.00015057766271820393,-0.000525896792411865,0.99999985037947,0.0,0.0,0.0
28,1774887354433649347,0.28006926,280,10.016235,0.5077189998701215,42.95404028470897,0.6928071013662737,-0.6928071013662737,-0.01394024956971407,-0.008992359973490238,-0.038668155670166016,0.0029344838112592697,-0.005600521340966225,-0.013775580562651157,0.9946199570764358,-0.10358894580944566,-0.0008724386507618434,0.1035891741398347,0.9946202914645303,0.00022060358658170486,0.0008448930101450178,-0.0003097917738803732,0.9999995950924003,0.0002350480353925377,-0.0008960451814346015,-7.324337639147416e-05,-0.01394024956971407,-0.008992359973490238,-0.038668155670166016,0.0029344838112592697,-0.005600521340966225,-0.013775580562651157,0.9946199570764358,-0.10358894580944566,-0.0008724386507618434,0.1035891741398347,0.9946202914645303,0.00022060358658170486,0.0008448930101450178,-0.0003097917738803732,0.9999995950924003,0.0002350480353925377,-0.0008960451814346015,-7.324337639147416e-05,42.95404028470897,-0.0017461925888097533,-0.004108771033978163,-0.00017355685926728884,42.95404028470897,-0.0017461925888097533,-0.004108771033978163,-0.00017355685926728884,-0.025256454944610596,-0.007238949183374643,-0.030776962637901306,0.0,0.0,0.0,0.9945963436657983,-0.10381860240347862,-0.0002043618170042196,0.10381869434331459,0.9945962256261034,0.0005074222270747501,0.00015057766271820393,-0.000525896792411865,0.99999985037947,0.0,0.0,0.0
