step,timestamp_ns,experiment_time_s,reference_index,tick_dt_ms,solver_ms,px4_collective_command_newton,px4_collective_normalized,px4_thrust_body_z,state_raw_0,state_raw_1,state_raw_2,state_raw_3,state_raw_4,state_raw_5,state_raw_6,state_raw_7,state_raw_8,state_raw_9,state_raw_10,state_raw_11,state_raw_12,state_raw_13,state_raw_14,state_raw_15,state_raw_16,state_raw_17,state_used_0,state_used_1,state_used_2,state_used_3,state_used_4,state_used_5,state_used_6,state_used_7,state_used_8,state_used_9,state_used_10,state_used_11,state_used_12,state_used_13,state_used_14,state_used_15,state_used_16,state_used_17,control_raw_0,control_raw_1,control_raw_2,control_raw_3,control_used_0,control_used_1,control_used_2,control_used_3,reference_0,reference_1,reference_2,reference_3,reference_4,reference_5,reference_6,reference_7,reference_8,reference_9,reference_10,reference_11,reference_12,reference_13,reference_14,reference_15,reference_16,reference_17
0,1774967035370441011,0.0,0,0.0,34.962900001119124,0.008258983651646973,0.00013320941373624152,-0.00013320941373624152,-0.023329952731728554,0.041181109845638275,0.02451258897781372,-0.021275242790579796,-0.006036859005689621,0.014683336019515991,0.9947337247799719,-0.10248730437489173,0.0011608016159793677,0.10248783232470937,0.9947342653609088,-0.00040469176024422737,-0.0011132133178194392,0.0005215284474497234,0.9999992443818694,-0.0002498318790458143,0.0011272156843915582,0.0005838091019541025,-0.023329952731728554,0.041181109845638275,0.02451258897781372,-0.021275242790579796,-0.006036859005689621,0.014683336019515991,0.9947337247799719,-0.10248730437489173,0.0011608016159793677,0.10248783232470937,0.9947342653609088,-0.00040469176024422737,-0.0011132133178194392,0.0005215284474497234,0.9999992443818694,-0.0002498318790458143,0.0011272156843915582,0.0005838091019541025,0.008258983651646973,-0.03555962782598241,0.01154632650343033,-0.003730677011807842,0.008258983651646973,-0.03555962782598241,0.01154632650343033,-0.003730677011807842,-0.01604793220758438,0.03948888182640076,0.01569788157939911,0.0,0.0,0.0,0.9947173069374472,-0.10264797671376447,0.0009314319220681978,0.10264839624644306,0.9947176134711085,-0.00041425609999583106,-0.0008839891891023136,0.0005076777081787689,0.9999994804130931,0.0,0.0,0.0
1,1774967035406497434,0.036056423,36,36.056423,16.709053999875323,0.008258983651646973,0.00013320941373624152,-0.00013320941373624152,-0.023329952731728554,0.041181109845638275,0.02451258897781372,-0.021275242790579796,-0.006036859005689621,0.014683336019515991,0.9947337247799719,-0.10248730437489173,0.0011608016159793677,0.10248783232470937,0.9947342653609088,-0.00040469176024422737,-0.0011132133178194392,0.0005215284474497234,0.9999992443818694,-0.0002498318790458143,0.0011272156843915582,0.0005838091019541025,-0.023329952731728554,0.041181109845638275,0.02451258897781372,-0.021275242790579796,-0.006036859005689621,0.014683336019515991,0.9947337247799719,-0.10248730437489173,0.0011608016159793677,0.10248783232470937,0.9947342653609088,-0.00040469176024422737,-0.0011132133178194392,0.0005215284474497234,0.9999992443818694,-0.0002498318790458143,0.0011272156843915582,0.0005838091019541025,0.008258983651646973,-0.03555962782598241,0.01154632650343033,-0.003730677011807842,0.008258983651646973,-0.03555962782598241,0.01154632650343033,-0.003730677011807842,-0.01604793220758438,0.03948888182640076,0.01569788157939911,0.0,0.0,0.0,0.9947173069374472,-0.10264797671376447,0.0009314319220681978,0.10264839624644306,0.9947176134711085,-0.00041425609999583106,-0.0008839891891023136,0.0005076777081787689,0.9999994804130931,0.0,0.0,0.0
2,1774967035424365494,0.053924483,53,17.86806,14.237028999559698,0.008138427799876623,0.0001312649645141391,-0.0001312649645141391,-0.023470530286431313,0.04127230867743492,0.024726226925849915,-0.021318094804883003,-0.005873710848391056,0.014762558974325657,0.994732912323331,-0.10249491471347483,0.0011574678654315933,0.10249544183021575,0.9947334487712118,-0.00040550345515152214,-0.0011098099231149974,0.0005220027262400791,0.9999992479173003,0.00014798033225815743,0.000378222088329494,-0.0004535461193881929,-0.023470530286431313,0.04127230867743492,0.024726226925849915,-0.021318094804883003,-0.005873710848391056,0.014762558974325657,0.994732912323331,-0.10249491471347483,0.0011574678654315933,0.10249544183021575,0.9947334487712118,-0.00040550345515152214,-0.0011098099231149974,0.0005220027262400791,0.9999992479173003,0.00014798033225815743,0.000378222088329494,-0.0004535461193881929,0.008138427799876623,-0.03569957869643166,0.011830700074320678,-0.003528072224663051,0.008138427799876623,-0.03569957869643166,0.011830700074320678,-0.003528072224663051,-0.01604793220758438,0.03948888182640076,0.01569788157939911,0.0,0.0,0.0,0.9947173069374472,-0.10264797671376447,0.0009314319220681978,0.10264839624644306,0.9947176134711085,-0.00041425609999583106,-0.0008839891891023136,0.0005076777081787689,0.9999994804130931,0.0,0.0,0.0
3,1774967035440065466,0.069624455,69,15.699972,12.279348000447499,0.00814799958753843,0.00013141934818610372,-0.00013141934818610372,-0.023612195625901222,0.041360825300216675,0.024937495589256287,-0.021388676017522812,-0.0057206484489142895,0.014807119034230709,0.9947338099468785,-0.10248570556868275,0.0011511438057913714,0.10248623674097468,0.9947343359008736,-0.00041217462882353617,-0.0011028402622703382,0.0005279804373015673,0.9999992524897267,-0.0004253848746884614,0.00047376356087625027,0.0014171289512887597,-0.023612195625901222,0.041360825300216675,0.024937495589256287,-0.021388676017522812,-0.0057206484489142895,0.014807119034230709,0.9947338099468785,-0.10248570556868275,0.0011511438057913714,0.10248623674097468,0.9947343359008736,-0.00041217462882353617,-0.0011028402622703382,0.0005279804373015673,0.9999992524897267,-0.0004253848746884614,0.00047376356087625027,0.0014171289512887597,0.00814799958753843,-0.03546359906359801,0.011771357812547442,-0.00372430731918064,0.00814799958753843,-0.03546359906359801,0.011771357812547442,-0.00372430731918064,-0.01604793220758438,0.03948888182640076,0.01569788157939911,0.0,0.0,0.0,0.9947173069374472,-0.10264797671376447,0.0009314319220681978,0.10264839624644306,0.9947176134711085,-0.00041425609999583106,-0.0008839891891023136,0.0005076777081787689,0.9999994804130931,0.0,0.0,0.0
4,1774967035453660219,0.083219208,83,13.594753,14.315334999992047,0.008090771424748887,0.0001304963133024014,-0.0001304963133024014,-0.023898597806692123,0.04152948036789894,0.025353074073791504,-0.021448461338877678,-0.005510037299245596,0.014941646717488766,0.9947337231282214,-0.10248764686363554,0.0011389783907934953,0.1024881784690288,0.9947342324108197,-0.0004184545430696799,-0.0010900943144746874,0.0005329825183438535,0.9999992638118045,-0.00013650150503963232,0.00041306356433779,-0.0005744877271354198,-0.023898597806692123,0.04152948036789894,0.025353074073791504,-0.021448461338877678,-0.005510037299245596,0.014941646717488766,0.9947337231282214,-0.10248764686363554,0.0011389783907934953,0.1024881784690288,0.9947342324108197,-0.0004184545430696799,-0.0010900943144746874,0.0005329825183438535,0.9999992638118045,-0.00013650150503963232,0.00041306356433779,-0.0005744877271354198,0.008090771424748887,-0.035553109128235026,0.01182873902184946,-0.0035158514064909233,0.008090771424748887,-0.035553109128235026,0.01182873902184946,-0.0035158514064909233,-0.01604793220758438,0.03948888182640076,0.01569788157939911,0.0,0.0,0.0,0.9947173069374472,-0.10264797671376447,0.0009314319220681978,0.10264839624644306,0.9947176134711085,-0.00041425609999583106,-0.0008839891891023136,0.0005076777081787689,0.9999994804130931,0.0,0.0,0.0
5,1774967035469346837,0.098905826,98,15.686618,10.702404000767274,0.008032966615433096,0.00012956397766827573,-0.00012956397766827573,-0.02401025779545307,0.04162687063217163,0.025535523891448975,-0.021464437246322632,-0.005404047202318907,0.014992525801062584,0.9947328304412189,-0.10249508043059996,0.0011363047649621,0.10249561158227083,0.9947333363347646,-0.00041934382868181845,-0.0010873395696841277,0.0005336013734317368,0.9999992664808272,0.0006500639719888568,0.00010590651800157502,-0.0005159498541615903,-0.02401025779545307,0.04162687063217163,0.025535523891448975,-0.021464437246322632,-0.005404047202318907,0.014992525801062584,0.9947328304412189,-0.10249508043059996,0.0011363047649621,0.10249561158227083,0.9947333363347646,-0.00041934382868181845,-0.0010873395696841277,0.0005336013734317368,0.9999992664808272,0.0006500639719888568,0.00010590651800157502,-0.0005159498541615903,0.008032966615433096,-0.03587253580408003,0.011947405733048148,-0.003400035408552508,0.008032966615433096,-0.03587253580408003,0.011947405733048148,-0.003400035408552508,-0.01604793220758438,0.03948888182640076,0.01569788157939911,0.0,0.0,0.0,0.9947173069374472,-0.10264797671376447,0.0009314319220681978,0.10264839624644306,0.9947176134711085,-0.00041425609999583106,-0.0008839891891023136,0.0005076777081787689,0.9999994804130931,0.0,0.0,0.0
6,1774967035481420478,0.110979467,110,12.073641,15.101617000254919,0.008132130916693207,0.0001311634018821485,-0.0001311634018821485,-0.024123193696141243,0.04172100871801376,0.02571605145931244,-0.02150707133114338,-0.0053436048328876495,0.015006804838776588,0.9947324871510097,-0.10249861537111049,0.0011284319571184757,0.10249915230920092,0.9947329795414555,-0.0004285951060925431,-0.0010785580896267143,0.0005420008248273097,0.9999992714734982,-0.0005508667672984302,0.0009474461548961699,5.526415407075547e-06,-0.024123193696141243,0.04172100871801376,0.02571605145931244,-0.02150707133114338,-0.0053436048328876495,0.015006804838776588,0.9947324871510097,-0.10249861537111049,0.0011284319571184757,0.10249915230920092,0.9947329795414555,-0.0004285951060925431,-0.0010785580896267143,0.0005420008248273097,0.9999992714734982,-0.0005508667672984302,0.0009474461548961699,5.526415407075547e-06,0.008132130916693207,-0.03537762448808714,0.011635370153764838,-0.003630830058275275,0.008132130916693207,-0.03537762448808714,0.011635370153764838,-0.003630830058275275,-0.01604793220758438,0.03948888182640076,0.01569788157939911,0.0,0.0,0.0,0.9947173069374472,-0.10264797671376447,0.0009314319220681978,0.10264839624644306,0.9947176134711085,-0.00041425609999583106,-0.0008839891891023136,0.0005076777081787689,0.9999994804130931,0.0,0.0,0.0
7,1774967035497855775,0.127414764,127,16.435297,10.901634999754606,0.008023917418281672,0.00012941802287551083,-0.00012941802287551083,-0.024237699806690216,0.04181225225329399,0.025894448161125183,-0.021553361788392067,-0.005240531638264656,0.014989317394793034,0.9947325468514978,-0.10249931978884885,0.0011191151219463041,0.1024998548150775,0.9947330276461455,-0.00043152568794923435,-0.0010689896254395606,0.0005439616312126611,0.9999992806832697,0.0001073993043974042,0.00018029988859780133,0.0005036232760176063,-0.024237699806690216,0.04181225225329399,0.025894448161125183,-0.021553361788392067,-0.005240531638264656,0.014989317394793034,0.9947325468514978,-0.10249931978884885,0.0011191151219463041,0.1024998548150775,0.9947330276461455,-0.00043152568794923435,-0.0010689896254395606,0.0005439616312126611,0.9999992806832697,0.0001073993043974042,0.00018029988859780133,0.0005036232760176063,0.008023917418281672,-0.035646360056691986,0.011911257281249907,-0.003517783506435797,0.008023917418281672,-0.035646360056691986,0.011911257281249907,-0.003517783506435797,-0.01604793220758438,0.03948888182640076,0.01569788157939911,0.0,0.0,0.0,0.9947173069374472,-0.10264797671376447,0.0009314319220681978,0.10264839624644306,0.9947176134711085,-0.00041425609999583106,-0.0008839891891023136,0.0005076777081787689,0.9999994804130931,0.0,0.0,0.0
8,1774967035510031928,0.139590917,139,12.176153,12.54746700033138,0.007965507967776023,0.00012847593496412938,-0.00012847593496412938,-0.024451931938529015,0.04198911413550377,0.026209712028503418,-0.021471166983246803,-0.005038994364440441,0.01499029528349638,0.9947314992986815,-0.10250816657451,0.00111541002137981,0.10250870976442439,0.9947319708953717,-0.0004410804817552381,-0.0010643196788937461,0.0005530959485473153,0.9999992806539629,0.0009913271060213447,-2.799656431307085e-05,-0.0008224064949899912,-0.024451931938529015,0.04198911413550377,0.026209712028503418,-0.021471166983246803,-0.005038994364440441,0.01499029528349638,0.9947314992986815,-0.10250816657451,0.00111541002137981,0.10250870976442439,0.9947319708953717,-0.0004410804817552381,-0.0010643196788937461,0.0005530959485473153,0.9999992806539629,0.0009913271060213447,-2.799656431307085e-05,-0.0008224064949899912,0.007965507967776023,-0.03598958659799637,0.012007494484367076,-0.0032987033017431813,0.007965507967776023,-0.03598958659799637,0.012007494484367076,-0.0032987033017431813,-0.01604793220758438,0.03948888182640076,0.01569788157939911,0.0,0.0,0.0,0.9947173069374472,-0.10264797671376447,0.0009314319220681978,0.10264839624644306,0.9947176134711085,-0.00041425609999583106,-0.0008839891891023136,0.0005076777081787689,0.9999994804130931,0.0,0.0,0.0
9,1774967035523887640,0.153446629,153,13.855712,12.650234999455279,0.008090097581115636,0.0001304854448567038,-0.0001304854448567038,-0.024551376700401306,0.042074598371982574,0.026347339153289795,-0.021468624472618103,-0.004949962254613638,0.014944768510758877,0.994730728605151,-0.10251683588873006,0.0011039053077497168,0.10251737738729716,0.9947311855645866,-0.0004455085547792059,-0.0010524168688609836,0.0005563304189025592,0.9999992914573944,0.00016817088180687279,0.001043698750436306,-0.0007173863705247641,-0.024551376700401306,0.042074598371982574,0.026347339153289795,-0.021468624472618103,-0.004949962254613638,0.014944768510758877,0.994730728605151,-0.10251683588873006,0.0011039053077497168,0.10251737738729716,0.9947311855645866,-0.0004455085547792059,-0.0010524168688609836,0.0005563304189025592,0.9999992914573944,0.00016817088180687279,0.001043698750436306,-0.0007173863705247641,0.008090097581115636,-0.03565027318760841,0.0116223276855525,-0.0034824873608779745,0.008090097581115636,-0.03565027318760841,0.0116223276855525,-0.0034824873608779745,-0.01604793220758438,0.03948888182640076,0.01569788157939911,0.0,0.0,0.0,0.9947173069374472,-0.10264797671376447,0.0009314319220681978,0.10264839624644306,0.9947176134711085,-0.00041425609999583106,-0.0008839891891023136,0.0005076777081787689,0.9999994804130931,0.0,0.0,0.0
10,1774967035537941073,0.167500062,167,14.053433,13.93024499884632,0.007919741865183193,0.00012773777201908375,-0.00012773777201908375,-0.024651842191815376,0.04215789958834648,0.02648352086544037,-0.021440694108605385,-0.004754872526973486,0.014934247359633446,0.9947303912219474,-0.10252019660985634,0.001098003402084791,0.10252073837936893,0.9947308400939243,-0.0004489022392425799,-0.0010461962607895472,0.0005591047087055764,0.9999992964374539,0.0003815734526142478,-0.00039302086224779487,0.00040629866998642683,-0.024651842191815376,0.04215789958834648,0.02648352086544037,-0.021440694108605385,-0.004754872526973486,0.014934247359633446,0.9947303912219474,-0.10252019660985634,0.001098003402084791,0.10252073837936893,0.9947308400939243,-0.0004489022392425799,-0.0010461962607895472,0.0005591047087055764,0.9999992964374539,0.0003815734526142478,-0.00039302086224779487,0.00040629866998642683,0.007919741865183193,-0.03572037709394984,0.0121121361225259,-0.0034116892077060406,0.007919741865183193,-0.03572037709394984,0.0121121361225259,-0.0034116892077060406,-0.01604793220758438,0.03948888182640076,0.01569788157939911,0.0,0.0,0.0,0.9947173069374472,-0.10264797671376447,0.0009314319220681978,0.10264839624644306,0.9947176134711085,-0.00041425609999583106,-0.0008839891891023136,0.0005076777081787689,0.9999994804130931,0.0,0.0,0.0
11,1774967035553337636,0.182896625,182,15.396563,11.786876999394735,0.007999225338474029,0.00012901976352377466,-0.00012901976352377466,-0.024753287434577942,0.04223933815956116,0.02661852538585663,-0.02142593264579773,-0.0046123298816382885,0.014961136505007744,0.9947297671657493,-0.10252585578432782,0.001091717403410894,0.10252640733692897,0.9947302022534517,-0.0004616927974100127,-0.0010386288105625613,0.0005711893923734113,0.999999297496206,-0.0012158143799751997,0.0002632297982927412,0.00044497064664028585,-0.024753287434577942,0.04223933815956116,0.02661852538585663,-0.02142593264579773,-0.0046123298816382885,0.014961136505007744,0.9947297671657493,-0.10252585578432782,0.001091717403410894,0.10252640733692897,0.9947302022534517,-0.0004616927974100127,-0.0010386288105625613,0.0005711893923734113,0.999999297496206,-0.0012158143799751997,0.0002632297982927412,0.00044497064664028585,0.007999225338474029,-0.035046928009908156,0.011860960428811254,-0.0036357261479865958,0.007999225338474029,-0.035046928009908156,0.011860960428811254,-0.0036357261479865958,-0.01604793220758438,0.03948888182640076,0.01569788157939911,0.0,0.0,0.0,0.9947173069374472,-0.10264797671376447,0.0009314319220681978,0.10264839624644306,0.9947176134711085,-0.00041425609999583106,-0.0008839891891023136,0.0005076777081787689,0.9999994804130931,0.0,0.0,0.0
12,1774967035566559345,0.196118334,196,13.221709,12.220865999552188,0.007951951807820434,0.00012825728722291023,-0.00012825728722291023,-0.024933474138379097,0.0423889122903347,0.026777535676956177,-0.021449029445648193,-0.004340578336268663,0.014907860197126865,0.994729132934884,-0.10253186557190963,0.0010724098980795255,0.10253242063597212,0.9947295399380582,-0.0004759445023962295,-0.0010179583313668621,0.0005833926589021553,0.9999993117066779,5.946996679995209e-05,6.573851715074852e-05,0.0001458012411603704,-0.024933474138379097,0.0423889122903347,0.026777535676956177,-0.021449029445648193,-0.004340578336268663,0.014907860197126865,0.994729132934884,-0.10253186557190963,0.0010724098980795255,0.10253242063597212,0.9947295399380582,-0.0004759445023962295,-0.0010179583313668621,0.0005833926589021553,0.9999993117066779,5.946996679995209e-05,6.573851715074852e-05,0.0001458012411603704,0.007951951807820434,-0.035557910972375484,0.011957243338047296,-0.003457516740212754,0.007951951807820434,-0.035557910972375484,0.011957243338047296,-0.003457516740212754,-0.01604793220758438,0.03948888182640076,0.01569788157939911,0.0,0.0,0.0,0.9947173069374472,-0.10264797671376447,0.0009314319220681978,0.10264839624644306,0.9947176134711085,-0.00041425609999583106,-0.0008839891891023136,0.0005076777081787689,0.9999994804130931,0.0,0.0,0.0
13,1774967035580104932,0.209663921,209,13.545587,18.741751999186818,0.007853816324190691,0.00012667445684178534,-0.00012667445684178534,-0.025025201961398125,0.04246082901954651,0.026856616139411926,-0.02139957621693611,-0.004193603526800871,0.014858963899314404,0.9947279636861733,-0.10254319144278567,0.0010704073534576405,0.10254375638476532,0.9947283622460791,-0.00048681838154449736,-0.0010148446494608263,0.0005940154681542617,0.9999993086177332,-0.0005693032289855182,-0.0007982272654771805,-0.0006089074304327369,-0.025025201961398125,0.04246082901954651,0.026856616139411926,-0.02139957621693611,-0.004193603526800871,0.014858963899314404,0.9947279636861733,-0.10254319144278567,0.0010704073534576405,0.10254375638476532,0.9947283622460791,-0.00048681838154449736,-0.0010148446494608263,0.0005940154681542617,0.9999993086177332,-0.0005693032289855182,-0.0007982272654771805,-0.0006089074304327369,0.007853816324190691,-0.03527210898522364,0.012258687470383335,-0.0033944681558412066,0.007853816324190691,-0.03527210898522364,0.012258687470383335,-0.0033944681558412066,-0.01604793220758438,0.03948888182640076,0.01569788157939911,0.0,0.0,0.0,0.9947173069374472,-0.10264797671376447,0.0009314319220681978,0.10264839624644306,0.9947176134711085,-0.00041425609999583106,-0.0008839891891023136,0.0005076777081787689,0.9999994804130931,0.0,0.0,0.0
14,1774967035600116576,0.229675565,229,20.011644,15.209582999887061,0.007819409327426079,0.0001261195052810658,-0.0001261195052810658,-0.02511812560260296,0.042530860751867294,0.026935413479804993,-0.021418921649456024,-0.004096842836588621,0.014841737225651741,0.9947265732438303,-0.10255717472722714,0.001070813448873489,0.10255774552511454,0.9947269689097106,-0.0004923448299547738,-0.0010146735034532485,0.0005995686409923737,0.999999305477346,0.0004298601998016238,-0.0009648695704527199,-0.0011340396013110876,-0.02511812560260296,0.042530860751867294,0.026935413479804993,-0.021418921649456024,-0.004096842836588621,0.014841737225651741,0.9947265732438303,-0.10255717472722714,0.001070813448873489,0.10255774552511454,0.9947269689097106,-0.0004923448299547738,-0.0010146735034532485,0.0005995686409923737,0.999999305477346,0.0004298601998016238,-0.0009648695704527199,-0.0011340396013110876,0.007819409327426079,-0.035675583878837645,0.012338811963086274,-0.003237291570094439,0.007819409327426079,-0.035675583878837645,0.012338811963086274,-0.003237291570094439,-0.01604793220758438,0.03948888182640076,0.01569788157939911,0.0,0.0,0.0,0.9947173069374472,-0.10264797671376447,0.0009314319220681978,0.10264839624644306,0.9947176134711085,-0.00041425609999583106,-0.0008839891891023136,0.0005076777081787689,0.9999994804130931,0.0,0.0,0.0
15,1774967035617218906,0.246777895,246,17.10233,19.970502000433044,0.00783479821121191,0.00012636771308406305,-0.00012636771308406305,-0.025376928970217705,0.04273437336087227,0.02702602744102478,-0.021391266956925392,-0.0036614625714719296,0.014582831412553787,0.9947232463565729,-0.10258920902605273,0.0010610762101236244,0.10258979205356744,0.9947236212490349,-0.0005103225360335324,-0.0010031239829285093,0.0006164852709900324,0.9999993068438552,6.198066694196314e-05,-0.0009169133845716715,-0.00038502158713527024,-0.025376928970217705,0.04273437336087227,0.02702602744102478,-0.021391266956925392,-0.0036614625714719296,0.014582831412553787,0.9947232463565729,-0.10258920902605273,0.0010610762101236244,0.10258979205356744,0.9947236212490349,-0.0005103225360335324,-0.0010031239829285093,0.0006164852709900324,0.9999993068438552,6.198066694196314e-05,-0.0009169133845716715,-0.00038502158713527024,0.00783479821121191,-0.03549970648910763,0.012307316600061867,-0.003342559978640731,0.00783479821121191,-0.03549970648910763,0.012307316600061867,-0.003342559978640731,-0.01604793220758438,0.03948888182640076,0.01569788157939911,0.0,0.0,0.0,0.9947173069374472,-0.10264797671376447,0.0009314319220681978,0.10264839624644306,0.9947176134711085,-0.00041425609999583106,-0.0008839891891023136,0.0005076777081787689,0.9999994804130931,0.0,0.0,0.0
16,1774967035638478890,0.268037879,268,21.259984,12.444949001292116,0.007904889017637709,0.00012749820996189854,-0.00012749820996189854,-0.025525495409965515,0.042858485132455826,0.02705906331539154,-0.021302934736013412,-0.0034300091210752726,0.014379299245774746,0.9947215388212058,-0.1026061978659365,0.0010530318292216942,0.10260679158630204,0.9947218958574566,-0.0005260546746956914,-0.00099349733045539,0.0006313260714568905,0.9999993071950083,0.00039993078098632395,-0.0003111117985099554,-0.0005676951841451228,-0.025525495409965515,0.042858485132455826,0.02705906331539154,-0.021302934736013412,-0.0034300091210752726,0.014379299245774746,0.9947215388212058,-0.1026061978659365,0.0010530318292216942,0.10260679158630204,0.9947218958574566,-0.0005260546746956914,-0.00099349733045539,0.0006313260714568905,0.9999993071950083,0.00039993078098632395,-0.0003111117985099554,-0.0005676951841451228,0.007904889017637709,-0.03563052965846663,0.012096607853175389,-0.003355312362692861,0.007904889017637709,-0.03563052965846663,0.012096607853175389,-0.003355312362692861,-0.01604793220758438,0.03948888182640076,0.01569788157939911,0.0,0.0,0.0,0.9947173069374472,-0.10264797671376447,0.0009314319220681978,0.10264839624644306,0.9947176134711085,-0.00041425609999583106,-0.0008839891891023136,0.0005076777081787689,0.9999994804130931,0.0,0.0,0.0
17,1774967035652755733,0.282314722,282,14.276843,19.736579000891652,0.007813304802469757,0.00012602104520112513,-0.00012602104520112513,-0.0255866851657629,0.04291626438498497,0.027058541774749756,-0.02123844623565674,-0.0033166930079460144,0.014251738786697388,0.9947209246673951,-0.10261150891287296,0.001052565704574314,0.10261210072272431,0.9947212822647868,-0.0005244252438226724,-0.0009931974528745516,0.000629662781501332,0.9999993085415452,0.0011123479343950748,-0.0011986857280135155,0.0004666406603064388,-0.0255866851657629,0.04291626438498497,0.027058541774749756,-0.02123844623565674,-0.0033166930079460144,0.014251738786697388,0.9947209246673951,-0.10261150891287296,0.001052565704574314,0.10261210072272431,0.9947212822647868,-0.0005244252438226724,-0.0009931974528745516,0.000629662781501332,0.9999993085415452,0.0011123479343950748,-0.0011986857280135155,0.0004666406603064388,0.007813304802469757,-0.035916504411586336,0.012398865681323567,-0.0032873713574215744,0.007813304802469757,-0.035916504411586336,0.012398865681323567,-0.0032873713574215744,-0.01604793220758438,0.03948888182640076,0.01569788157939911,0.0,0.0,0.0,0.9947173069374472,-0.10264797671376447,0.0009314319220681978,0.10264839624644306,0.9947176134711085,-0.00041425609999583106,-0.0008839891891023136,0.0005076777081787689,0.9999994804130931,0.0,0.0,0.0
18,1774967035673664069,0.303223058,303,20.908336,15.824829999473877,0.00793773206877529,0.00012802793659314984,-0.00012802793659314984,-0.025766823440790176,0.0431511327624321,0.026995882391929626,-0.021071782335639,-0.002948695095255971,0.013661677949130535,0.994717510706728,-0.10264548724210831,0.0010345278210881284,0.10264609977518968,0.9947178293207558,-0.0005573490547925442,-0.0009718538859031234,0.0006605950392929785,0.9999993095568999,0.0003860672004520893,-0.00032024914980866015,-0.0005162013694643974,-0.025766823440790176,0.0431511327624321,0.026995882391929626,-0.021071782335639,-0.002948695095255971,0.013661677949130535,0.994717510706728,-0.10264548724210831,0.0010345278210881284,0.10264609977518968,0.9947178293207558,-0.0005573490547925442,-0.0009718538859031234,0.0006605950392929785,0.9999993095568999,0.0003860672004520893,-0.00032024914980866015,-0.0005162013694643974,0.00793773206877529,-0.03559929424618954,0.012087331563245124,-0.003394453167101043,0.00793773206877529,-0.03559929424618954,0.012087331563245124,-0.003394453167101043,-0.01604793220758438,0.03948888182640076,0.01569788157939911,0.0,0.0,0.0,0.9947173069374472,-0.10264797671376447,0.0009314319220681978,0.10264839624644306,0.9947176134711085,-0.00041425609999583106,-0.0008839891891023136,0.0005076777081787689,0.9999994804130931,0.0,0.0,0.0
19,1774967035690555447,0.320114436,320,16.891378,18.546285000411444,0.00799763881997496,0.00012899417451572517,-0.00012899417451572517,-0.025795694440603256,0.04321039468050003,0.026965990662574768,-0.02094350755214691,-0.0028785234317183495,0.013584569096565247,0.9947168792157971,-0.10265132522636011,0.0010238527531431507,0.10265194031720104,0.9947171808671736,-0.0005673436225345774,-0.0009602053472656524,0.0006694467396529125,0.9999993149231462,-0.0006755893118679523,2.4792687327135354e-05,7.13679546606727e-05,-0.025795694440603256,0.04321039468050003,0.026965990662574768,-0.02094350755214691,-0.0028785234317183495,0.013584569096565247,0.9947168792157971,-0.10265132522636011,0.0010238527531431507,0.10265194031720104,0.9947171808671736,-0.0005673436225345774,-0.0009602053472656524,0.0006694467396529125,0.9999993149231462,-0.0006755893118679523,2.4792687327135354e-05,7.13679546606727e-05,0.00799763881997496,-0.03515910914394801,0.011937299654554258,-0.0035864957789860197,0.00799763881997496,-0.03515910914394801,0.011937299654554258,-0.0035864957789860197,-0.01604793220758438,0.03948888182640076,0.01569788157939911,0.0,0.0,0.0,0.9947173069374472,-0.10264797671376447,0.0009314319220681978,0.10264839624644306,0.9947176134711085,-0.00041425609999583106,-0.0008839891891023136,0.0005076777081787689,0.9999994804130931,0.0,0.0,0.0
20,1774967035711944502,0.341503491,341,21.389055,12.84403599856887,0.00813181654143709,0.00013115833131350143,-0.00013115833131350143,-0.02585645020008087,0.04338989034295082,0.02682386338710785,-0.02063727378845215,-0.0026129577308893204,0.01328334491699934,0.9947138186115784,-0.10268176461692025,0.0009948977700155693,0.1026823862161248,0.9947140739547616,-0.0005951307370404401,-0.0009285297222561984,0.00069414315658881,0.9999993279987259,-0.0002683672064449638,0.0009536456782370806,0.0002557334373705089,-0.02585645020008087,0.04338989034295082,0.02682386338710785,-0.02063727378845215,-0.0026129577308893204,0.01328334491699934,0.9947138186115784,-0.10268176461692025,0.0009948977700155693,0.1026823862161248,0.9947140739547616,-0.0005951307370404401,-0.0009285297222561984,0.00069414315658881,0.9999993279987259,-0.0002683672064449638,0.0009536456782370806,0.0002557334373705089,0.00813181654143709,-0.03532093574932105,0.01159969109832564,-0.0036696363079091396,0.00813181654143709,-0.03532093574932105,0.01159969109832564,-0.0036696363079091396,-0.01604793220758438,0.03948888182640076,0.01569788157939911,0.0,0.0,0.0,0.9947173069374472,-0.10264797671376447,0.0009314319220681978,0.10264839624644306,0.9947176134711085,-0.00041425609999583106,-0.0008839891891023136,0.0005076777081787689,0.9999994804130931,0.0,0.0,0.0
21,1774967035726853684,0.356412673,356,14.909182,14.354138000271632,0.007987709959638104,0.0001288340316070662,-0.0001288340316070662,-0.02586115524172783,0.0435173325240612,0.026699215173721313,-0.02042532153427601,-0.002548785414546728,0.012948932126164436,0.994712273768748,-0.10269733796821079,0.0009786181140889298,0.10269796657580454,0.9947125000181315,-0.0006152026946577328,-0.0009102639638801334,0.000712451601723469,0.9999993319159556,-0.0005492566269822419,-0.000470467988634482,-0.00023569530458189547,-0.02586115524172783,0.0435173325240612,0.026699215173721313,-0.02042532153427601,-0.002548785414546728,0.012948932126164436,0.994712273768748,-0.10269733796821079,0.0009786181140889298,0.10269796657580454,0.9947125000181315,-0.0006152026946577328,-0.0009102639638801334,0.000712451601723469,0.9999993319159556,-0.0005492566269822419,-0.000470467988634482,-0.00023569530458189547,0.007987709959638104,-0.03519129734032699,0.012090540134161323,-0.0035519229259596595,0.007987709959638104,-0.03519129734032699,0.012090540134161323,-0.0035519229259596595,-0.01604793220758438,0.03948888182640076,0.01569788157939911,0.0,0.0,0.0,0.9947173069374472,-0.10264797671376447,0.0009314319220681978,0.10264839624644306,0.9947176134711085,-0.00041425609999583106,-0.0008839891891023136,0.0005076777081787689,0.9999994804130931,0.0,0.0,0.0
22,1774967035743288213,0.372847202,372,16.434529,13.610011999844573,0.008092994215641731,0.00013053216476841502,-0.00013053216476841502,-0.02585206739604473,0.04365530237555504,0.026565149426460266,-0.020160852000117302,-0.0024267109110951424,0.012616720981895924,0.9947102753701478,-0.1027168060452408,0.0009579312568515214,0.10271743984697412,0.9947104668256139,-0.0006376067332039131,-0.0008873712988203136,0.0007326300683906245,0.9999993379125188,-0.0009269469883292913,0.00017847868730314076,-0.00025881416513584554,-0.02585206739604473,0.04365530237555504,0.026565149426460266,-0.020160852000117302,-0.0024267109110951424,0.012616720981895924,0.9947102753701478,-0.1027168060452408,0.0009579312568515214,0.10271743984697412,0.9947104668256139,-0.0006376067332039131,-0.0008873712988203136,0.0007326300683906245,0.9999993379125188,-0.0009269469883292913,0.00017847868730314076,-0.00025881416513584554,0.008092994215641731,-0.035032995785694125,0.011844957406640294,-0.003671844292525296,0.008092994215641731,-0.035032995785694125,0.011844957406640294,-0.003671844292525296,-0.01604793220758438,0.03948888182640076,0.01569788157939911,0.0,0.0,0.0,0.9947173069374472,-0.10264797671376447,0.0009314319220681978,0.10264839624644306,0.9947176134711085,-0.00041425609999583106,-0.0008839891891023136,0.0005076777081787689,0.9999994804130931,0.0,0.0,0.0
23,1774967035758276776,0.387835765,387,14.988563,19.950753001467092,0.00797869296551396,0.0001286885962179671,-0.0001286885962179671,-0.02584070898592472,0.043731145560741425,0.02650141716003418,-0.020085960626602173,-0.0023036287166178226,0.012456822209060192,0.9947092619288723,-0.10272671908535758,0.0009532287142357734,0.10272735212645068,0.9947094469868917,-0.0006406452547410291,-0.0008823741997977252,0.0007351782747042433,0.9999993404641813,0.0009297725046053529,-0.0007998949149623513,0.0006849371711723506,-0.02584070898592472,0.043731145560741425,0.02650141716003418,-0.020085960626602173,-0.0023036287166178226,0.012456822209060192,0.9947092619288723,-0.10272671908535758,0.0009532287142357734,0.10272735212645068,0.9947094469868917,-0.0006406452547410291,-0.0008823741997977252,0.0007351782747042433,0.9999993404641813,0.0009297725046053529,-0.0007998949149623513,0.0006849371711723506,0.00797869296551396,-0.03579948941713736,0.012196565819723058,-0.003467985069299663,0.00797869296551396,-0.03579948941713736,0.012196565819723058,-0.003467985069299663,-0.01604793220758438,0.03948888182640076,0.01569788157939911,0.0,0.0,0.0,0.9947173069374472,-0.10264797671376447,0.0009314319220681978,0.10264839624644306,0.9947176134711085,-0.00041425609999583106,-0.0008839891891023136,0.0005076777081787689,0.9999994804130931,0.0,0.0,0.0
24,1774967035779712876,0.409271865,409,21.4361,17.630088001169497,0.008132591388171562,0.00013117082884147682,-0.00013117082884147682,-0.025824695825576782,0.04387637972831726,0.02637721598148346,-0.01992124877870083,-0.0021145755890756845,0.012085012160241604,0.9947074607295092,-0.10274388803060885,0.0009332559311568435,0.10274451784828798,0.9947076185349801,-0.0006539158061432283,-0.0008611309220688933,0.0007463417780214053,0.9999993507135643,-0.0006494653644040227,0.00022999658540356904,-9.680636139819399e-05,-0.025824695825576782,0.04387637972831726,0.02637721598148346,-0.01992124877870083,-0.0021145755890756845,0.012085012160241604,0.9947074607295092,-0.10274388803060885,0.0009332559311568435,0.10274451784828798,0.9947076185349801,-0.0006539158061432283,-0.0008611309220688933,0.0007463417780214053,0.9999993507135643,-0.0006494653644040227,0.00022999658540356904,-9.680636139819399e-05,0.008132591388171562,-0.035133046867252396,0.011819821604375249,-0.0036929808346713557,0.008132591388171562,-0.035133046867252396,0.011819821604375249,-0.0036929808346713557,-0.01604793220758438,0.03948888182640076,0.01569788157939911,0.0,0.0,0.0,0.9947173069374472,-0.10264797671376447,0.0009314319220681978,0.10264839624644306,0.9947176134711085,-0.00041425609999583106,-0.0008839891891023136,0.0005076777081787689,0.9999994804130931,0.0,0.0,0.0
25,1774967035798663743,0.428222732,428,18.950867,14.58277300116606,0.008086747590630387,0.000130431412752103,-0.000130431412752103,-0.02577153779566288,0.04413125291466713,0.026136130094528198,-0.019612913951277733,-0.0017432367894798517,0.011654684320092201,0.9947039852098174,-0.10277716813836957,0.0009067940609073146,0.10277778445196328,0.9947041149983489,-0.0006613522464692188,-0.000834019873843175,0.0007510480096779935,0.9999993701686665,0.0007262678118422627,-0.0003473585529718548,-0.00028747934265993536,-0.02577153779566288,0.04413125291466713,0.026136130094528198,-0.019612913951277733,-0.0017432367894798517,0.011654684320092201,0.9947039852098174,-0.10277716813836957,0.0009067940609073146,0.10277778445196328,0.9947041149983489,-0.0006613522464692188,-0.000834019873843175,0.0007510480096779935,0.9999993701686665,0.0007262678118422627,-0.0003473585529718548,-0.00028747934265993536,0.008086747590630387,-0.03567715103012689,0.012029401450568356,-0.0035174620975735914,0.008086747590630387,-0.03567715103012689,0.012029401450568356,-0.0035174620975735914,-0.01604793220758438,0.03948888182640076,0.01569788157939911,0.0,0.0,0.0,0.9947173069374472,-0.10264797671376447,0.0009314319220681978,0.10264839624644306,0.9947176134711085,-0.00041425609999583106,-0.0008839891891023136,0.0005076777081787689,0.9999994804130931,0.0,0.0,0.0
26,1774967035815495757,0.445054746,445,16.832014,18.57805899999221,0.008275561765933807,0.00013347680267635173,-0.00013347680267635173,-0.025727415457367897,0.0442923903465271,0.02596910297870636,-0.01946188695728779,-0.001594562316313386,0.011387831531465054,0.9947024458517564,-0.10279256839799578,0.0008840875666114296,0.10279317362696228,0.9947025514387218,-0.0006686771791696734,-0.0008106691103401519,0.0007560129555236055,0.9999993856298274,-0.0010400083847343922,0.0008636436541564763,-6.793703732910217e-08,-0.025727415457367897,0.0442923903465271,0.02596910297870636,-0.01946188695728779,-0.001594562316313386,0.011387831531465054,0.9947024458517564,-0.10279256839799578,0.0008840875666114296,0.10279317362696228,0.9947025514387218,-0.0006686771791696734,-0.0008106691103401519,0.0007560129555236055,0.9999993856298274,-0.0010400083847343922,0.0008636436541564763,-6.793703732910217e-08,0.008275561765933807,-0.03493983091797372,0.011575174911501751,-0.003860619100086053,0.008275561765933807,-0.03493983091797372,0.011575174911501751,-0.003860619100086053,-0.01604793220758438,0.03948888182640076,0.01569788157939911,0.0,0.0,0.0,0.9947173069374472,-0.10264797671376447,0.0009314319220681978,0.10264839624644306,0.9947176134711085,-0.00041425609999583106,-0.0008839891891023136,0.0005076777081787689,0.9999994804130931,0.0,0.0,0.0
27,1774967035836289585,0.465848574,465,20.793828,18.8032120004209,0.008332826816965455,0.0001344004325317009,-0.0001344004325317009,-0.025672145187854767,0.044446125626564026,0.025789260864257812,-0.019188765436410904,-0.0014014402404427528,0.011083440855145454,0.9947005813124749,-0.10281115488933401,0.0008542026230273629,0.1028117546861822,0.9947006463416669,-0.0006906236698272085,-0.0007786720797641898,0.0007747857553595957,0.9999993966882608,-0.0005919061368331313,0.0011555181117728353,-0.0005488010356202722,-0.025672145187854767,0.044446125626564026,0.025789260864257812,-0.019188765436410904,-0.0014014402404427528,0.011083440855145454,0.9947005813124749,-0.10281115488933401,0.0008542026230273629,0.1028117546861822,0.9947006463416669,-0.0006906236698272085,-0.0007786720797641898,0.0007747857553595957,0.9999993966882608,-0.0005919061368331313,0.0011555181117728353,-0.0005488010356202722,0.008332826816965455,-0.03511403861220331,0.011475330719741583,-0.0038259776265127787,0.008332826816965455,-0.03511403861220331,0.011475330719741583,-0.0038259776265127787,-0.01604793220758438,0.03948888182640076,0.01569788157939911,0.0,0.0,0.0,0.9947173069374472,-0.10264797671376447,0.0009314319220681978,0.10264839624644306,0.9947176134711085,-0.00041425609999583106,-0.0008839891891023136,0.0005076777081787689,0.9999994804130931,0.0,0.0,0.0
28,1774967035857250248,0.486809237,486,20.960663,17.35698100128502,0.008092588809721106,0.00013052562596324363,-0.00013052562596324363,-0.025549551472067833,0.04466080293059349,0.025538787245750427,-0.018767960369586945,-0.0011689621023833752,0.010804719291627407,0.994697106356481,-0.10284461438668191,0.0008176981568390159,0.10284520578703571,0.9946971226265781,-0.0007173685349171119,-0.0007395845132696035,0.000797660728830755,0.9999994083758842,-4.985836858395487e-05,-0.0010404245695099235,-0.0007633476634509861,-0.025549551472067833,0.04466080293059349,0.025538787245750427,-0.018767960369586945,-0.0011689621023833752,0.010804719291627407,0.994697106356481,-0.10284461438668191,0.0008176981568390159,0.10284520578703571,0.9946971226265781,-0.0007173685349171119,-0.0007395845132696035,0.000797660728830755,0.9999994083758842,-4.985836858395487e-05,-0.0010404245695099235,-0.0007633476634509861,0.008092588809721106,-0.03530749967348886,0.012234588027150243,-0.0035788086769430448,0.008092588809721106,-0.03530749967348886,0.012234588027150243,-0.0035788086769430448,-0.01604793220758438,0.03948888182640076,0.01569788157939911,0.0,0.0,0.0,0.9947173069374472,-0.10264797671376447,0.0009314319220681978,0.10264839624644306,0.9947176134711085,-0.00041425609999583106,-0.0008839891891023136,0.0005076777081787689,0.9999994804130931,0.0,0.0,0.0
