step,timestamp_ns,experiment_time_s,reference_index,tick_dt_ms,solver_ms,px4_collective_command_newton,px4_collective_normalized,px4_thrust_body_z,state_raw_0,state_raw_1,state_raw_2,state_raw_3,state_raw_4,state_raw_5,state_raw_6,state_raw_7,state_raw_8,state_raw_9,state_raw_10,state_raw_11,state_raw_12,state_raw_13,state_raw_14,state_raw_15,state_raw_16,state_raw_17,state_used_0,state_used_1,state_used_2,state_used_3,state_used_4,state_used_5,state_used_6,state_used_7,state_used_8,state_used_9,state_used_10,state_used_11,state_used_12,state_used_13,state_used_14,state_used_15,state_used_16,state_used_17,control_raw_0,control_raw_1,control_raw_2,control_raw_3,control_used_0,control_used_1,control_used_2,control_used_3,reference_0,reference_1,reference_2,reference_3,reference_4,reference_5,reference_6,reference_7,reference_8,reference_9,reference_10,reference_11,reference_12,reference_13,reference_14,reference_15,reference_16,reference_17
0,1774970613145330078,0.0,0,0.0,0.4870410011790227,42.832393397184475,0.6908450547932979,-0.6908450547932979,-0.012864484451711178,0.05968277156352997,0.023715868592262268,0.011808586306869984,0.036607835441827774,-0.011403429321944714,0.9944396251263755,-0.10530408645886191,-0.0008819703029363263,0.1053045861547135,0.9944398163916331,0.0005405809373658452,0.0008201410174351245,-0.000630450693254762,0.9999994649501492,-0.0003453762619756162,-0.0007606998551636934,6.256421329453588e-05,-0.012864484451711178,0.05968277156352997,0.023715868592262268,0.011808586306869984,0.036607835441827774,-0.011403429321944714,0.9944396251263755,-0.10530408645886191,-0.0008819703029363263,0.1053045861547135,0.9944398163916331,0.0005405809373658452,0.0008201410174351245,-0.000630450693254762,0.9999994649501492,-0.0003453762619756162,-0.0007606998551636934,6.256421329453588e-05,42.832393397184475,0.006120581623976546,-0.0036708800712652334,-1.2938331685112012e-05,42.832393397184475,0.006120581623976546,-0.0036708800712652334,-1.2938331685112012e-05,-0.013114646077156067,0.0616435669362545,0.028251439332962036,0.0,0.0,0.0,0.9944395173729654,-0.10530928870248647,0.0,0.10530928870248647,0.9944395173729654,0.0,0.0,0.0,1.0,0.0,0.0,0.0
1,1774970613155324261,0.009994183,9,9.994183,0.31070600016391836,42.83919660541573,0.6909547839583182,-0.6909547839583182,-0.012896290048956871,0.05956386402249336,0.023494839668273926,0.011697766371071339,0.036282774060964584,-0.0115015534684062,0.9944398306320321,-0.1053037282150362,-0.0008704072537655937,0.10530423525185917,0.9944400009247689,0.0005586869436778295,0.0008067359486539395,-0.0006472379760128922,0.9999994651299634,-0.0006199215422384441,-1.3513388694263995e-05,-1.637714831304038e-06,-0.012896290048956871,0.05956386402249336,0.023494839668273926,0.011697766371071339,0.036282774060964584,-0.0115015534684062,0.9944398306320321,-0.1053037282150362,-0.0008704072537655937,0.10530423525185917,0.9944400009247689,0.0005586869436778295,0.0008067359486539395,-0.0006472379760128922,0.9999994651299634,-0.0006199215422384441,-1.3513388694263995e-05,-1.637714831304038e-06,42.83919660541573,0.006059524186935201,-0.003810696586944797,-3.6120338430001147e-06,42.83919660541573,0.006059524186935201,-0.003810696586944797,-3.6120338430001147e-06,-0.013114646077156067,0.0616435669362545,0.028251439332962036,0.0,0.0,0.0,0.9944395173729654,-0.10530928870248647,0.0,0.10530928870248647,0.9944395173729654,0.0,0.0,0.0,1.0,0.0,0.0,0.0
2,1774970613165306867,0.019976789,19,9.982606,0.3174640005454421,42.85302331423409,0.6911777953908724,-0.6911777953908724,-0.012958485633134842,0.059343963861465454,0.02306126058101654,0.01141053345054388,0.035631127655506134,-0.011747578158974648,0.9944406669030473,-0.10529627810622277,-0.0008543918828770539,0.10529680667586883,0.9944407974949724,0.0005991165579114117,0.0007865573782654921,-0.000685750413915975,0.9999994555368501,0.0010525997495278716,0.00029812229331582785,0.0005062506534159184,-0.012958485633134842,0.059343963861465454,0.02306126058101654,0.01141053345054388,0.035631127655506134,-0.011747578158974648,0.9944406669030473,-0.10529627810622277,-0.0008543918828770539,0.10529680667586883,0.9944407974949724,0.0005991165579114117,0.0007865573782654921,-0.000685750413915975,0.9999994555368501,0.0010525997495278716,0.00029812229331582785,0.0005062506534159184,42.85302331423409,0.005372078557466142,-0.0037992471126636136,-8.577733942931669e-05,42.85302331423409,0.005372078557466142,-0.0037992471126636136,-8.577733942931669e-05,-0.013114646077156067,0.0616435669362545,0.028251439332962036,0.0,0.0,0.0,0.9944395173729654,-0.10530928870248647,0.0,0.10530928870248647,0.9944395173729654,0.0,0.0,0.0,1.0,0.0,0.0,0.0
3,1774970613175394563,0.030064485,30,10.087696,0.37466499998117797,42.859451902467114,0.6912814822978567,-0.6912814822978567,-0.012988672591745853,0.059242475777864456,0.02284829318523407,0.0112697072327137,0.035337306559085846,-0.011828909628093243,0.9944405887533073,-0.10529627561066057,-0.0008505177964278736,0.10529682156150377,0.994440698403607,0.0006247604902057825,0.0007800045507393837,-0.0007108439301200704,0.9999994431467775,0.0005746489623561502,0.0003523079794831574,-2.5890696633723564e-05,-0.012988672591745853,0.059242475777864456,0.02284829318523407,0.0112697072327137,0.035337306559085846,-0.011828909628093243,0.9944405887533073,-0.10529627561066057,-0.0008505177964278736,0.10529682156150377,0.994440698403607,0.0006247604902057825,0.0007800045507393837,-0.0007108439301200704,0.9999994431467775,0.0005746489623561502,0.0003523079794831574,-2.5890696633723564e-05,42.859451902467114,0.005351024388936122,-0.0037782977007370278,-5.9358405698966726e-06,42.859451902467114,0.005351024388936122,-0.0037782977007370278,-5.9358405698966726e-06,-0.013114646077156067,0.0616435669362545,0.028251439332962036,0.0,0.0,0.0,0.9944395173729654,-0.10530928870248647,0.0,0.10530928870248647,0.9944395173729654,0.0,0.0,0.0,1.0,0.0,0.0,0.0
4,1774970613185269794,0.039939716,39,9.875231,0.3297259991086321,42.8670194048405,0.69140353878775,-0.69140353878775,-0.013042790815234184,0.05911959335207939,0.022610127925872803,0.011096860282123089,0.0350312665104866,-0.011951077729463577,0.9944405983342709,-0.10529627384082696,-0.0008413587379840996,0.10529682621444514,0.9944406888226435,0.0006415511520263912,0.0007691284104213341,-0.0007265768334672792,0.9999994402636696,-0.00024136592401191592,3.955812280764803e-05,-0.00036336257471702993,-0.013042790815234184,0.05911959335207939,0.022610127925872803,0.011096860282123089,0.0350312665104866,-0.011951077729463577,0.9944405983342709,-0.10529627384082696,-0.0008413587379840996,0.10529682621444514,0.9944406888226435,0.0006415511520263912,0.0007691284104213341,-0.0007265768334672792,0.9999994402636696,-0.00024136592401191592,3.955812280764803e-05,-0.00036336257471702993,42.8670194048405,0.005430310498299841,-0.0036434908254649764,4.468815220665634e-05,42.8670194048405,0.005430310498299841,-0.0036434908254649764,4.468815220665634e-05,-0.013114646077156067,0.0616435669362545,0.028251439332962036,0.0,0.0,0.0,0.9944395173729654,-0.10530928870248647,0.0,0.10530928870248647,0.9944395173729654,0.0,0.0,0.0,1.0,0.0,0.0,0.0
5,1774970613195356893,0.050026815,50,10.087099,0.39514899981440976,42.874280586052855,0.6915206546137557,-0.6915206546137557,-0.013096136040985584,0.059002771973609924,0.02237764000892639,0.010961960069835186,0.03472099453210831,-0.012058719992637634,0.9944408656286651,-0.10529290481488562,-0.0008331049028090926,0.10529346494108172,0.9944409365152996,0.0006596390387206604,0.0007590183126159559,-0.0007436925719694204,0.9999994354061013,0.0003981808549724519,0.00011292924318695441,1.238314052898204e-05,-0.013096136040985584,0.059002771973609924,0.02237764000892639,0.010961960069835186,0.03472099453210831,-0.012058719992637634,0.9944408656286651,-0.10529290481488562,-0.0008331049028090926,0.10529346494108172,0.9944409365152996,0.0006596390387206604,0.0007590183126159559,-0.0007436925719694204,0.9999994354061013,0.0003981808549724519,0.00011292924318695441,1.238314052898204e-05,42.874280586052855,0.005143273382183651,-0.003615250337486191,-1.4371377329213585e-05,42.874280586052855,0.005143273382183651,-0.003615250337486191,-1.4371377329213585e-05,-0.013114646077156067,0.0616435669362545,0.028251439332962036,0.0,0.0,0.0,0.9944395173729654,-0.10530928870248647,0.0,0.10530928870248647,0.9944395173729654,0.0,0.0,0.0,1.0,0.0,0.0,0.0
6,1774970613205286796,0.059956718,59,9.929903,0.37468299888132606,42.88730760719242,0.6917307678579422,-0.6917307678579422,-0.013200368732213974,0.05878756567835808,0.021921902894973755,0.010636705905199051,0.034186966717243195,-0.012198401615023613,0.994441937295142,-0.1052842184684104,-0.0008201756208000982,0.10528479058116691,0.9944419765114613,0.0006886379547677898,0.0007431143514830211,-0.000771162332016781,0.9999994265447482,9.6312869573012e-05,0.00026359318871982396,0.00019983969104941934,-0.013200368732213974,0.05878756567835808,0.021921902894973755,0.010636705905199051,0.034186966717243195,-0.012198401615023613,0.994441937295142,-0.1052842184684104,-0.0008201756208000982,0.10528479058116691,0.9944419765114613,0.0006886379547677898,0.0007431143514830211,-0.000771162332016781,0.9999994265447482,9.6312869573012e-05,0.00026359318871982396,0.00019983969104941934,42.88730760719242,0.005001284301807166,-0.003555849342920177,-4.94760250061712e-05,42.88730760719242,0.005001284301807166,-0.003555849342920177,-4.94760250061712e-05,-0.013114646077156067,0.0616435669362545,0.028251439332962036,0.0,0.0,0.0,0.9944395173729654,-0.10530928870248647,0.0,0.10530928870248647,0.9944395173729654,0.0,0.0,0.0,1.0,0.0,0.0,0.0
7,1774970613215322205,0.069992127,69,10.035409,0.3950079990318045,42.89670482441012,0.6918823358775826,-0.6918823358775826,-0.01327162142843008,0.0586518757045269,0.02165466547012329,0.010444430634379387,0.03384742885828018,-0.012403622269630432,0.9944420186277931,-0.10528280002809876,-0.0008119371539757943,0.10528337933514065,0.9944420373726224,0.0007070913721932098,0.0007329798774264357,-0.0007886448186124832,0.9999994203897713,-6.530171958729625e-06,4.804053605766967e-05,-9.969297389034182e-05,-0.01327162142843008,0.0586518757045269,0.02165466547012329,0.010444430634379387,0.03384742885828018,-0.012403622269630432,0.9944420186277931,-0.10528280002809876,-0.0008119371539757943,0.10528337933514065,0.9944420373726224,0.0007070913721932098,0.0007329798774264357,-0.0007886448186124832,0.9999994203897713,-6.530171958729625e-06,4.804053605766967e-05,-9.969297389034182e-05,42.89670482441012,0.0048889488655911644,-0.003442446129233941,-5.673702264431552e-06,42.89670482441012,0.0048889488655911644,-0.003442446129233941,-5.673702264431552e-06,-0.013114646077156067,0.0616435669362545,0.028251439332962036,0.0,0.0,0.0,0.9944395173729654,-0.10530928870248647,0.0,0.10530928870248647,0.9944395173729654,0.0,0.0,0.0,1.0,0.0,0.0,0.0
8,1774970613225589582,0.080259504,80,10.267377,0.31860800118010957,42.90491187765666,0.6920147077041396,-0.6920147077041396,-0.013342045247554779,0.05852213874459267,0.021390587091445923,0.010274791158735752,0.03349411115050316,-0.012521500699222088,0.9944430435119648,-0.10527322896206548,-0.0007988665492916054,0.10527381335979236,0.9944430356846533,0.0007284999738496176,0.0007177357321195724,-0.0008085514172362522,0.9999994155498567,0.0009661777876317501,-0.0009253238094970584,0.0010443656938150525,-0.013342045247554779,0.05852213874459267,0.021390587091445923,0.010274791158735752,0.03349411115050316,-0.012521500699222088,0.9944430435119648,-0.10527322896206548,-0.0007988665492916054,0.10527381335979236,0.9944430356846533,0.0007284999738496176,0.0007177357321195724,-0.0008085514172362522,0.9999994155498567,0.0009661777876317501,-0.0009253238094970584,0.0010443656938150525,42.90491187765666,0.004498984044351645,-0.00313252853695046,-0.00018498456623564248,42.90491187765666,0.004498984044351645,-0.00313252853695046,-0.00018498456623564248,-0.013114646077156067,0.0616435669362545,0.028251439332962036,0.0,0.0,0.0,0.9944395173729654,-0.10530928870248647,0.0,0.10530928870248647,0.9944395173729654,0.0,0.0,0.0,1.0,0.0,0.0,0.0
9,1774970613235349392,0.090019314,90,9.75981,0.2746199988905573,42.9133653249336,0.6921510536279613,-0.6921510536279613,-0.01341166254132986,0.058398403227329254,0.021129876375198364,0.010078889317810535,0.03325074166059494,-0.01266486942768097,0.9944437636805219,-0.10526613971290777,-0.0007951590458121997,0.1052667366561737,0.9944437353478293,0.0007503014454129098,0.0007117595947865041,-0.0008298363973428865,0.9999994023847356,-0.00023202048032544553,0.0014093403005972505,0.0006508796941488981,-0.01341166254132986,0.058398403227329254,0.021129876375198364,0.010078889317810535,0.03325074166059494,-0.01266486942768097,0.9944437636805219,-0.10526613971290777,-0.0007951590458121997,0.1052667366561737,0.9944437353478293,0.0007503014454129098,0.0007117595947865041,-0.0008298363973428865,0.9999994023847356,-0.00023202048032544553,0.0014093403005972505,0.0006508796941488981,42.9133653249336,0.00467323419075084,-0.0036652969849998327,-0.00013164458259456633,42.9133653249336,0.00467323419075084,-0.0036652969849998327,-0.00013164458259456633,-0.013114646077156067,0.0616435669362545,0.028251439332962036,0.0,0.0,0.0,0.9944395173729654,-0.10530928870248647,0.0,0.10530928870248647,0.9944395173729654,0.0,0.0,0.0,1.0,0.0,0.0,0.0
10,1774970613245262070,0.099931992,99,9.912678,0.33708199953252915,42.930006544624696,0.6924194603971725,-0.6924194603971725,-0.01356285996735096,0.05813716724514961,0.020616397261619568,0.009735728614032269,0.03252611309289932,-0.012971181422472,0.9944450621205371,-0.10525479810714744,-0.0007855024813320927,0.10525541577132258,0.9944449921149888,0.0007913425079203451,0.0006978464201873313,-0.0008696249115867499,0.9999993783812984,0.0013081387151032686,0.0004652434727177024,0.0011665279744192958,-0.01356285996735096,0.05813716724514961,0.020616397261619568,0.009735728614032269,0.03252611309289932,-0.012971181422472,0.9944450621205371,-0.10525479810714744,-0.0007855024813320927,0.10525541577132258,0.9944449921149888,0.0007913425079203451,0.0006978464201873313,-0.0008696249115867499,0.9999993783812984,0.0013081387151032686,0.0004652434727177024,0.0011665279744192958,42.930006544624696,0.003995217862891328,-0.0033356650199127956,-0.00021810155325336196,42.930006544624696,0.003995217862891328,-0.0033356650199127956,-0.00021810155325336196,-0.013114646077156067,0.0616435669362545,0.028251439332962036,0.0,0.0,0.0,0.9944395173729654,-0.10530928870248647,0.0,0.10530928870248647,0.9944395173729654,0.0,0.0,0.0,1.0,0.0,0.0,0.0
11,1774970613255329002,0.109998924,109,10.066932,0.33157500001834705,42.938229960908735,0.6925520961436893,-0.6925520961436893,-0.013644193299114704,0.057999905198812485,0.02036331593990326,0.009546775370836258,0.03225143998861313,-0.013106944039463997,0.9944454095905034,-0.10525160911401188,-0.0007800847639947081,0.10525223533481975,0.9944453189640622,0.0008105285581102607,0.0006904422168851863,-0.0008881319314559336,0.9999993672554608,0.00010028932592831552,0.00047406001249328256,-0.0002390114386798814,-0.013644193299114704,0.057999905198812485,0.02036331593990326,0.009546775370836258,0.03225143998861313,-0.013106944039463997,0.9944454095905034,-0.10525160911401188,-0.0007800847639947081,0.10525223533481975,0.9944453189640622,0.0008105285581102607,0.0006904422168851863,-0.0008881319314559336,0.9999993672554608,0.00010028932592831552,0.00047406001249328256,-0.0002390114386798814,42.938229960908735,0.004170409085305653,-0.00328348105827904,-9.82821541703718e-06,42.938229960908735,0.004170409085305653,-0.00328348105827904,-9.82821541703718e-06,-0.013114646077156067,0.0616435669362545,0.028251439332962036,0.0,0.0,0.0,0.9944395173729654,-0.10530928870248647,0.0,0.10530928870248647,0.9944395173729654,0.0,0.0,0.0,1.0,0.0,0.0,0.0
12,1774970613265268650,0.119938572,119,9.939648,0.40151900066121016,42.946354180540084,0.692683131944195,-0.692683131944195,-0.01372450403869152,0.05786876007914543,0.0201130211353302,0.009379850700497627,0.03193075954914093,-0.013239574618637562,0.994446391186562,-0.1052429268185282,-0.0007714202895159677,0.1052435628844548,0.9944462714273448,0.0008362980188751567,0.0006791216002955897,-0.0009128403428110355,0.9999993527580568,0.0012864075833931565,-0.0003267108113504946,0.001148771494626999,-0.01372450403869152,0.05786876007914543,0.0201130211353302,0.009379850700497627,0.03193075954914093,-0.013239574618637562,0.994446391186562,-0.1052429268185282,-0.0007714202895159677,0.1052435628844548,0.9944462714273448,0.0008362980188751567,0.0006791216002955897,-0.0009128403428110355,0.9999993527580568,0.0012864075833931565,-0.0003267108113504946,0.001148771494626999,42.946354180540084,0.0037227210312736733,-0.0030264483962729382,-0.00022498002492682726,42.946354180540084,0.0037227210312736733,-0.0030264483962729382,-0.00022498002492682726,-0.013114646077156067,0.0616435669362545,0.028251439332962036,0.0,0.0,0.0,0.9944395173729654,-0.10530928870248647,0.0,0.10530928870248647,0.9944395173729654,0.0,0.0,0.0,1.0,0.0,0.0,0.0
13,1774970613275349554,0.130019476,130,10.080904,0.3886419999616919,42.95489720135414,0.6928209226024862,-0.6928209226024862,-0.013803905807435513,0.05774347856640816,0.019865214824676514,0.009184925816953182,0.031636565923690796,-0.013407468795776367,0.9944469029504279,-0.10523832169171499,-0.0007596972154485793,0.10523896292644741,0.994446753314308,0.0008601075699310144,0.0006649621808989849,-0.0009352808075583641,0.9999993415374343,0.0007213301723822951,-0.00011070652544731274,0.00047847552923485637,-0.013803905807435513,0.05774347856640816,0.019865214824676514,0.009184925816953182,0.031636565923690796,-0.013407468795776367,0.9944469029504279,-0.10523832169171499,-0.0007596972154485793,0.10523896292644741,0.994446753314308,0.0008601075699310144,0.0006649621808989849,-0.0009352808075583641,0.9999993415374343,0.0007213301723822951,-0.00011070652544731274,0.00047847552923485637,42.95489720135414,0.0037232101196263616,-0.0030096473988144995,-0.00012813859591120238,42.95489720135414,0.0037232101196263616,-0.0030096473988144995,-0.00012813859591120238,-0.013114646077156067,0.0616435669362545,0.028251439332962036,0.0,0.0,0.0,0.9944395173729654,-0.10530928870248647,0.0,0.10530928870248647,0.9944395173729654,0.0,0.0,0.0,1.0,0.0,0.0,0.0
14,1774970613285494772,0.140164694,140,10.145218,0.26879500001086853,42.97283084863993,0.6931101749780634,-0.6931101749780634,-0.013971881940960884,0.05749348923563957,0.019314736127853394,0.008793354034423828,0.031170282512903214,-0.013739162124693394,0.9944478712705573,-0.10522840341831596,-0.0007467776997999278,0.10522906448766944,0.9944476660556718,0.0009092309972475775,0.0006469544314451582,-0.0009827654363619874,0.9999993078108357,0.0005000089295208454,-7.486208050977439e-05,-0.0009066800121217966,-0.013971881940960884,0.05749348923563957,0.019314736127853394,0.008793354034423828,0.031170282512903214,-0.013739162124693394,0.9944478712705573,-0.10522840341831596,-0.0007467776997999278,0.10522906448766944,0.9944476660556718,0.0009092309972475775,0.0006469544314451582,-0.0009827654363619874,0.9999993078108357,0.0005000089295208454,-7.486208050977439e-05,-0.0009066800121217966,42.97283084863993,0.003517612922777627,-0.002899332454290312,7.168325637479189e-05,42.97283084863993,0.003517612922777627,-0.002899332454290312,7.168325637479189e-05,-0.013114646077156067,0.0616435669362545,0.028251439332962036,0.0,0.0,0.0,0.9944395173729654,-0.10530928870248647,0.0,0.10530928870248647,0.9944395173729654,0.0,0.0,0.0,1.0,0.0,0.0,0.0
15,1774970613295351045,0.150020967,150,9.856273,0.34074900031555444,42.98244986856221,0.6932653204606809,-0.6932653204606809,-0.014054656028747559,0.05737796053290367,0.01904374361038208,0.00860592070966959,0.030935682356357574,-0.013944744132459164,0.9944476619711835,-0.10523106574388241,-0.0007388164773741816,0.10523173185058887,0.9944474316424092,0.0009293863789420279,0.0006369138656811477,-0.0010019728321195472,0.9999992951954252,0.0008013570914044976,0.0001333570689894259,-0.00046605730312876403,-0.014054656028747559,0.05737796053290367,0.01904374361038208,0.00860592070966959,0.030935682356357574,-0.013944744132459164,0.9944476619711835,-0.10523106574388241,-0.0007388164773741816,0.10523173185058887,0.9944474316424092,0.0009293863789420279,0.0006369138656811477,-0.0010019728321195472,0.9999992951954252,0.0008013570914044976,0.0001333570689894259,-0.00046605730312876403,42.98244986856221,0.00332385819769409,-0.0028897373252625446,7.730722666477485e-06,42.98244986856221,0.00332385819769409,-0.0028897373252625446,7.730722666477485e-06,-0.013114646077156067,0.0616435669362545,0.028251439332962036,0.0,0.0,0.0,0.9944395173729654,-0.10530928870248647,0.0,0.10530928870248647,0.9944395173729654,0.0,0.0,0.0,1.0,0.0,0.0,0.0
16,1774970613305432515,0.160102437,160,10.08147,0.6146899995655986,42.98293331180098,0.6932731179322739,-0.6932731179322739,-0.014054656028747559,0.05737796053290367,0.01904374361038208,0.00860592070966959,0.030935682356357574,-0.013944744132459164,0.9944476619711835,-0.10523106574388241,-0.0007388164773741816,0.10523173185058887,0.9944474316424092,0.0009293863789420279,0.0006369138656811477,-0.0010019728321195472,0.9999992951954252,0.0008013570914044976,0.0001333570689894259,-0.00046605730312876403,-0.014054656028747559,0.05737796053290367,0.01904374361038208,0.00860592070966959,0.030935682356357574,-0.013944744132459164,0.9944476619711835,-0.10523106574388241,-0.0007388164773741816,0.10523173185058887,0.9944474316424092,0.0009293863789420279,0.0006369138656811477,-0.0010019728321195472,0.9999992951954252,0.0008013570914044976,0.0001333570689894259,-0.00046605730312876403,42.98293331180098,0.0033237924280419963,-0.0028897259735735144,7.730721696928107e-06,42.98293331180098,0.0033237924280419963,-0.0028897259735735144,7.730721696928107e-06,-0.013114646077156067,0.0616435669362545,0.028251439332962036,0.0,0.0,0.0,0.9944395173729654,-0.10530928870248647,0.0,0.10530928870248647,0.9944395173729654,0.0,0.0,0.0,1.0,0.0,0.0,0.0
17,1774970613315310621,0.169980543,169,9.878106,0.3570610006136121,43.00140062851618,0.6935709778792932,-0.6935709778792932,-0.014222991652786732,0.05716488137841225,0.018505021929740906,0.008253376930952072,0.030401984229683876,-0.014336850494146347,0.9944476220115178,-0.10523054183292224,-0.0007194391988989551,0.10523120787293405,0.9944473476621482,0.0009607647633276817,0.000614342615534072,-0.001031137644596114,0.9999992796689136,-0.0012686324771493673,-0.001309057930484414,-0.0011511087650433183,-0.014222991652786732,0.05716488137841225,0.018505021929740906,0.008253376930952072,0.030401984229683876,-0.014336850494146347,0.9944476220115178,-0.10523054183292224,-0.0007194391988989551,0.10523120787293405,0.9944473476621482,0.0009607647633276817,0.000614342615534072,-0.001031137644596114,0.9999992796689136,-0.0012686324771493673,-0.001309057930484414,-0.0011511087650433183,43.00140062851618,0.0036168254175538224,-0.002402638092476054,0.00011007676600656414,43.00140062851618,0.0036168254175538224,-0.002402638092476054,0.00011007676600656414,-0.013114646077156067,0.0616435669362545,0.028251439332962036,0.0,0.0,0.0,0.9944395173729654,-0.10530928870248647,0.0,0.10530928870248647,0.9944395173729654,0.0,0.0,0.0,1.0,0.0,0.0,0.0
18,1774970613325404649,0.180074571,180,10.094028,0.344275998941157,43.001912994364865,0.6935792418445946,-0.6935792418445946,-0.014222991652786732,0.05716488137841225,0.018505021929740906,0.008253376930952072,0.030401984229683876,-0.014336850494146347,0.9944476220115178,-0.10523054183292224,-0.0007194391988989551,0.10523120787293405,0.9944473476621482,0.0009607647633276817,0.000614342615534072,-0.001031137644596114,0.9999992796689136,-0.0012686324771493673,-0.001309057930484414,-0.0011511087650433183,-0.014222991652786732,0.05716488137841225,0.018505021929740906,0.008253376930952072,0.030401984229683876,-0.014336850494146347,0.9944476220115178,-0.10523054183292224,-0.0007194391988989551,0.10523120787293405,0.9944473476621482,0.0009607647633276817,0.000614342615534072,-0.001031137644596114,0.9999992796689136,-0.0012686324771493673,-0.001309057930484414,-0.0011511087650433183,43.001912994364865,0.003616757485447819,-0.00240262699820509,0.00011007676457429055,43.001912994364865,0.003616757485447819,-0.00240262699820509,0.00011007676457429055,-0.013114646077156067,0.0616435669362545,0.028251439332962036,0.0,0.0,0.0,0.9944395173729654,-0.10530928870248647,0.0,0.10530928870248647,0.9944395173729654,0.0,0.0,0.0,1.0,0.0,0.0,0.0
19,1774970613335332247,0.190002169,190,9.927598,0.43415800064394716,43.02654463879221,0.6939765264321324,-0.6939765264321324,-0.014477667398750782,0.05688900873064995,0.01771080493927002,0.007640882395207882,0.02971532754600048,-0.014730583876371384,0.9944474867625499,-0.10523215109869932,-0.0006898722326923509,0.10523281379200511,0.9944471457865407,0.0010072811821136007,0.0005800431237241999,-0.0010742853680006884,0.9999992547302125,-0.00043844658648595214,-0.00018838314281310886,-0.00010741123696789145,-0.014477667398750782,0.05688900873064995,0.01771080493927002,0.007640882395207882,0.02971532754600048,-0.014730583876371384,0.9944474867625499,-0.10523215109869932,-0.0006898722326923509,0.10523281379200511,0.9944471457865407,0.0010072811821136007,0.0005800431237241999,-0.0010742853680006884,0.9999992547302125,-0.00043844658648595214,-0.00018838314281310886,-0.00010741123696789145,43.02654463879221,0.003100843188869597,-0.0024717014928015593,-4.519224657002211e-05,43.02654463879221,0.003100843188869597,-0.0024717014928015593,-4.519224657002211e-05,-0.013114646077156067,0.0616435669362545,0.028251439332962036,0.0,0.0,0.0,0.9944395173729654,-0.10530928870248647,0.0,0.10530928870248647,0.9944395173729654,0.0,0.0,0.0,1.0,0.0,0.0,0.0
20,1774970613345442130,0.200112052,200,10.109883,0.5100640009914059,43.027099626713664,0.6939854778502204,-0.6939854778502204,-0.014477667398750782,0.05688900873064995,0.01771080493927002,0.007640882395207882,0.02971532754600048,-0.014730583876371384,0.9944474867625499,-0.10523215109869932,-0.0006898722326923509,0.10523281379200511,0.9944471457865407,0.0010072811821136007,0.0005800431237241999,-0.0010742853680006884,0.9999992547302125,-0.00043844658648595214,-0.00018838314281310886,-0.00010741123696789145,-0.014477667398750782,0.05688900873064995,0.01771080493927002,0.007640882395207882,0.02971532754600048,-0.014730583876371384,0.9944474867625499,-0.10523215109869932,-0.0006898722326923509,0.10523281379200511,0.9944471457865407,0.0010072811821136007,0.0005800431237241999,-0.0010742853680006884,0.9999992547302125,-0.00043844658648595214,-0.00018838314281310886,-0.00010741123696789145,43.027099626713664,0.003100772126060945,-0.002471691251193893,-4.519224884560099e-05,43.027099626713664,0.003100772126060945,-0.002471691251193893,-4.519224884560099e-05,-0.013114646077156067,0.0616435669362545,0.028251439332962036,0.0,0.0,0.0,0.9944395173729654,-0.10530928870248647,0.0,0.10530928870248647,0.9944395173729654,0.0,0.0,0.0,1.0,0.0,0.0,0.0
21,1774970613355384532,0.210054454,210,9.942402,0.30654399961349554,43.04311706096511,0.6942438235639534,-0.6942438235639534,-0.014653956517577171,0.05674045532941818,0.017182156443595886,0.007373676169663668,0.029197974130511284,-0.014947534538805485,0.9944482521335232,-0.10522613585568275,-0.0006631376647089349,0.1052267828206006,0.9944478706050148,0.0010307359783987557,0.0005509955408165013,-0.0010947931921242438,0.999999248915712,2.8000562451779842e-05,-0.0009280819213017821,-0.0006393822259269655,-0.014653956517577171,0.05674045532941818,0.017182156443595886,0.007373676169663668,0.029197974130511284,-0.014947534538805485,0.9944482521335232,-0.10522613585568275,-0.0006631376647089349,0.1052267828206006,0.9944478706050148,0.0010307359783987557,0.0005509955408165013,-0.0010947931921242438,0.999999248915712,2.8000562451779842e-05,-0.0009280819213017821,-0.0006393822259269655,43.04311706096511,0.002793125410972588,-0.002156931333512609,2.973205461293526e-05,43.04311706096511,0.002793125410972588,-0.002156931333512609,2.973205461293526e-05,-0.013114646077156067,0.0616435669362545,0.028251439332962036,0.0,0.0,0.0,0.9944395173729654,-0.10530928870248647,0.0,0.10530928870248647,0.9944395173729654,0.0,0.0,0.0,1.0,0.0,0.0,0.0
22,1774970613365369765,0.220039687,220,9.985233,0.5059550003352342,43.04369269748543,0.6942531080239586,-0.6942531080239586,-0.014653956517577171,0.05674045532941818,0.017182156443595886,0.007373676169663668,0.029197974130511284,-0.014947534538805485,0.9944482521335232,-0.10522613585568275,-0.0006631376647089349,0.1052267828206006,0.9944478706050148,0.0010307359783987557,0.0005509955408165013,-0.0010947931921242438,0.999999248915712,2.8000562451779842e-05,-0.0009280819213017821,-0.0006393822259269655,-0.014653956517577171,0.05674045532941818,0.017182156443595886,0.007373676169663668,0.029197974130511284,-0.014947534538805485,0.9944482521335232,-0.10522613585568275,-0.0006631376647089349,0.1052267828206006,0.9944478706050148,0.0010307359783987557,0.0005509955408165013,-0.0010947931921242438,0.999999248915712,2.8000562451779842e-05,-0.0009280819213017821,-0.0006393822259269655,43.04369269748543,0.0027930535046210856,-0.002156921557672161,2.9732052095745136e-05,43.04369269748543,0.0027930535046210856,-0.002156921557672161,2.9732052095745136e-05,-0.013114646077156067,0.0616435669362545,0.028251439332962036,0.0,0.0,0.0,0.9944395173729654,-0.10530928870248647,0.0,0.10530928870248647,0.9944395173729654,0.0,0.0,0.0,1.0,0.0,0.0,0.0
23,1774970613375303368,0.22997329,229,9.933603,0.5029290005040821,43.06889087787789,0.694659530288353,-0.694659530288353,-0.014916996471583843,0.05655074492096901,0.016373753547668457,0.006844137795269489,0.028586259111762047,-0.015353451482951641,0.9944489455183623,-0.10521835886687358,-0.0006263408898763371,0.10521899034737991,0.9944484905354989,0.001079041276990541,0.0005093288003352077,-0.0011389544156504058,0.9999992216832034,0.0003389741468708962,-0.0003429775242693722,5.6563167163403705e-05,-0.014916996471583843,0.05655074492096901,0.016373753547668457,0.006844137795269489,0.028586259111762047,-0.015353451482951641,0.9944489455183623,-0.10521835886687358,-0.0006263408898763371,0.10521899034737991,0.9944484905354989,0.001079041276990541,0.0005093288003352077,-0.0011389544156504058,0.9999992216832034,0.0003389741468708962,-0.0003429775242693722,5.6563167163403705e-05,43.06889087787789,0.002430284898056391,-0.002087232233901313,-8.092329367138992e-05,43.06889087787789,0.002430284898056391,-0.002087232233901313,-8.092329367138992e-05,-0.013114646077156067,0.0616435669362545,0.028251439332962036,0.0,0.0,0.0,0.9944395173729654,-0.10530928870248647,0.0,0.10530928870248647,0.9944395173729654,0.0,0.0,0.0,1.0,0.0,0.0,0.0
24,1774970613385378136,0.240048058,240,10.074768,0.48858999980438966,43.069514092341315,0.6946695821345373,-0.6946695821345373,-0.014916996471583843,0.05655074492096901,0.016373753547668457,0.006844137795269489,0.028586259111762047,-0.015353451482951641,0.9944489455183623,-0.10521835886687358,-0.0006263408898763371,0.10521899034737991,0.9944484905354989,0.001079041276990541,0.0005093288003352077,-0.0011389544156504058,0.9999992216832034,0.0003389741468708962,-0.0003429775242693722,5.6563167163403705e-05,-0.014916996471583843,0.05655074492096901,0.016373753547668457,0.006844137795269489,0.028586259111762047,-0.015353451482951641,0.9944489455183623,-0.10521835886687358,-0.0006263408898763371,0.10521899034737991,0.9944484905354989,0.001079041276990541,0.0005093288003352077,-0.0011389544156504058,0.9999992216832034,0.0003389741468708962,-0.0003429775242693722,5.6563167163403705e-05,43.069514092341315,0.002430209472550314,-0.0020872234506789868,-8.092329689030879e-05,43.069514092341315,0.002430209472550314,-0.0020872234506789868,-8.092329689030879e-05,-0.013114646077156067,0.0616435669362545,0.028251439332962036,0.0,0.0,0.0,0.9944395173729654,-0.10530928870248647,0.0,0.10530928870248647,0.9944395173729654,0.0,0.0,0.0,1.0,0.0,0.0,0.0
25,1774970613395299420,0.249969342,249,9.921284,0.5135020001034718,43.085272427124,0.6949237488245807,-0.6949237488245807,-0.01509394496679306,0.05644484981894493,0.015839070081710815,0.006590384989976883,0.028226710855960846,-0.01553421001881361,0.9944504454276385,-0.10520472397697467,-0.0006074074517264019,0.10520534566111484,0.994449953413202,0.0011030425965071356,0.00048799104557679766,-0.0011608236393004876,0.9999992071763274,0.0011913626221939921,-0.00042588438373059034,0.0004981111851520836,-0.01509394496679306,0.05644484981894493,0.015839070081710815,0.006590384989976883,0.028226710855960846,-0.01553421001881361,0.9944504454276385,-0.10520472397697467,-0.0006074074517264019,0.10520534566111484,0.994449953413202,0.0011030425965071356,0.00048799104557679766,-0.0011608236393004876,0.9999992071763274,0.0011913626221939921,-0.00042588438373059034,0.0004981111851520836,43.085272427124,0.002062178865885714,-0.001955064874367234,-0.00015814172970348735,43.085272427124,0.002062178865885714,-0.001955064874367234,-0.00015814172970348735,-0.013114646077156067,0.0616435669362545,0.028251439332962036,0.0,0.0,0.0,0.9944395173729654,-0.10530928870248647,0.0,0.10530928870248647,0.9944395173729654,0.0,0.0,0.0,1.0,0.0,0.0,0.0
26,1774970613405380909,0.260050831,260,10.081489,0.5109739995532436,43.08592413054179,0.6949342601700289,-0.6949342601700289,-0.01509394496679306,0.05644484981894493,0.015839070081710815,0.006590384989976883,0.028226710855960846,-0.01553421001881361,0.9944504454276385,-0.10520472397697467,-0.0006074074517264019,0.10520534566111484,0.994449953413202,0.0011030425965071356,0.00048799104557679766,-0.0011608236393004876,0.9999992071763274,0.0011913626221939921,-0.00042588438373059034,0.0004981111851520836,-0.01509394496679306,0.05644484981894493,0.015839070081710815,0.006590384989976883,0.028226710855960846,-0.01553421001881361,0.9944504454276385,-0.10520472397697467,-0.0006074074517264019,0.10520534566111484,0.994449953413202,0.0011030425965071356,0.00048799104557679766,-0.0011608236393004876,0.9999992071763274,0.0011913626221939921,-0.00042588438373059034,0.0004981111851520836,43.08592413054179,0.0020621014594777824,-0.001955056663602511,-0.00015814173330154486,43.08592413054179,0.0020621014594777824,-0.001955056663602511,-0.00015814173330154486,-0.013114646077156067,0.0616435669362545,0.028251439332962036,0.0,0.0,0.0,0.9944395173729654,-0.10530928870248647,0.0,0.10530928870248647,0.9944395173729654,0.0,0.0,0.0,1.0,0.0,0.0,0.0
27,1774970613415329425,0.269999347,269,9.948516,0.32637199910823256,43.10899121987589,0.6953063099979983,-0.6953063099979983,-0.015366677194833755,0.056323859840631485,0.015099108219146729,0.006152973975986242,0.027763593941926956,-0.015896841883659363,0.9944502774010815,-0.10520687223717662,-0.0005683612335975613,0.10520746242792933,0.9944497310730227,0.0011337732864528521,0.00044592598540234285,-0.0011872768727106547,0.9999991957615575,0.0007623019046150148,6.827744073234499e-05,-3.671522063086741e-05,-0.015366677194833755,0.056323859840631485,0.015099108219146729,0.006152973975986242,0.027763593941926956,-0.015896841883659363,0.9944502774010815,-0.10520687223717662,-0.0005683612335975613,0.10520746242792933,0.9944497310730227,0.0011337732864528521,0.00044592598540234285,-0.0011872768727106547,0.9999991957615575,0.0007623019046150148,6.827744073234499e-05,-3.671522063086741e-05,43.10899121987589,0.0019690524439794463,-0.0018703557151814498,-7.622437096136949e-05,43.10899121987589,0.0019690524439794463,-0.0018703557151814498,-7.622437096136949e-05,-0.013114646077156067,0.0616435669362545,0.028251439332962036,0.0,0.0,0.0,0.9944395173729654,-0.10530928870248647,0.0,0.10530928870248647,0.9944395173729654,0.0,0.0,0.0,1.0,0.0,0.0,0.0
28,1774970613425480055,0.280149977,280,10.15063,0.5427239993878175,43.10968651047551,0.6953175243625083,-0.6953175243625083,-0.015366677194833755,0.056323859840631485,0.015099108219146729,0.006152973975986242,0.027763593941926956,-0.015896841883659363,0.9944502774010815,-0.10520687223717662,-0.0005683612335975613,0.10520746242792933,0.9944497310730227,0.0011337732864528521,0.00044592598540234285,-0.0011872768727106547,0.9999991957615575,0.0007623019046150148,6.827744073234499e-05,-3.671522063086741e-05,-0.015366677194833755,0.056323859840631485,0.015099108219146729,0.006152973975986242,0.027763593941926956,-0.015896841883659363,0.9944502774010815,-0.10520687223717662,-0.0005683612335975613,0.10520746242792933,0.9944497310730227,0.0011337732864528521,0.00044592598540234285,-0.0011872768727106547,0.9999991957615575,0.0007623019046150148,6.827744073234499e-05,-3.671522063086741e-05,43.10968651047551,0.001968971898958925,-0.0018703487438919508,-7.622437509890424e-05,43.10968651047551,0.001968971898958925,-0.0018703487438919508,-7.622437509890424e-05,-0.013114646077156067,0.0616435669362545,0.028251439332962036,0.0,0.0,0.0,0.9944395173729654,-0.10530928870248647,0.0,0.10530928870248647,0.9944395173729654,0.0,0.0,0.0,1.0,0.0,0.0,0.0
29,1774970613435317116,0.289987038,289,9.837061,0.3337640009704046,43.1248278630082,0.6955617397259387,-0.6955617397259387,-0.015548965893685818,0.056269675493240356,0.014641061425209045,0.005778604187071323,0.027483735233545303,-0.016166390851140022,0.9944509421013974,-0.10520103939112868,-0.0005391114083273911,0.10520160248179966,0.9944503614123876,0.0011519976515290478,0.00041492825975528863,-0.0012023203562169411,0.9999991911299055,0.0018098067957907915,-6.967994704609737e-05,0.0014900945825502276,-0.015548965893685818,0.056269675493240356,0.014641061425209045,0.005778604187071323,0.027483735233545303,-0.016166390851140022,0.9944509421013974,-0.10520103939112868,-0.0005391114083273911,0.10520160248179966,0.9944503614123876,0.0011519976515290478,0.00041492825975528863,-0.0012023203562169411,0.9999991911299055,0.0018098067957907915,-6.967994704609737e-05,0.0014900945825502276,43.1248278630082,0.001586636116266731,-0.0016716696789229259,-0.0003099665428821346,43.1248278630082,0.001586636116266731,-0.0016716696789229259,-0.0003099665428821346,-0.013114646077156067,0.0616435669362545,0.028251439332962036,0.0,0.0,0.0,0.9944395173729654,-0.10530928870248647,0.0,0.10530928870248647,0.9944395173729654,0.0,0.0,0.0,1.0,0.0,0.0,0.0
30,1774970613445389456,0.300059378,300,10.07234,0.32547800037718844,43.12554181857737,0.6955732551383447,-0.6955732551383447,-0.015548965893685818,0.056269675493240356,0.014641061425209045,0.005778604187071323,0.027483735233545303,-0.016166390851140022,0.9944509421013974,-0.10520103939112868,-0.0005391114083273911,0.10520160248179966,0.9944503614123876,0.0011519976515290478,0.00041492825975528863,-0.0012023203562169411,0.9999991911299055,0.0018098067957907915,-6.967994704609737e-05,0.0014900945825502276,-0.015548965893685818,0.056269675493240356,0.014641061425209045,0.005778604187071323,0.027483735233545303,-0.016166390851140022,0.9944509421013974,-0.10520103939112868,-0.0005391114083273911,0.10520160248179966,0.9944503614123876,0.0011519976515290478,0.00041492825975528863,-0.0012023203562169411,0.9999991911299055,0.0018098067957907915,-6.967994704609737e-05,0.0014900945825502276,43.12554181857737,0.0015865546806391408,-0.001671664033531508,-0.00030996654739741153,43.12554181857737,0.0015865546806391408,-0.001671664033531508,-0.00030996654739741153,-0.013114646077156067,0.0616435669362545,0.028251439332962036,0.0,0.0,0.0,0.9944395173729654,-0.10530928870248647,0.0,0.10530928870248647,0.9944395173729654,0.0,0.0,0.0,1.0,0.0,0.0,0.0
