step,timestamp_ns,experiment_time_s,reference_index,tick_dt_ms,solver_ms,px4_collective_command_newton,px4_collective_normalized,px4_thrust_body_z,state_raw_0,state_raw_1,state_raw_2,state_raw_3,state_raw_4,state_raw_5,state_raw_6,state_raw_7,state_raw_8,state_raw_9,state_raw_10,state_raw_11,state_raw_12,state_raw_13,state_raw_14,state_raw_15,state_raw_16,state_raw_17,state_used_0,state_used_1,state_used_2,state_used_3,state_used_4,state_used_5,state_used_6,state_used_7,state_used_8,state_used_9,state_used_10,state_used_11,state_used_12,state_used_13,state_used_14,state_used_15,state_used_16,state_used_17,control_raw_0,control_raw_1,control_raw_2,control_raw_3,control_used_0,control_used_1,control_used_2,control_used_3,reference_0,reference_1,reference_2,reference_3,reference_4,reference_5,reference_6,reference_7,reference_8,reference_9,reference_10,reference_11,reference_12,reference_13,reference_14,reference_15,reference_16,reference_17
0,1774977904008322593,0.0,0,0.0,0.5551510002987925,42.60603619079945,0.6871941321096685,-0.6871941321096685,-0.0025586457923054695,-0.008616951294243336,-0.02759505808353424,-0.0004030883719678968,0.005966591648757458,-0.007331619970500469,0.9944919035694687,-0.10481078740163152,-0.0008008600495830326,0.10481090462592779,0.994492208060563,0.00010571719049554118,0.0007853687497665213,-0.00018907371650914162,0.9999996737234882,0.0009491179371252656,-9.221769141731784e-05,-0.00026454083854332566,-0.0025586457923054695,-0.008616951294243336,-0.02759505808353424,-0.0004030883719678968,0.005966591648757458,-0.007331619970500469,0.9944919035694687,-0.10481078740163152,-0.0008008600495830326,0.10481090462592779,0.994492208060563,0.00010571719049554118,0.0007853687497665213,-0.00018907371650914162,0.9999996737234882,0.0009491179371252656,-9.221769141731784e-05,-0.00026454083854332566,42.60603619079945,0.0004933414488096603,-0.0019392701836303322,0.0001195916132769262,42.60603619079945,0.0004933414488096603,-0.0019392701836303322,0.0001195916132769262,-0.003711400320753455,-0.0068746292963624,-0.03030426800251007,0.0,0.0,0.0,0.9945026213967275,-0.10471168050908751,0.0,0.10471168050908751,0.9945026213967275,0.0,0.0,0.0,1.0,0.0,0.0,0.0
1,1774977904018430811,0.010108218,10,10.108218,0.2644199994392693,42.600450619855046,0.6871040422557265,-0.6871040422557265,-0.0025619780644774437,-0.008900093846023083,-0.027418866753578186,-0.00045075087109580636,0.0054964604787528515,-0.007237298414111137,0.9944899951941448,-0.10482955770210811,-0.0008011565545023667,0.10482970667514757,0.9944902914545668,0.00014615792434971575,0.0007814206791137146,-0.00022933749350200448,0.9999996683929975,6.944581400603056e-06,0.00043493526754900813,-3.3673582038318273e-06,-0.0025619780644774437,-0.008900093846023083,-0.027418866753578186,-0.00045075087109580636,0.0054964604787528515,-0.007237298414111137,0.9944899951941448,-0.10482955770210811,-0.0008011565545023667,0.10482970667514757,0.9944902914545668,0.00014615792434971575,0.0007814206791137146,-0.00022933749350200448,0.9999996683929975,6.944581400603056e-06,0.00043493526754900813,-3.3673582038318273e-06,42.600450619855046,0.0004957085208936004,-0.002075524354689763,9.550474704188953e-05,42.600450619855046,0.0004957085208936004,-0.002075524354689763,9.550474704188953e-05,-0.003711400320753455,-0.0068746292963624,-0.03030426800251007,0.0,0.0,0.0,0.9945026213967275,-0.10471168050908751,0.0,0.10471168050908751,0.9945026213967275,0.0,0.0,0.0,1.0,0.0,0.0,0.0
2,1774977904028253671,0.019931078,19,9.82286,0.563975001568906,42.598582656163615,0.6870739138090906,-0.6870739138090906,-0.002577181439846754,-0.009068794548511505,-0.027341976761817932,-0.00047582120168954134,0.005197834223508835,-0.007246431894600391,0.9944891753936053,-0.10483717060213449,-0.0007973015503933544,0.10483733312482557,0.9944894642221466,0.000164739570112064,0.0007756371092807069,-0.00024741859858754163,0.9999996685855291,-0.00012296740896999836,-0.00030625006183981895,-9.268560825148597e-05,-0.002577181439846754,-0.009068794548511505,-0.027341976761817932,-0.00047582120168954134,0.005197834223508835,-0.007246431894600391,0.9944891753936053,-0.10483717060213449,-0.0007973015503933544,0.10483733312482557,0.9944894642221466,0.000164739570112064,0.0007756371092807069,-0.00024741859858754163,0.9999996685855291,-0.00012296740896999836,-0.00030625006183981895,-9.268560825148597e-05,42.598582656163615,0.0003991465355248003,-0.0018822025718862854,0.00011502238509593925,42.598582656163615,0.0003991465355248003,-0.0018822025718862854,0.00011502238509593925,-0.003711400320753455,-0.0068746292963624,-0.03030426800251007,0.0,0.0,0.0,0.9945026213967275,-0.10471168050908751,0.0,0.10471168050908751,0.9945026213967275,0.0,0.0,0.0,1.0,0.0,0.0,0.0
3,1774977904038237553,0.02991496,29,9.983882,0.5369309983507264,42.59842862874912,0.6870714294959536,-0.6870714294959536,-0.002577181439846754,-0.009068794548511505,-0.027341976761817932,-0.00047582120168954134,0.005197834223508835,-0.007246431894600391,0.9944891753936053,-0.10483717060213449,-0.0007973015503933544,0.10483733312482557,0.9944894642221466,0.000164739570112064,0.0007756371092807069,-0.00024741859858754163,0.9999996685855291,-0.00012296740896999836,-0.00030625006183981895,-9.268560825148597e-05,-0.002577181439846754,-0.009068794548511505,-0.027341976761817932,-0.00047582120168954134,0.005197834223508835,-0.007246431894600391,0.9944891753936053,-0.10483717060213449,-0.0007973015503933544,0.10483733312482557,0.9944894642221466,0.000164739570112064,0.0007756371092807069,-0.00024741859858754163,0.9999996685855291,-0.00012296740896999836,-0.00030625006183981895,-9.268560825148597e-05,42.59842862874912,0.0003991493572152698,-0.001882202447273572,0.00011502238546503043,42.59842862874912,0.0003991493572152698,-0.001882202447273572,0.00011502238546503043,-0.003711400320753455,-0.0068746292963624,-0.03030426800251007,0.0,0.0,0.0,0.9945026213967275,-0.10471168050908751,0.0,0.10471168050908751,0.9945026213967275,0.0,0.0,0.0,1.0,0.0,0.0,0.0
4,1774977904048163957,0.039841364,39,9.926404,0.28782899971702136,42.59335659058109,0.6869896224287272,-0.6869896224287272,-0.002611954230815172,-0.009403308853507042,-0.0271989107131958,-0.000639147125184536,0.004574332386255264,-0.007131474558264017,0.9944874133816272,-0.10485310518068025,-0.000786667433571215,0.10485329396138043,0.9944876839815818,0.00020258469955983065,0.0007610894372717964,-0.00028395260169713013,0.999999670056841,0.001278425334021449,-0.0004051716532558203,0.0002392921014688909,-0.002611954230815172,-0.009403308853507042,-0.0271989107131958,-0.000639147125184536,0.004574332386255264,-0.007131474558264017,0.9944874133816272,-0.10485310518068025,-0.000786667433571215,0.10485329396138043,0.9944876839815818,0.00020258469955983065,0.0007610894372717964,-0.00028395260169713013,0.999999670056841,0.001278425334021449,-0.0004051716532558203,0.0002392921014688909,42.59335659058109,-0.00021842556219053312,-0.0018111559843550754,7.803723359945831e-05,42.59335659058109,-0.00021842556219053312,-0.0018111559843550754,7.803723359945831e-05,-0.003711400320753455,-0.0068746292963624,-0.03030426800251007,0.0,0.0,0.0,0.9945026213967275,-0.10471168050908751,0.0,0.10471168050908751,0.9945026213967275,0.0,0.0,0.0,1.0,0.0,0.0,0.0
5,1774977904058396498,0.050073905,50,10.232541,0.6970449976506643,42.59319110281205,0.6869869532711621,-0.6869869532711621,-0.002611954230815172,-0.009403308853507042,-0.0271989107131958,-0.000639147125184536,0.004574332386255264,-0.007131474558264017,0.9944874133816272,-0.10485310518068025,-0.000786667433571215,0.10485329396138043,0.9944876839815818,0.00020258469955983065,0.0007610894372717964,-0.00028395260169713013,0.999999670056841,0.001278425334021449,-0.0004051716532558203,0.0002392921014688909,-0.002611954230815172,-0.009403308853507042,-0.0271989107131958,-0.000639147125184536,0.004574332386255264,-0.007131474558264017,0.9944874133816272,-0.10485310518068025,-0.000786667433571215,0.10485329396138043,0.9944876839815818,0.00020258469955983065,0.0007610894372717964,-0.00028395260169713013,0.999999670056841,0.001278425334021449,-0.0004051716532558203,0.0002392921014688909,42.59319110281205,-0.00021842320074689275,-0.0018111557737685198,7.803723390621684e-05,42.59319110281205,-0.00021842320074689275,-0.0018111557737685198,7.803723390621684e-05,-0.003711400320753455,-0.0068746292963624,-0.03030426800251007,0.0,0.0,0.0,0.9945026213967275,-0.10471168050908751,0.0,0.10471168050908751,0.9945026213967275,0.0,0.0,0.0,1.0,0.0,0.0,0.0
6,1774977904068135831,0.059813238,59,9.739333,0.3395690000616014,42.58827358539696,0.6869076384741446,-0.6869076384741446,-0.0026913511101156473,-0.009954998269677162,-0.027016058564186096,-0.0009582693455740809,0.0036641997285187244,-0.007101836148649454,0.9944840821735988,-0.104886398556991,-0.00077358871008203,0.10488663742713311,0.994484319879121,0.0002748495577712985,0.0007404937893090609,-0.0003544724527634914,0.9999996630091099,-0.00027803011471405625,0.0004434401053003967,-0.0008945028530433774,-0.0026913511101156473,-0.009954998269677162,-0.027016058564186096,-0.0009582693455740809,0.0036641997285187244,-0.007101836148649454,0.9944840821735988,-0.104886398556991,-0.00077358871008203,0.10488663742713311,0.994484319879121,0.0002748495577712985,0.0007404937893090609,-0.0003544724527634914,0.9999996630091099,-0.00027803011471405625,0.0004434401053003967,-0.0008945028530433774,42.58827358539696,-0.00027218710520066774,-0.0019426316142008128,0.00027485977320092144,42.58827358539696,-0.00027218710520066774,-0.0019426316142008128,0.00027485977320092144,-0.003711400320753455,-0.0068746292963624,-0.03030426800251007,0.0,0.0,0.0,0.9945026213967275,-0.10471168050908751,0.0,0.10471168050908751,0.9945026213967275,0.0,0.0,0.0,1.0,0.0,0.0,0.0
7,1774977904078321615,0.069999022,69,10.185784,0.39336199915851466,42.588099153958176,0.6869048250638415,-0.6869048250638415,-0.0026913511101156473,-0.009954998269677162,-0.027016058564186096,-0.0009582693455740809,0.0036641997285187244,-0.007101836148649454,0.9944840821735988,-0.104886398556991,-0.00077358871008203,0.10488663742713311,0.994484319879121,0.0002748495577712985,0.0007404937893090609,-0.0003544724527634914,0.9999996630091099,-0.00027803011471405625,0.0004434401053003967,-0.0008945028530433774,-0.0026913511101156473,-0.009954998269677162,-0.027016058564186096,-0.0009582693455740809,0.0036641997285187244,-0.007101836148649454,0.9944840821735988,-0.104886398556991,-0.00077358871008203,0.10488663742713311,0.994484319879121,0.0002748495577712985,0.0007404937893090609,-0.0003544724527634914,0.9999996630091099,-0.00027803011471405625,0.0004434401053003967,-0.0008945028530433774,42.588099153958176,-0.00027218568961684717,-0.0019426311958025448,0.0002748597733762534,42.588099153958176,-0.00027218568961684717,-0.0019426311958025448,0.0002748597733762534,-0.003711400320753455,-0.0068746292963624,-0.03030426800251007,0.0,0.0,0.0,0.9945026213967275,-0.10471168050908751,0.0,0.10471168050908751,0.9945026213967275,0.0,0.0,0.0,1.0,0.0,0.0,0.0
8,1774977904088196194,0.079873601,79,9.874579,0.5927040001552086,42.58447265181668,0.6868463330938175,-0.6868463330938175,-0.0027573537081480026,-0.010334253311157227,-0.02689678966999054,-0.001108461176045239,0.003134126076474786,-0.007055460941046476,0.9944807600541167,-0.10491774901996775,-0.0007568726848651702,0.10491802409722517,0.9944809632078063,0.000333272218505775,0.0007177292554091559,-0.0004108422430235126,0.9999996580366699,0.0019677006639540195,0.0005096003296785057,-0.000649457739200443,-0.0027573537081480026,-0.010334253311157227,-0.02689678966999054,-0.001108461176045239,0.003134126076474786,-0.007055460941046476,0.9944807600541167,-0.10491774901996775,-0.0007568726848651702,0.10491802409722517,0.9944809632078063,0.000333272218505775,0.0007177292554091559,-0.0004108422430235126,0.9999996580366699,0.0019677006639540195,0.0005096003296785057,-0.000649457739200443,42.58447265181668,-0.0011392584183072241,-0.0018948378684411117,0.0002633192847015461,42.58447265181668,-0.0011392584183072241,-0.0018948378684411117,0.0002633192847015461,-0.003711400320753455,-0.0068746292963624,-0.03030426800251007,0.0,0.0,0.0,0.9945026213967275,-0.10471168050908751,0.0,0.10471168050908751,0.9945026213967275,0.0,0.0,0.0,1.0,0.0,0.0,0.0
9,1774977904098280343,0.08995775,89,10.084149,0.5022840014134999,42.58429369708578,0.6868434467271901,-0.6868434467271901,-0.0027573537081480026,-0.010334253311157227,-0.02689678966999054,-0.001108461176045239,0.003134126076474786,-0.007055460941046476,0.9944807600541167,-0.10491774901996775,-0.0007568726848651702,0.10491802409722517,0.9944809632078063,0.000333272218505775,0.0007177292554091559,-0.0004108422430235126,0.9999996580366699,0.0019677006639540195,0.0005096003296785057,-0.000649457739200443,-0.0027573537081480026,-0.010334253311157227,-0.02689678966999054,-0.001108461176045239,0.003134126076474786,-0.007055460941046476,0.9944807600541167,-0.10491774901996775,-0.0007568726848651702,0.10491802409722517,0.9944809632078063,0.000333272218505775,0.0007177292554091559,-0.0004108422430235126,0.9999996580366699,0.0019677006639540195,0.0005096003296785057,-0.000649457739200443,42.58429369708578,-0.0011392576364114943,-0.0018948373448841537,0.00026331928478080894,42.58429369708578,-0.0011392576364114943,-0.0018948373448841537,0.00026331928478080894,-0.003711400320753455,-0.0068746292963624,-0.03030426800251007,0.0,0.0,0.0,0.9945026213967275,-0.10471168050908751,0.0,0.10471168050908751,0.9945026213967275,0.0,0.0,0.0,1.0,0.0,0.0,0.0
10,1774977904108274327,0.099951734,99,9.993984,0.5503969987330493,42.58030707377803,0.6867791463512586,-0.6867791463512586,-0.002873461227864027,-0.010934801772236824,-0.026730328798294067,-0.0013299986021593213,0.0022463554050773382,-0.007068889681249857,0.9944777578953464,-0.10494626675351504,-0.000748471250130266,0.10494658840490723,0.9944779234884961,0.00040415285711067374,0.0007019237619844184,-0.0004804703700998902,0.99999963822561,0.0007580838282592595,-0.00014950614422559738,-0.0006547977100126445,-0.002873461227864027,-0.010934801772236824,-0.026730328798294067,-0.0013299986021593213,0.0022463554050773382,-0.007068889681249857,0.9944777578953464,-0.10494626675351504,-0.000748471250130266,0.10494658840490723,0.9944779234884961,0.00040415285711067374,0.0007019237619844184,-0.0004804703700998902,0.99999963822561,0.0007580838282592595,-0.00014950614422559738,-0.0006547977100126445,42.58030707377803,-0.0012763930776888085,-0.001676422550445054,0.0002870404028254268,42.58030707377803,-0.0012763930776888085,-0.001676422550445054,0.0002870404028254268,-0.003711400320753455,-0.0068746292963624,-0.03030426800251007,0.0,0.0,0.0,0.9945026213967275,-0.10471168050908751,0.0,0.10471168050908751,0.9945026213967275,0.0,0.0,0.0,1.0,0.0,0.0,0.0
11,1774977904118221900,0.109899307,109,9.947573,0.45295400195755064,42.58012191891896,0.6867761599825639,-0.6867761599825639,-0.002873461227864027,-0.010934801772236824,-0.026730328798294067,-0.0013299986021593213,0.0022463554050773382,-0.007068889681249857,0.9944777578953464,-0.10494626675351504,-0.000748471250130266,0.10494658840490723,0.9944779234884961,0.00040415285711067374,0.0007019237619844184,-0.0004804703700998902,0.99999963822561,0.0007580838282592595,-0.00014950614422559738,-0.0006547977100126445,-0.002873461227864027,-0.010934801772236824,-0.026730328798294067,-0.0013299986021593213,0.0022463554050773382,-0.007068889681249857,0.9944777578953464,-0.10494626675351504,-0.000748471250130266,0.10494658840490723,0.9944779234884961,0.00040415285711067374,0.0007019237619844184,-0.0004804703700998902,0.99999963822561,0.0007580838282592595,-0.00014950614422559738,-0.0006547977100126445,42.58012191891896,-0.001276393409360086,-0.00167642186673921,0.0002870404027348241,42.58012191891896,-0.001276393409360086,-0.00167642186673921,0.0002870404027348241,-0.003711400320753455,-0.0068746292963624,-0.03030426800251007,0.0,0.0,0.0,0.9945026213967275,-0.10471168050908751,0.0,0.10471168050908751,0.9945026213967275,0.0,0.0,0.0,1.0,0.0,0.0,0.0
12,1774977904128125244,0.119802651,119,9.903344,0.3611190004448872,42.577412961674256,0.6867324671237783,-0.6867324671237783,-0.002960102166980505,-0.011343090794980526,-0.02663975954055786,-0.0015135896392166615,0.0016514870803803205,-0.0070415278896689415,0.9944760859580519,-0.10496220981637494,-0.0007476855618405182,0.10496256219461464,0.9944762286286029,0.0004486601765670683,0.0006964631193818894,-0.0005246606300865469,0.9999996198351544,-0.0009174174047075212,0.0009935687994584441,0.000598254322540015,-0.002960102166980505,-0.011343090794980526,-0.02663975954055786,-0.0015135896392166615,0.0016514870803803205,-0.0070415278896689415,0.9944760859580519,-0.10496220981637494,-0.0007476855618405182,0.10496256219461464,0.9944762286286029,0.0004486601765670683,0.0006964631193818894,-0.0005246606300865469,0.9999996198351544,-0.0009174174047075212,0.0009935687994584441,0.000598254322540015,42.577412961674256,-0.0011462012477027044,-0.0019301597467753576,0.00011189140573826946,42.577412961674256,-0.0011462012477027044,-0.0019301597467753576,0.00011189140573826946,-0.003711400320753455,-0.0068746292963624,-0.03030426800251007,0.0,0.0,0.0,0.9945026213967275,-0.10471168050908751,0.0,0.10471168050908751,0.9945026213967275,0.0,0.0,0.0,1.0,0.0,0.0,0.0
13,1774977904138215341,0.129892748,129,10.090097,0.47690099745523185,42.57722039466714,0.6867293612043086,-0.6867293612043086,-0.002960102166980505,-0.011343090794980526,-0.02663975954055786,-0.0015135896392166615,0.0016514870803803205,-0.0070415278896689415,0.9944760859580519,-0.10496220981637494,-0.0007476855618405182,0.10496256219461464,0.9944762286286029,0.0004486601765670683,0.0006964631193818894,-0.0005246606300865469,0.9999996198351544,-0.0009174174047075212,0.0009935687994584441,0.000598254322540015,-0.002960102166980505,-0.011343090794980526,-0.02663975954055786,-0.0015135896392166615,0.0016514870803803205,-0.0070415278896689415,0.9944760859580519,-0.10496220981637494,-0.0007476855618405182,0.10496256219461464,0.9944762286286029,0.0004486601765670683,0.0006964631193818894,-0.0005246606300865469,0.9999996198351544,-0.0009174174047075212,0.0009935687994584441,0.000598254322540015,42.57722039466714,-0.0011462023951359494,-0.00193015889977658,0.00011189140551266983,42.57722039466714,-0.0011462023951359494,-0.00193015889977658,0.00011189140551266983,-0.003711400320753455,-0.0068746292963624,-0.03030426800251007,0.0,0.0,0.0,0.9945026213967275,-0.10471168050908751,0.0,0.10471168050908751,0.9945026213967275,0.0,0.0,0.0,1.0,0.0,0.0,0.0
14,1774977904148162199,0.139839606,139,9.946858,0.2863670015358366,42.573907994836105,0.6866759354005824,-0.6866759354005824,-0.00309742265380919,-0.012017079629004002,-0.026563778519630432,-0.0017783318180590868,0.000684459344483912,-0.006941551808267832,0.9944739408881693,-0.10498080874564186,-0.0007295509347364799,0.10498119899007952,0.9944740319415795,0.0005188521345866805,0.0006710499482682434,-0.0005925741058038347,0.9999995992738535,0.00013848113303538412,0.0005302977515384555,0.00034115472226403654,-0.00309742265380919,-0.012017079629004002,-0.026563778519630432,-0.0017783318180590868,0.000684459344483912,-0.006941551808267832,0.9944739408881693,-0.10498080874564186,-0.0007295509347364799,0.10498119899007952,0.9944740319415795,0.0005188521345866805,0.0006710499482682434,-0.0005925741058038347,0.9999995992738535,0.00013848113303538412,0.0005302977515384555,0.00034115472226403654,42.573907994836105,-0.001874687249627137,-0.0017275872572623985,0.00016540966235362777,42.573907994836105,-0.001874687249627137,-0.0017275872572623985,0.00016540966235362777,-0.003711400320753455,-0.0068746292963624,-0.03030426800251007,0.0,0.0,0.0,0.9945026213967275,-0.10471168050908751,0.0,0.10471168050908751,0.9945026213967275,0.0,0.0,0.0,1.0,0.0,0.0,0.0
15,1774977904158265572,0.149942979,149,10.103373,0.4521390001173131,42.573711176468166,0.6866727609107769,-0.6866727609107769,-0.00309742265380919,-0.012017079629004002,-0.026563778519630432,-0.0017783318180590868,0.000684459344483912,-0.006941551808267832,0.9944739408881693,-0.10498080874564186,-0.0007295509347364799,0.10498119899007952,0.9944740319415795,0.0005188521345866805,0.0006710499482682434,-0.0005925741058038347,0.9999995992738535,0.00013848113303538412,0.0005302977515384555,0.00034115472226403654,-0.00309742265380919,-0.012017079629004002,-0.026563778519630432,-0.0017783318180590868,0.000684459344483912,-0.006941551808267832,0.9944739408881693,-0.10498080874564186,-0.0007295509347364799,0.10498119899007952,0.9944740319415795,0.0005188521345866805,0.0006710499482682434,-0.0005925741058038347,0.9999995992738535,0.00013848113303538412,0.0005302977515384555,0.00034115472226403654,42.573711176468166,-0.0018746897585265694,-0.0017275862000212456,0.00016540966189950064,42.573711176468166,-0.0018746897585265694,-0.0017275862000212456,0.00016540966189950064,-0.003711400320753455,-0.0068746292963624,-0.03030426800251007,0.0,0.0,0.0,0.9945026213967275,-0.10471168050908751,0.0,0.10471168050908751,0.9945026213967275,0.0,0.0,0.0,1.0,0.0,0.0,0.0
16,1774977904168178642,0.159856049,159,9.91307,0.31929499891703017,42.57274319000597,0.6866571482259027,-0.6866571482259027,-0.0031970639247447252,-0.012481605634093285,-0.026529833674430847,-0.0020333873108029366,-9.920579032041132e-05,-0.00694458931684494,0.994472340935862,-0.104997286037253,-0.0007044984242322305,0.10499768978163315,0.9944723885794484,0.000562826205955803,0.000641509000747408,-0.000633685702707866,0.9999995934542635,-1.399236498400569e-05,-0.0006866967887617648,-0.0007819933816790581,-0.0031970639247447252,-0.012481605634093285,-0.026529833674430847,-0.0020333873108029366,-9.920579032041132e-05,-0.00694458931684494,0.994472340935862,-0.104997286037253,-0.0007044984242322305,0.10499768978163315,0.9944723885794484,0.000562826205955803,0.000641509000747408,-0.000633685702707866,0.9999995934542635,-1.399236498400569e-05,-0.0006866967887617648,-0.0007819933816790581,42.57274319000597,-0.0021710571281088765,-0.0013192944388346244,0.00034709847306232917,42.57274319000597,-0.0021710571281088765,-0.0013192944388346244,0.00034709847306232917,-0.003711400320753455,-0.0068746292963624,-0.03030426800251007,0.0,0.0,0.0,0.9945026213967275,-0.10471168050908751,0.0,0.10471168050908751,0.9945026213967275,0.0,0.0,0.0,1.0,0.0,0.0,0.0
17,1774977904178261608,0.169939015,169,10.082966,0.369550001778407,42.57254498666301,0.6866539513977905,-0.6866539513977905,-0.0031970639247447252,-0.012481605634093285,-0.026529833674430847,-0.0020333873108029366,-9.920579032041132e-05,-0.00694458931684494,0.994472340935862,-0.104997286037253,-0.0007044984242322305,0.10499768978163315,0.9944723885794484,0.000562826205955803,0.000641509000747408,-0.000633685702707866,0.9999995934542635,-1.399236498400569e-05,-0.0006866967887617648,-0.0007819933816790581,-0.0031970639247447252,-0.012481605634093285,-0.026529833674430847,-0.0020333873108029366,-9.920579032041132e-05,-0.00694458931684494,0.994472340935862,-0.104997286037253,-0.0007044984242322305,0.10499768978163315,0.9944723885794484,0.000562826205955803,0.000641509000747408,-0.000633685702707866,0.9999995934542635,-1.399236498400569e-05,-0.0006866967887617648,-0.0007819933816790581,42.57254498666301,-0.0021710607002352147,-0.0013192931814534992,0.00034709847242283024,42.57254498666301,-0.0021710607002352147,-0.0013192931814534992,0.00034709847242283024,-0.003711400320753455,-0.0068746292963624,-0.03030426800251007,0.0,0.0,0.0,0.9945026213967275,-0.10471168050908751,0.0,0.10471168050908751,0.9945026213967275,0.0,0.0,0.0,1.0,0.0,0.0,0.0
18,1774977904188160577,0.179837984,179,9.898969,0.38616500023636036,42.570946340995896,0.6866281667902564,-0.6866281667902564,-0.003359695663675666,-0.013201861642301083,-0.026507288217544556,-0.0023537995293736458,-0.0010954085737466812,-0.0068786111660301685,0.9944696446153224,-0.10502333570927758,-0.0007086517070587485,0.10502379126036288,0.9944696433996391,0.0006394670280002591,0.0006375736502941339,-0.0007103556589958131,0.9999995444472924,-0.00016358483117073774,0.00018061806622426957,-0.0006728095468133688,-0.003359695663675666,-0.013201861642301083,-0.026507288217544556,-0.0023537995293736458,-0.0010954085737466812,-0.0068786111660301685,0.9944696446153224,-0.10502333570927758,-0.0007086517070587485,0.10502379126036288,0.9944696433996391,0.0006394670280002591,0.0006375736502941339,-0.0007103556589958131,0.9999995444472924,-0.00016358483117073774,0.00018061806622426957,-0.0006728095468133688,42.570946340995896,-0.0026276604511913716,-0.0014918073928135564,0.00035164180213062877,42.570946340995896,-0.0026276604511913716,-0.0014918073928135564,0.00035164180213062877,-0.003711400320753455,-0.0068746292963624,-0.03030426800251007,0.0,0.0,0.0,0.9945026213967275,-0.10471168050908751,0.0,0.10471168050908751,0.9945026213967275,0.0,0.0,0.0,1.0,0.0,0.0,0.0
19,1774977904198259028,0.189936435,189,10.098451,0.3073429979849607,42.57074664754355,0.6866249459281218,-0.6866249459281218,-0.003359695663675666,-0.013201861642301083,-0.026507288217544556,-0.0023537995293736458,-0.0010954085737466812,-0.0068786111660301685,0.9944696446153224,-0.10502333570927758,-0.0007086517070587485,0.10502379126036288,0.9944696433996391,0.0006394670280002591,0.0006375736502941339,-0.0007103556589958131,0.9999995444472924,-0.00016358483117073774,0.00018061806622426957,-0.0006728095468133688,-0.003359695663675666,-0.013201861642301083,-0.026507288217544556,-0.0023537995293736458,-0.0010954085737466812,-0.0068786111660301685,0.9944696446153224,-0.10502333570927758,-0.0007086517070587485,0.10502379126036288,0.9944696433996391,0.0006394670280002591,0.0006375736502941339,-0.0007103556589958131,0.9999995444472924,-0.00016358483117073774,0.00018061806622426957,-0.0006728095468133688,42.57074664754355,-0.002627665468557438,-0.0014918058695424763,0.00035164180119707394,42.57074664754355,-0.002627665468557438,-0.0014918058695424763,0.00035164180119707394,-0.003711400320753455,-0.0068746292963624,-0.03030426800251007,0.0,0.0,0.0,0.9945026213967275,-0.10471168050908751,0.0,0.10471168050908751,0.9945026213967275,0.0,0.0,0.0,1.0,0.0,0.0,0.0
20,1774977904208288116,0.199965523,199,10.029088,0.457215999631444,42.57046141461694,0.6866203453970475,-0.6866203453970475,-0.0034114611335098743,-0.013465551659464836,-0.02651578187942505,-0.002481628442183137,-0.0014542069984599948,-0.006856491789221764,0.9944693516705241,-0.10502581695050761,-0.0007095106069442449,0.10502628838982653,0.9944693336805914,0.0006634451336437371,0.000635907676068765,-0.0007342929757520288,0.9999995282175617,0.0005794711178168654,0.0008096127421595156,0.0012424209853634238,-0.0034114611335098743,-0.013465551659464836,-0.02651578187942505,-0.002481628442183137,-0.0014542069984599948,-0.006856491789221764,0.9944693516705241,-0.10502581695050761,-0.0007095106069442449,0.10502628838982653,0.9944693336805914,0.0006634451336437371,0.000635907676068765,-0.0007342929757520288,0.9999995282175617,0.0005794711178168654,0.0008096127421595156,0.0012424209853634238,42.57046141461694,-0.0029829226371175456,-0.0016299387961540446,6.6344132323329e-05,42.57046141461694,-0.0029829226371175456,-0.0016299387961540446,6.6344132323329e-05,-0.003711400320753455,-0.0068746292963624,-0.03030426800251007,0.0,0.0,0.0,0.9945026213967275,-0.10471168050908751,0.0,0.10471168050908751,0.9945026213967275,0.0,0.0,0.0,1.0,0.0,0.0,0.0
21,1774977904218217461,0.209894868,209,9.929345,0.40252000326290727,42.570160833573496,0.6866154973157016,-0.6866154973157016,-0.0034647793509066105,-0.013727870769798756,-0.026502877473831177,-0.0025769337080419064,-0.0017888577422127128,-0.006872347090393305,0.9944688929884168,-0.1050298936503149,-0.0007084181308950658,0.10503038240495455,0.9944688528924869,0.0006920525215584916,0.0006318135676082171,-0.0007626300260037641,0.9999995096034447,0.0009684242540970445,2.1420506527647376e-05,0.00044975042692385614,-0.0034647793509066105,-0.013727870769798756,-0.026502877473831177,-0.0025769337080419064,-0.0017888577422127128,-0.006872347090393305,0.9944688929884168,-0.1050298936503149,-0.0007084181308950658,0.10503038240495455,0.9944688528924869,0.0006920525215584916,0.0006318135676082171,-0.0007626300260037641,0.9999995096034447,0.0009684242540970445,2.1420506527647376e-05,0.00044975042692385614,42.570160833573496,-0.0032555982105101624,-0.0014147077531387728,0.0001885148381252118,42.570160833573496,-0.0032555982105101624,-0.0014147077531387728,0.0001885148381252118,-0.003711400320753455,-0.0068746292963624,-0.03030426800251007,0.0,0.0,0.0,0.9945026213967275,-0.10471168050908751,0.0,0.10471168050908751,0.9945026213967275,0.0,0.0,0.0,1.0,0.0,0.0,0.0
22,1774977904228370322,0.220047729,220,10.152861,0.3259900004195515,42.56867722011686,0.686591568066401,-0.686591568066401,-0.003625418059527874,-0.014537472277879715,-0.02647043764591217,-0.0029156175442039967,-0.002867851871997118,-0.0068340059369802475,0.9944640685030585,-0.10507562129857817,-0.0006978951002603508,0.10507614803799559,0.994463962282358,0.0007665688187252768,0.0006134838426268279,-0.0008356571663338339,0.9999994626572314,-0.0005936017259955406,0.0010179952951148152,-0.00018921316950581968,-0.003625418059527874,-0.014537472277879715,-0.02647043764591217,-0.0029156175442039967,-0.002867851871997118,-0.0068340059369802475,0.9944640685030585,-0.10507562129857817,-0.0006978951002603508,0.10507614803799559,0.994463962282358,0.0007665688187252768,0.0006134838426268279,-0.0008356571663338339,0.9999994626572314,-0.0005936017259955406,0.0010179952951148152,-0.00018921316950581968,42.56867722011686,-0.003382279161362687,-0.001582331910490993,0.0003211016104236928,42.56867722011686,-0.003382279161362687,-0.001582331910490993,0.0003211016104236928,-0.003711400320753455,-0.0068746292963624,-0.03030426800251007,0.0,0.0,0.0,0.9945026213967275,-0.10471168050908751,0.0,0.10471168050908751,0.9945026213967275,0.0,0.0,0.0,1.0,0.0,0.0,0.0
23,1774977904238222274,0.229899681,229,9.851952,0.3857869996863883,42.568480510351094,0.6865883953282435,-0.6865883953282435,-0.003625418059527874,-0.014537472277879715,-0.02647043764591217,-0.0029156175442039967,-0.002867851871997118,-0.0068340059369802475,0.9944640685030585,-0.10507562129857817,-0.0006978951002603508,0.10507614803799559,0.994463962282358,0.0007665688187252768,0.0006134838426268279,-0.0008356571663338339,0.9999994626572314,-0.0005936017259955406,0.0010179952951148152,-0.00018921316950581968,-0.003625418059527874,-0.014537472277879715,-0.02647043764591217,-0.0029156175442039967,-0.002867851871997118,-0.0068340059369802475,0.9944640685030585,-0.10507562129857817,-0.0006978951002603508,0.10507614803799559,0.994463962282358,0.0007665688187252768,0.0006134838426268279,-0.0008356571663338339,0.9999994626572314,-0.0005936017259955406,0.0010179952951148152,-0.00018921316950581968,42.568480510351094,-0.0033822866193470172,-0.00158232998556111,0.0003211016089564714,42.568480510351094,-0.0033822866193470172,-0.00158232998556111,0.0003211016089564714,-0.003711400320753455,-0.0068746292963624,-0.03030426800251007,0.0,0.0,0.0,0.9945026213967275,-0.10471168050908751,0.0,0.10471168050908751,0.9945026213967275,0.0,0.0,0.0,1.0,0.0,0.0,0.0
24,1774977904248527154,0.240204561,240,10.30488,0.4212339990772307,42.566301625359394,0.6865532520219257,-0.6865532520219257,-0.0037292568013072014,-0.015111221931874752,-0.026447966694831848,-0.0031382234301418066,-0.0036259645130485296,-0.00672415504232049,0.9944615106975067,-0.10510061483918909,-0.0006876055530596892,0.10510115962617039,0.9944613602214344,0.0008109079232690355,0.0005985702618968667,-0.000878684640921723,0.9999994348133908,-0.00011412071762606502,-6.899541767779738e-05,2.9348686439334415e-05,-0.0037292568013072014,-0.015111221931874752,-0.026447966694831848,-0.0031382234301418066,-0.0036259645130485296,-0.00672415504232049,0.9944615106975067,-0.10510061483918909,-0.0006876055530596892,0.10510115962617039,0.9944613602214344,0.0008109079232690355,0.0005985702618968667,-0.000878684640921723,0.9999994348133908,-0.00011412071762606502,-6.899541767779738e-05,2.9348686439334415e-05,42.566301625359394,-0.0038457075824677987,-0.0012503903471842057,0.00030838637876022263,42.566301625359394,-0.0038457075824677987,-0.0012503903471842057,0.00030838637876022263,-0.003711400320753455,-0.0068746292963624,-0.03030426800251007,0.0,0.0,0.0,0.9945026213967275,-0.10471168050908751,0.0,0.10471168050908751,0.9945026213967275,0.0,0.0,0.0,1.0,0.0,0.0,0.0
25,1774977904258389816,0.250067223,250,9.862662,0.6027899980836082,42.56610354754305,0.6865500572184363,-0.6865500572184363,-0.0037292568013072014,-0.015111221931874752,-0.026447966694831848,-0.0031382234301418066,-0.0036259645130485296,-0.00672415504232049,0.9944615106975067,-0.10510061483918909,-0.0006876055530596892,0.10510115962617039,0.9944613602214344,0.0008109079232690355,0.0005985702618968667,-0.000878684640921723,0.9999994348133908,-0.00011412071762606502,-6.899541767779738e-05,2.9348686439334415e-05,-0.0037292568013072014,-0.015111221931874752,-0.026447966694831848,-0.0031382234301418066,-0.0036259645130485296,-0.00672415504232049,0.9944615106975067,-0.10510061483918909,-0.0006876055530596892,0.10510115962617039,0.9944613602214344,0.0008109079232690355,0.0005985702618968667,-0.000878684640921723,0.9999994348133908,-0.00011412071762606502,-6.899541767779738e-05,2.9348686439334415e-05,42.56610354754305,-0.0038457161756034865,-0.0012503882485991483,0.00030838637704553966,42.56610354754305,-0.0038457161756034865,-0.0012503882485991483,0.00030838637704553966,-0.003711400320753455,-0.0068746292963624,-0.03030426800251007,0.0,0.0,0.0,0.9945026213967275,-0.10471168050908751,0.0,0.10471168050908751,0.9945026213967275,0.0,0.0,0.0,1.0,0.0,0.0,0.0
26,1774977904268281274,0.259958681,259,9.891458,0.47317500138888136,42.565113629175976,0.6865340907931609,-0.6865340907931609,-0.00391960795968771,-0.016009557992219925,-0.02641330659389496,-0.003494609845802188,-0.0047176857478916645,-0.006727730389684439,0.9944591417531978,-0.1051220690712622,-0.0006757307529086237,0.10512264225130541,0.9944589236177694,0.0008774722326185726,0.0005797447927562514,-0.0009436448191534191,0.9999993867150524,0.0003213162417523563,3.047913924092427e-05,0.0008099155966192484,-0.00391960795968771,-0.016009557992219925,-0.02641330659389496,-0.003494609845802188,-0.0047176857478916645,-0.006727730389684439,0.9944591417531978,-0.1051220690712622,-0.0006757307529086237,0.10512264225130541,0.9944589236177694,0.0008774722326185726,0.0005797447927562514,-0.0009436448191534191,0.9999993867150524,0.0003213162417523563,3.047913924092427e-05,0.0008099155966192484,42.565113629175976,-0.004466474594843865,-0.001184506816241209,0.00020851718164624023,42.565113629175976,-0.004466474594843865,-0.001184506816241209,0.00020851718164624023,-0.003711400320753455,-0.0068746292963624,-0.03030426800251007,0.0,0.0,0.0,0.9945026213967275,-0.10471168050908751,0.0,0.10471168050908751,0.9945026213967275,0.0,0.0,0.0,1.0,0.0,0.0,0.0
27,1774977904278358425,0.270035832,270,10.077151,0.5341930009308271,42.56490942463339,0.6865307971715063,-0.6865307971715063,-0.00391960795968771,-0.016009557992219925,-0.02641330659389496,-0.003494609845802188,-0.0047176857478916645,-0.006727730389684439,0.9944591417531978,-0.1051220690712622,-0.0006757307529086237,0.10512264225130541,0.9944589236177694,0.0008774722326185726,0.0005797447927562514,-0.0009436448191534191,0.9999993867150524,0.0003213162417523563,3.047913924092427e-05,0.0008099155966192484,-0.00391960795968771,-0.016009557992219925,-0.02641330659389496,-0.003494609845802188,-0.0047176857478916645,-0.006727730389684439,0.9944591417531978,-0.1051220690712622,-0.0006757307529086237,0.10512264225130541,0.9944589236177694,0.0008774722326185726,0.0005797447927562514,-0.0009436448191534191,0.9999993867150524,0.0003213162417523563,3.047913924092427e-05,0.0008099155966192484,42.56490942463339,-0.004466485111477578,-0.0011845043599259932,0.0002085171794736616,42.56490942463339,-0.004466485111477578,-0.0011845043599259932,0.0002085171794736616,-0.003711400320753455,-0.0068746292963624,-0.03030426800251007,0.0,0.0,0.0,0.9945026213967275,-0.10471168050908751,0.0,0.10471168050908751,0.9945026213967275,0.0,0.0,0.0,1.0,0.0,0.0,0.0
28,1774977904288234392,0.279911799,279,9.875967,0.3923900003428571,42.56423834095105,0.686519973241146,-0.686519973241146,-0.003989946562796831,-0.016314076259732246,-0.026403427124023438,-0.003618888556957245,-0.005078680347651243,-0.006709950976073742,0.9944580897563337,-0.10513270689358611,-0.0006713704485130385,0.10513328902071217,0.9944578473815985,0.0009002221022939528,0.0005730068585179148,-0.0009658163659239643,0.9999993694308102,0.0004617042141035199,-0.0002618324651848525,0.0004635034711100161,-0.003989946562796831,-0.016314076259732246,-0.026403427124023438,-0.003618888556957245,-0.005078680347651243,-0.006709950976073742,0.9944580897563337,-0.10513270689358611,-0.0006713704485130385,0.10513328902071217,0.9944578473815985,0.0009002221022939528,0.0005730068585179148,-0.0009658163659239643,0.9999993694308102,0.0004617042141035199,-0.0002618324651848525,0.0004635034711100161,42.56423834095105,-0.0046739157178509565,-0.001078180001418495,0.00026901176822222215,42.56423834095105,-0.0046739157178509565,-0.001078180001418495,0.00026901176822222215,-0.003711400320753455,-0.0068746292963624,-0.03030426800251007,0.0,0.0,0.0,0.9945026213967275,-0.10471168050908751,0.0,0.10471168050908751,0.9945026213967275,0.0,0.0,0.0,1.0,0.0,0.0,0.0
29,1774977904298238280,0.289915687,289,10.003888,0.3003619967785198,42.56326170237932,0.6865042210061181,-0.6865042210061181,-0.004061771556735039,-0.016616836190223694,-0.02639557421207428,-0.0037671965546905994,-0.00540986517444253,-0.006665192078799009,0.9944565840200033,-0.10514706639186744,-0.0006664540296472468,0.10514765453926933,0.9944563203185732,0.0009192148760977514,0.000566106713875969,-0.0009841951791067713,0.9999993554413833,-0.0008738372707739472,-7.319845462916419e-05,-0.0011432865867391229,-0.004061771556735039,-0.016616836190223694,-0.02639557421207428,-0.0037671965546905994,-0.00540986517444253,-0.006665192078799009,0.9944565840200033,-0.10514706639186744,-0.0006664540296472468,0.10514765453926933,0.9944563203185732,0.0009192148760977514,0.000566106713875969,-0.0009841951791067713,0.9999993554413833,-0.0008738372707739472,-7.319845462916419e-05,-0.0011432865867391229,42.56326170237932,-0.004497243273133228,-0.001085023186972344,0.0005215608537315849,42.56326170237932,-0.004497243273133228,-0.001085023186972344,0.0005215608537315849,-0.003711400320753455,-0.0068746292963624,-0.03030426800251007,0.0,0.0,0.0,0.9945026213967275,-0.10471168050908751,0.0,0.10471168050908751,0.9945026213967275,0.0,0.0,0.0,1.0,0.0,0.0,0.0
30,1774977904308410840,0.300088247,300,10.17256,0.5972559993097093,42.56174427580915,0.6864797463840185,-0.6864797463840185,-0.004222945310175419,-0.01726776920258999,-0.026353582739830017,-0.003970919642597437,-0.006164367310702801,-0.006642291788011789,0.9944547319946018,-0.1051633826941476,-0.0006591058662660798,0.10516399215477934,0.9944544123553165,0.0009705502447640846,0.0005533843873606059,-0.0010344824988290091,0.9999993118055984,0.00011257003643549979,0.0002751653373707086,-7.89664190961048e-05,-0.004222945310175419,-0.01726776920258999,-0.026353582739830017,-0.003970919642597437,-0.006164367310702801,-0.006642291788011789,0.9944547319946018,-0.1051633826941476,-0.0006591058662660798,0.10516399215477934,0.9944544123553165,0.0009705502447640846,0.0005533843873606059,-0.0010344824988290091,0.9999993118055984,0.00011257003643549979,0.0002751653373707086,-7.89664190961048e-05,42.56174427580915,-0.005114337491421532,-0.0011167453735856383,0.0003750119481715177,42.56174427580915,-0.005114337491421532,-0.0011167453735856383,0.0003750119481715177,-0.003711400320753455,-0.0068746292963624,-0.03030426800251007,0.0,0.0,0.0,0.9945026213967275,-0.10471168050908751,0.0,0.10471168050908751,0.9945026213967275,0.0,0.0,0.0,1.0,0.0,0.0,0.0
