step,timestamp_ns,experiment_time_s,reference_index,tick_dt_ms,solver_ms,px4_collective_command_newton,px4_collective_normalized,px4_thrust_body_z,state_raw_0,state_raw_1,state_raw_2,state_raw_3,state_raw_4,state_raw_5,state_raw_6,state_raw_7,state_raw_8,state_raw_9,state_raw_10,state_raw_11,state_raw_12,state_raw_13,state_raw_14,state_raw_15,state_raw_16,state_raw_17,state_used_0,state_used_1,state_used_2,state_used_3,state_used_4,state_used_5,state_used_6,state_used_7,state_used_8,state_used_9,state_used_10,state_used_11,state_used_12,state_used_13,state_used_14,state_used_15,state_used_16,state_used_17,control_raw_0,control_raw_1,control_raw_2,control_raw_3,control_used_0,control_used_1,control_used_2,control_used_3,reference_0,reference_1,reference_2,reference_3,reference_4,reference_5,reference_6,reference_7,reference_8,reference_9,reference_10,reference_11,reference_12,reference_13,reference_14,reference_15,reference_16,reference_17
0,1774889580542014378,0.0,0,0.0,0.7073930000842665,42.356894211432206,0.6831757130876163,-0.6831757130876163,-0.01001298613846302,-0.01817762479186058,0.041848793625831604,-0.009430999867618084,-0.01004969235509634,0.022369273006916046,0.9945856421733409,-0.10392061226380322,0.0004658041090514634,0.10392042387257527,0.9945856856229299,0.00041194680028057776,-0.0005060917338701489,-0.00036130982712755024,0.9999998066631913,-2.4514025426469743e-05,0.00021517265122383833,-0.00017608892812859267,-0.01001298613846302,-0.01817762479186058,0.041848793625831604,-0.009430999867618084,-0.01004969235509634,0.022369273006916046,0.9945856421733409,-0.10392061226380322,0.0004658041090514634,0.10392042387257527,0.9945856856229299,0.00041194680028057776,-0.0005060917338701489,-0.00036130982712755024,0.9999998066631913,-2.4514025426469743e-05,0.00021517265122383833,-0.00017608892812859267,42.356894211432206,-0.0034574801638367295,0.0025138485768269633,0.00010122928683907742,42.356894211432206,-0.0034574801638367295,0.0025138485768269633,0.00010122928683907742,-0.012233075685799122,-0.01649543270468712,0.044891104102134705,0.0,0.0,0.0,0.994595264324371,-0.10382732912394865,0.0006192758347777442,0.10382709385765643,0.994595400938042,0.00040075672901216525,-0.0006575382840880509,-0.00033429316527076,0.9999997279457346,0.0,0.0,0.0
1,1774889580552085862,0.010071484,10,10.071484,0.77871600024082,42.366712845691424,0.6833340781563133,-0.6833340781563133,-0.009851635433733463,-0.018321743234992027,0.04160983860492706,-0.009281962178647518,-0.01014221366494894,0.02206648886203766,0.994584710142726,-0.10392875788256584,0.00045655067132099186,0.10392857131462074,0.9945847478373141,0.000415014557679904,-0.0004972102236176605,-0.0003653184803701706,0.9999998096621947,6.405315070878714e-05,-0.00043480339809320867,-0.00025787617778405547,-0.009851635433733463,-0.018321743234992027,0.04160983860492706,-0.009281962178647518,-0.01014221366494894,0.02206648886203766,0.994584710142726,-0.10392875788256584,0.00045655067132099186,0.10392857131462074,0.9945847478373141,0.000415014557679904,-0.0004972102236176605,-0.0003653184803701706,0.9999998096621947,6.405315070878714e-05,-0.00043480339809320867,-0.00025787617778405547,42.366712845691424,-0.0035186107272860037,0.002598075504861727,0.00012006451863989479,42.366712845691424,-0.0035186107272860037,0.002598075504861727,0.00012006451863989479,-0.012233075685799122,-0.01649543270468712,0.044891104102134705,0.0,0.0,0.0,0.994595264324371,-0.10382732912394865,0.0006192758347777442,0.10382709385765643,0.994595400938042,0.00040075672901216525,-0.0006575382840880509,-0.00033429316527076,0.9999997279457346,0.0,0.0,0.0
2,1774889580562095133,0.020080755,20,10.009271,0.6168579993754975,42.385758966804445,0.6836412736581362,-0.6836412736581362,-0.009517300873994827,-0.01862071081995964,0.04109616577625275,-0.008906969800591469,-0.010312926024198532,0.02156069502234459,0.9945837272491701,-0.10393813365026339,0.0004108708862729021,0.10393795757911617,0.9945837380224646,0.0004289358518628229,-0.0004532282558744593,-0.00038390753870816505,0.999999823599567,0.0008695319993421435,0.0011983676813542843,0.000702112156432122,-0.009517300873994827,-0.01862071081995964,0.04109616577625275,-0.008906969800591469,-0.010312926024198532,0.02156069502234459,0.9945837272491701,-0.10393813365026339,0.0004108708862729021,0.10393795757911617,0.9945837380224646,0.0004289358518628229,-0.0004532282558744593,-0.00038390753870816505,0.999999823599567,0.0008695319993421435,0.0011983676813542843,0.000702112156432122,42.385758966804445,-0.003814050118446138,0.0019483935286100833,-1.6377016028481405e-05,42.385758966804445,-0.003814050118446138,0.0019483935286100833,-1.6377016028481405e-05,-0.012233075685799122,-0.01649543270468712,0.044891104102134705,0.0,0.0,0.0,0.994595264324371,-0.10382732912394865,0.0006192758347777442,0.10382709385765643,0.994595400938042,0.00040075672901216525,-0.0006575382840880509,-0.00033429316527076,0.9999997279457346,0.0,0.0,0.0
3,1774889580572043668,0.03002929,30,9.948535,0.6040779999239021,42.3961325762047,0.6838085899387855,-0.6838085899387855,-0.00934400875121355,-0.01877574808895588,0.04083256423473358,-0.008665048517286777,-0.010468557476997375,0.02126341313123703,0.9945835808002402,-0.10393936934201609,0.00039729030078223073,0.10393919736001722,0.9945835845135474,0.0004315142618058884,-0.00043998971212548033,-0.00038788296490211197,0.9999998279779184,-0.0005947831086814404,0.00010469266271684319,0.0008309973054565489,-0.00934400875121355,-0.01877574808895588,0.04083256423473358,-0.008665048517286777,-0.010468557476997375,0.02126341313123703,0.9945835808002402,-0.10393936934201609,0.00039729030078223073,0.10393919736001722,0.9945835845135474,0.0004315142618058884,-0.00043998971212548033,-0.00038788296490211197,0.9999998279779184,-0.0005947831086814404,0.00010469266271684319,0.0008309973054565489,42.3961325762047,-0.0034978150077335816,0.0021109359719461767,-3.4703907195491387e-05,42.3961325762047,-0.0034978150077335816,0.0021109359719461767,-3.4703907195491387e-05,-0.012233075685799122,-0.01649543270468712,0.044891104102134705,0.0,0.0,0.0,0.994595264324371,-0.10382732912394865,0.0006192758347777442,0.10382709385765643,0.994595400938042,0.00040075672901216525,-0.0006575382840880509,-0.00033429316527076,0.9999997279457346,0.0,0.0,0.0
4,1774889580582051552,0.040037174,40,10.007884,0.45921699984319275,42.40611320670887,0.6839695678501431,-0.6839695678501431,-0.009173166938126087,-0.018931010738015175,0.040576204657554626,-0.008456841111183167,-0.010580353438854218,0.020984157919883728,0.9945833461975087,-0.10394237641699955,0.00038457211221858785,0.10394220859991288,0.9945833436870328,0.00043333130475613506,-0.0004275304256332156,-0.0003910108238090117,0.9999998321641363,0.00015951652312651277,-0.0010739509016275406,-0.00038830467383377254,-0.009173166938126087,-0.018931010738015175,0.040576204657554626,-0.008456841111183167,-0.010580353438854218,0.020984157919883728,0.9945833461975087,-0.10394237641699955,0.00038457211221858785,0.10394220859991288,0.9945833436870328,0.00043333130475613506,-0.0004275304256332156,-0.0003910108238090117,0.9999998321641363,0.00015951652312651277,-0.0010739509016275406,-0.00038830467383377254,42.40611320670887,-0.0037261294881993116,0.002304941222547798,0.00015061543938287318,42.40611320670887,-0.0037261294881993116,0.002304941222547798,0.00015061543938287318,-0.012233075685799122,-0.01649543270468712,0.044891104102134705,0.0,0.0,0.0,0.994595264324371,-0.10382732912394865,0.0006192758347777442,0.10382709385765643,0.994595400938042,0.00040075672901216525,-0.0006575382840880509,-0.00033429316527076,0.9999997279457346,0.0,0.0,0.0
5,1774889580592043506,0.050029128,50,9.991954,0.571509999645059,42.42377777278077,0.6842544802061414,-0.6842544802061414,-0.00883911270648241,-0.019241347908973694,0.040085598826408386,-0.008047102950513363,-0.010768940672278404,0.020546162500977516,0.9945811595122637,-0.10396344488002596,0.00034883467335572026,0.10396328810694411,0.9945811393188547,0.000440965852312924,-0.00039278863950575806,-0.00040231032414850005,0.9999998419317458,0.00026754310238175094,0.0007130195153877139,-0.00037921068724244833,-0.00883911270648241,-0.019241347908973694,0.040085598826408386,-0.008047102950513363,-0.010768940672278404,0.020546162500977516,0.9945811595122637,-0.10396344488002596,0.00034883467335572026,0.10396328810694411,0.9945811393188547,0.000440965852312924,-0.00039278863950575806,-0.00040231032414850005,0.9999998419317458,0.00026754310238175094,0.0007130195153877139,-0.00037921068724244833,42.42377777278077,-0.003835880968996073,0.00163439712961126,0.0001662180789459425,42.42377777278077,-0.003835880968996073,0.00163439712961126,0.0001662180789459425,-0.012233075685799122,-0.01649543270468712,0.044891104102134705,0.0,0.0,0.0,0.994595264324371,-0.10382732912394865,0.0006192758347777442,0.10382709385765643,0.994595400938042,0.00040075672901216525,-0.0006575382840880509,-0.00033429316527076,0.9999997279457346,0.0,0.0,0.0
6,1774889580602107691,0.060093313,60,10.064185,0.5338040000424371,42.434219693992794,0.6844228982902064,-0.6844228982902064,-0.008667219430208206,-0.019398964941501617,0.03979136049747467,-0.007789509370923042,-0.010938053019344807,0.02030416950583458,0.9945807755656781,-0.10396769121067462,0.0003322997271214582,0.10396753995036967,0.9945807477716235,0.0004440295898904651,-0.0003766635270122489,-0.00040707489822142443,0.9999998462073171,-0.0001914219174068421,-0.00031233186018653214,-6.540816684719175e-05,-0.008667219430208206,-0.019398964941501617,0.03979136049747467,-0.007789509370923042,-0.010938053019344807,0.02030416950583458,0.9945807755656781,-0.10396769121067462,0.0003322997271214582,0.10396753995036967,0.9945807477716235,0.0004440295898904651,-0.0003766635270122489,-0.00040707489822142443,0.9999998462073171,-0.0001914219174068421,-0.00031233186018653214,-6.540816684719175e-05,42.434219693992794,-0.0037748191722851033,0.0017692066812756875,0.00012257224630473208,42.434219693992794,-0.0037748191722851033,0.0017692066812756875,0.00012257224630473208,-0.012233075685799122,-0.01649543270468712,0.044891104102134705,0.0,0.0,0.0,0.994595264324371,-0.10382732912394865,0.0006192758347777442,0.10382709385765643,0.994595400938042,0.00040075672901216525,-0.0006575382840880509,-0.00033429316527076,0.9999997279457346,0.0,0.0,0.0
7,1774889580612010721,0.069996343,69,9.90303,0.4123959997741622,42.44475984700737,0.6845929007581834,-0.6845929007581834,-0.00849754735827446,-0.019557220861315727,0.03950519859790802,-0.007615612354129553,-0.011113003827631474,0.02004062943160534,0.9945799587883958,-0.10397530192307669,0.00031466418229287186,0.10397515753233799,0.9945799241366696,0.0004449353415142197,-0.00035922087147746045,-0.0004098065046352862,0.9999998515095033,-0.0005282207857817411,0.0008237964357249439,-4.0882972825784236e-05,-0.00849754735827446,-0.019557220861315727,0.03950519859790802,-0.007615612354129553,-0.011113003827631474,0.02004062943160534,0.9945799587883958,-0.10397530192307669,0.00031466418229287186,0.10397515753233799,0.9945799241366696,0.0004449353415142197,-0.00035922087147746045,-0.0004098065046352862,0.9999998515095033,-0.0005282207857817411,0.0008237964357249439,-4.0882972825784236e-05,42.44475984700737,-0.0037419698903998345,0.001378108219248487,0.0001250263546794471,42.44475984700737,-0.0037419698903998345,0.001378108219248487,0.0001250263546794471,-0.012233075685799122,-0.01649543270468712,0.044891104102134705,0.0,0.0,0.0,0.994595264324371,-0.10382732912394865,0.0006192758347777442,0.10382709385765643,0.994595400938042,0.00040075672901216525,-0.0006575382840880509,-0.00033429316527076,0.9999997279457346,0.0,0.0,0.0
8,1774889580622184588,0.08017021,80,10.173867,0.7305090002773795,42.455214862308154,0.6847615300372283,-0.6847615300372283,-0.008330399170517921,-0.019715648144483566,0.03922681510448456,-0.007389340084046125,-0.011206429451704025,0.019771091639995575,0.9945799343756664,-0.10397582873949207,0.00030283355909735236,0.10397568949819092,0.9945798958911906,0.00044408933650206747,-0.00034736661516384174,-0.00041019499994518656,0.9999998555382582,-0.0007439187029376626,-0.0004169802414253354,0.0003221580118406564,-0.008330399170517921,-0.019715648144483566,0.03922681510448456,-0.007389340084046125,-0.011206429451704025,0.019771091639995575,0.9945799343756664,-0.10397582873949207,0.00030283355909735236,0.10397568949819092,0.9945798958911906,0.00044408933650206747,-0.00034736661516384174,-0.00041019499994518656,0.9999998555382582,-0.0007439187029376626,-0.0004169802414253354,0.0003221580118406564,42.455214862308154,-0.0037173640786277826,0.0015872015441947202,7.100814720650928e-05,42.455214862308154,-0.0037173640786277826,0.0015872015441947202,7.100814720650928e-05,-0.012233075685799122,-0.01649543270468712,0.044891104102134705,0.0,0.0,0.0,0.994595264324371,-0.10382732912394865,0.0006192758347777442,0.10382709385765643,0.994595400938042,0.00040075672901216525,-0.0006575382840880509,-0.00033429316527076,0.9999997279457346,0.0,0.0,0.0
9,1774889580632021923,0.090007545,90,9.837335,0.47698399976070505,42.47621647126996,0.6851002656656445,-0.6851002656656445,-0.008006427437067032,-0.02000538818538189,0.0386587530374527,-0.006923615001142025,-0.011411522515118122,0.019224032759666443,0.9945792090801482,-0.10398166993005109,0.0002762687546035798,0.10398153742870031,0.9945791562512292,0.0004571267970490296,-0.00032230392887799483,-0.00042592195386047683,0.9999998573553275,0.00045336264884099364,-0.00025298018590547144,0.0010683739092200994,-0.008006427437067032,-0.02000538818538189,0.0386587530374527,-0.006923615001142025,-0.011411522515118122,0.019224032759666443,0.9945792090801482,-0.10398166993005109,0.0002762687546035798,0.10398153742870031,0.9945791562512292,0.0004571267970490296,-0.00032230392887799483,-0.00042592195386047683,0.9999998573553275,0.00045336264884099364,-0.00025298018590547144,0.0010683739092200994,42.47621647126996,-0.004112209921069424,0.0013353797616824546,-3.619065151453969e-05,42.47621647126996,-0.004112209921069424,0.0013353797616824546,-3.619065151453969e-05,-0.012233075685799122,-0.01649543270468712,0.044891104102134705,0.0,0.0,0.0,0.994595264324371,-0.10382732912394865,0.0006192758347777442,0.10382709385765643,0.994595400938042,0.00040075672901216525,-0.0006575382840880509,-0.00033429316527076,0.9999997279457346,0.0,0.0,0.0
10,1774889580642175037,0.100160659,100,10.153114,0.5141689998708898,42.48613053320781,0.6852601698904486,-0.6852601698904486,-0.007849509827792645,-0.020137131214141846,0.038362160325050354,-0.0066895559430122375,-0.011532481759786606,0.01903284154832363,0.994579301493971,-0.10398166778590245,0.0002619512317956355,0.10398153911848551,0.9945792409730672,0.0004645020788024462,-0.00030883087309016176,-0.00043474604181914425,0.999999857809691,0.0006105342763476074,6.20391292613931e-05,3.996898522018455e-05,-0.007849509827792645,-0.020137131214141846,0.038362160325050354,-0.0066895559430122375,-0.011532481759786606,0.01903284154832363,0.994579301493971,-0.10398166778590245,0.0002619512317956355,0.10398153911848551,0.9945792409730672,0.0004645020788024462,-0.00030883087309016176,-0.00043474604181914425,0.999999857809691,0.0006105342763476074,6.20391292613931e-05,3.996898522018455e-05,42.48613053320781,-0.004203521707968726,0.0011489189368723907,0.00011807449830073377,42.48613053320781,-0.004203521707968726,0.0011489189368723907,0.00011807449830073377,-0.012233075685799122,-0.01649543270468712,0.044891104102134705,0.0,0.0,0.0,0.994595264324371,-0.10382732912394865,0.0006192758347777442,0.10382709385765643,0.994595400938042,0.00040075672901216525,-0.0006575382840880509,-0.00033429316527076,0.9999997279457346,0.0,0.0,0.0
11,1774889580652361143,0.110346765,110,10.186106,0.4520559996308293,42.486476888664264,0.6852657562687784,-0.6852657562687784,-0.007849509827792645,-0.020137131214141846,0.038362160325050354,-0.0066895559430122375,-0.011532481759786606,0.01903284154832363,0.994579301493971,-0.10398166778590245,0.0002619512317956355,0.10398153911848551,0.9945792409730672,0.0004645020788024462,-0.00030883087309016176,-0.00043474604181914425,0.999999857809691,0.0006105342763476074,6.20391292613931e-05,3.996898522018455e-05,-0.007849509827792645,-0.020137131214141846,0.038362160325050354,-0.0066895559430122375,-0.011532481759786606,0.01903284154832363,0.994579301493971,-0.10398166778590245,0.0002619512317956355,0.10398153911848551,0.9945792409730672,0.0004645020788024462,-0.00030883087309016176,-0.00043474604181914425,0.999999857809691,0.0006105342763476074,6.20391292613931e-05,3.996898522018455e-05,42.486476888664264,-0.004203498150930382,0.0011489147836834038,0.00011807449915973737,42.486476888664264,-0.004203498150930382,0.0011489147836834038,0.00011807449915973737,-0.012233075685799122,-0.01649543270468712,0.044891104102134705,0.0,0.0,0.0,0.994595264324371,-0.10382732912394865,0.0006192758347777442,0.10382709385765643,0.994595400938042,0.00040075672901216525,-0.0006575382840880509,-0.00033429316527076,0.9999997279457346,0.0,0.0,0.0
12,1774889580662093271,0.120078893,120,9.732128,0.4427370004123077,42.507530747277684,0.685605334633511,-0.685605334633511,-0.007541400380432606,-0.02040199376642704,0.03779260814189911,-0.006304389797151089,-0.011675385758280754,0.01848764158785343,0.9945780369199767,-0.1039929954141725,0.00023009782840599687,0.10399287931608736,0.9945779649547845,0.00046929922183178586,-0.0002776540388837968,-0.00044282615656777817,0.9999998634066097,0.0010557841742411256,-8.826794510241598e-05,0.0004891791613772511,-0.007541400380432606,-0.02040199376642704,0.03779260814189911,-0.006304389797151089,-0.011675385758280754,0.01848764158785343,0.9945780369199767,-0.1039929954141725,0.00023009782840599687,0.10399287931608736,0.9945779649547845,0.00046929922183178586,-0.0002776540388837968,-0.00044282615656777817,0.9999998634066097,0.0010557841742411256,-8.826794510241598e-05,0.0004891791613772511,42.507530747277684,-0.004375764641914005,0.0009826909055767627,5.983404238941397e-05,42.507530747277684,-0.004375764641914005,0.0009826909055767627,5.983404238941397e-05,-0.012233075685799122,-0.01649543270468712,0.044891104102134705,0.0,0.0,0.0,0.994595264324371,-0.10382732912394865,0.0006192758347777442,0.10382709385765643,0.994595400938042,0.00040075672901216525,-0.0006575382840880509,-0.00033429316527076,0.9999997279457346,0.0,0.0,0.0
13,1774889580672270119,0.130255741,130,10.176848,0.4625470000974019,42.529593293341094,0.6859611821506628,-0.6859611821506628,-0.007263966370373964,-0.020603753626346588,0.03717939555644989,-0.00587851507589221,-0.011862306855618954,0.017948782071471214,0.9945773976381281,-0.10399883005286026,0.00019595561306654918,0.10399872889462292,0.994577316334695,0.0004702811672430366,-0.000243801700588896,-0.0004473518853718205,0.999999870218502,-0.0005551896174438298,4.582717519951984e-05,-0.00019545176473911852,-0.007263966370373964,-0.020603753626346588,0.03717939555644989,-0.00587851507589221,-0.011862306855618954,0.017948782071471214,0.9945773976381281,-0.10399883005286026,0.00019595561306654918,0.10399872889462292,0.994577316334695,0.0004702811672430366,-0.000243801700588896,-0.0004473518853718205,0.999999870218502,-0.0005551896174438298,4.582717519951984e-05,-0.00019545176473911852,42.529593293341094,-0.004024786796157793,0.0007353462639193884,0.0001672492195219613,42.529593293341094,-0.004024786796157793,0.0007353462639193884,0.0001672492195219613,-0.012233075685799122,-0.01649543270468712,0.044891104102134705,0.0,0.0,0.0,0.994595264324371,-0.10382732912394865,0.0006192758347777442,0.10382709385765643,0.994595400938042,0.00040075672901216525,-0.0006575382840880509,-0.00033429316527076,0.9999997279457346,0.0,0.0,0.0
14,1774889580682047639,0.140033261,140,9.77752,0.6248180006878101,42.54117581729488,0.6861479970531432,-0.6861479970531432,-0.007127553224563599,-0.020706214010715485,0.03688447177410126,-0.005706678610295057,-0.011906152591109276,0.017631178721785545,0.9945768255863597,-0.10400503101618597,0.0001954031047571251,0.10400492919584603,0.9945767424719109,0.000474014142612238,-0.00024364319133708505,-0.0004511205781830615,0.9999998685641097,8.265501674031839e-05,-0.0010409185197204351,-0.0004046439134981483,-0.007127553224563599,-0.020706214010715485,0.03688447177410126,-0.005706678610295057,-0.011906152591109276,0.017631178721785545,0.9945768255863597,-0.10400503101618597,0.0001954031047571251,0.10400492919584603,0.9945767424719109,0.000474014142612238,-0.00024364319133708505,-0.0004511205781830615,0.9999998685641097,8.265501674031839e-05,-0.0010409185197204351,-0.0004046439134981483,42.54117581729488,-0.004209185273543282,0.0009511242289370096,0.000203623595526973,42.54117581729488,-0.004209185273543282,0.0009511242289370096,0.000203623595526973,-0.012233075685799122,-0.01649543270468712,0.044891104102134705,0.0,0.0,0.0,0.994595264324371,-0.10382732912394865,0.0006192758347777442,0.10382709385765643,0.994595400938042,0.00040075672901216525,-0.0006575382840880509,-0.00033429316527076,0.9999997279457346,0.0,0.0,0.0
15,1774889580692137254,0.150122876,150,10.089615,0.445327000306861,42.541596539466,0.6861547828946128,-0.6861547828946128,-0.007127553224563599,-0.020706214010715485,0.03688447177410126,-0.005706678610295057,-0.011906152591109276,0.017631178721785545,0.9945768255863597,-0.10400503101618597,0.0001954031047571251,0.10400492919584603,0.9945767424719109,0.000474014142612238,-0.00024364319133708505,-0.0004511205781830615,0.9999998685641097,8.265501674031839e-05,-0.0010409185197204351,-0.0004046439134981483,-0.007127553224563599,-0.020706214010715485,0.03688447177410126,-0.005706678610295057,-0.011906152591109276,0.017631178721785545,0.9945768255863597,-0.10400503101618597,0.0001954031047571251,0.10400492919584603,0.9945767424719109,0.000474014142612238,-0.00024364319133708505,-0.0004511205781830615,0.9999998685641097,8.265501674031839e-05,-0.0010409185197204351,-0.0004046439134981483,42.541596539466,-0.004209155569484401,0.0009511222284711185,0.00020362359552134336,42.541596539466,-0.004209155569484401,0.0009511222284711185,0.00020362359552134336,-0.012233075685799122,-0.01649543270468712,0.044891104102134705,0.0,0.0,0.0,0.994595264324371,-0.10382732912394865,0.0006192758347777442,0.10382709385765643,0.994595400938042,0.00040075672901216525,-0.0006575382840880509,-0.00033429316527076,0.9999997279457346,0.0,0.0,0.0
16,1774889580702124550,0.160110172,160,9.987296,0.7454930000676541,42.562730913069544,0.6864956598882185,-0.6864956598882185,-0.006858327426016331,-0.020875535905361176,0.036263421177864075,-0.005335615016520023,-0.01202260609716177,0.01718098483979702,0.9945756308478013,-0.10401671870911144,0.0001740953833347849,0.10401662438217718,0.9945755383685122,0.0004836192919360728,-0.00022345543947701208,-0.0004628871229569575,0.9999998679015918,-0.0004856332379858941,0.0004025841481052339,4.8017376684583724e-05,-0.006858327426016331,-0.020875535905361176,0.036263421177864075,-0.005335615016520023,-0.01202260609716177,0.01718098483979702,0.9945756308478013,-0.10401671870911144,0.0001740953833347849,0.10401662438217718,0.9945755383685122,0.0004836192919360728,-0.00022345543947701208,-0.0004628871229569575,0.9999998679015918,-0.0004856332379858941,0.0004025841481052339,4.8017376684583724e-05,42.562730913069544,-0.004123284430529671,0.00042276499619950365,0.00014514729904091563,42.562730913069544,-0.004123284430529671,0.00042276499619950365,0.00014514729904091563,-0.012233075685799122,-0.01649543270468712,0.044891104102134705,0.0,0.0,0.0,0.994595264324371,-0.10382732912394865,0.0006192758347777442,0.10382709385765643,0.994595400938042,0.00040075672901216525,-0.0006575382840880509,-0.00033429316527076,0.9999997279457346,0.0,0.0,0.0
17,1774889580712076594,0.170062216,170,9.952044,0.42445100007171277,42.56317808793153,0.6865028723859925,-0.6865028723859925,-0.006858327426016331,-0.020875535905361176,0.036263421177864075,-0.005335615016520023,-0.01202260609716177,0.01718098483979702,0.9945756308478013,-0.10401671870911144,0.0001740953833347849,0.10401662438217718,0.9945755383685122,0.0004836192919360728,-0.00022345543947701208,-0.0004628871229569575,0.9999998679015918,-0.0004856332379858941,0.0004025841481052339,4.8017376684583724e-05,-0.006858327426016331,-0.020875535905361176,0.036263421177864075,-0.005335615016520023,-0.01202260609716177,0.01718098483979702,0.9945756308478013,-0.10401671870911144,0.0001740953833347849,0.10401662438217718,0.9945755383685122,0.0004836192919360728,-0.00022345543947701208,-0.0004628871229569575,0.9999998679015918,-0.0004856332379858941,0.0004025841481052339,4.8017376684583724e-05,42.56317808793153,-0.0041232525372412315,0.0004227640710721899,0.00014514729858619007,42.56317808793153,-0.0041232525372412315,0.0004227640710721899,0.00014514729858619007,-0.012233075685799122,-0.01649543270468712,0.044891104102134705,0.0,0.0,0.0,0.994595264324371,-0.10382732912394865,0.0006192758347777442,0.10382709385765643,0.994595400938042,0.00040075672901216525,-0.0006575382840880509,-0.00033429316527076,0.9999997279457346,0.0,0.0,0.0
18,1774889580722116280,0.180101902,180,10.039686,0.7691410000916221,42.59553235415283,0.6870247153895618,-0.6870247153895618,-0.006462867837399244,-0.021080657839775085,0.03534360229969025,-0.004819204099476337,-0.012026610784232616,0.016420764848589897,0.9945734197628203,-0.1040381392738694,0.0001362155491622056,0.10403806341761923,0.9945733216975535,0.00047896215470073604,-0.00018530661027082833,-0.00046219139072365724,0.999999876020295,0.000623703352175653,0.00045402799150906503,5.626493293675594e-05,-0.006462867837399244,-0.021080657839775085,0.03534360229969025,-0.004819204099476337,-0.012026610784232616,0.016420764848589897,0.9945734197628203,-0.1040381392738694,0.0001362155491622056,0.10403806341761923,0.9945733216975535,0.00047896215470073604,-0.00018530661027082833,-0.00046219139072365724,0.999999876020295,0.000623703352175653,0.00045402799150906503,5.626493293675594e-05,42.59553235415283,-0.004397266895939497,0.00015755672117639342,0.00016117101002592884,42.59553235415283,-0.004397266895939497,0.00015755672117639342,0.00016117101002592884,-0.012233075685799122,-0.01649543270468712,0.044891104102134705,0.0,0.0,0.0,0.994595264324371,-0.10382732912394865,0.0006192758347777442,0.10382709385765643,0.994595400938042,0.00040075672901216525,-0.0006575382840880509,-0.00033429316527076,0.9999997279457346,0.0,0.0,0.0
19,1774889580732128282,0.190113904,190,10.012002,0.6876649995319895,42.5960301847651,0.6870327449155661,-0.6870327449155661,-0.006462867837399244,-0.021080657839775085,0.03534360229969025,-0.004819204099476337,-0.012026610784232616,0.016420764848589897,0.9945734197628203,-0.1040381392738694,0.0001362155491622056,0.10403806341761923,0.9945733216975535,0.00047896215470073604,-0.00018530661027082833,-0.00046219139072365724,0.999999876020295,0.000623703352175653,0.00045402799150906503,5.626493293675594e-05,-0.006462867837399244,-0.021080657839775085,0.03534360229969025,-0.004819204099476337,-0.012026610784232616,0.016420764848589897,0.9945734197628203,-0.1040381392738694,0.0001362155491622056,0.10403806341761923,0.9945733216975535,0.00047896215470073604,-0.00018530661027082833,-0.00046219139072365724,0.999999876020295,0.000623703352175653,0.00045402799150906503,5.626493293675594e-05,42.5960301847651,-0.004397231320336384,0.00015755753460796877,0.0001611710088745302,42.5960301847651,-0.004397231320336384,0.00015755753460796877,0.0001611710088745302,-0.012233075685799122,-0.01649543270468712,0.044891104102134705,0.0,0.0,0.0,0.994595264324371,-0.10382732912394865,0.0006192758347777442,0.10382709385765643,0.994595400938042,0.00040075672901216525,-0.0006575382840880509,-0.00033429316527076,0.9999997279457346,0.0,0.0,0.0
20,1774889580742064038,0.20004966,200,9.935756,0.42833499992411816,42.61877399314464,0.687399580534591,-0.687399580534591,-0.006223740521818399,-0.021135836839675903,0.034692004323005676,-0.004472995176911354,-0.011930731125175953,0.01590912975370884,0.9945722022728962,-0.10404840506067847,0.00011461328710040113,0.10404834024005827,0.9945721033379538,0.00047267435533423965,-0.00016317220541701375,-0.00045818346014445555,0.9999998817213644,0.0006192317232489586,0.00026207667542621493,0.0002790923754218966,-0.006223740521818399,-0.021135836839675903,0.034692004323005676,-0.004472995176911354,-0.011930731125175953,0.01590912975370884,0.9945722022728962,-0.10404840506067847,0.00011461328710040113,0.10404834024005827,0.9945721033379538,0.00047267435533423965,-0.00016317220541701375,-0.00045818346014445555,0.9999998817213644,0.0006192317232489586,0.00026207667542621493,0.0002790923754218966,42.61877399314464,-0.004355842661029845,5.245474132462828e-05,0.0001360358965519367,42.61877399314464,-0.004355842661029845,5.245474132462828e-05,0.0001360358965519367,-0.012233075685799122,-0.01649543270468712,0.044891104102134705,0.0,0.0,0.0,0.994595264324371,-0.10382732912394865,0.0006192758347777442,0.10382709385765643,0.994595400938042,0.00040075672901216525,-0.0006575382840880509,-0.00033429316527076,0.9999997279457346,0.0,0.0,0.0
21,1774889580752189465,0.210175087,210,10.125427,0.4731620001621195,42.61931182449239,0.6874082552337483,-0.6874082552337483,-0.006223740521818399,-0.021135836839675903,0.034692004323005676,-0.004472995176911354,-0.011930731125175953,0.01590912975370884,0.9945722022728962,-0.10404840506067847,0.00011461328710040113,0.10404834024005827,0.9945721033379538,0.00047267435533423965,-0.00016317220541701375,-0.00045818346014445555,0.9999998817213644,0.0006192317232489586,0.00026207667542621493,0.0002790923754218966,-0.006223740521818399,-0.021135836839675903,0.034692004323005676,-0.004472995176911354,-0.011930731125175953,0.01590912975370884,0.9945722022728962,-0.10404840506067847,0.00011461328710040113,0.10404834024005827,0.9945721033379538,0.00047267435533423965,-0.00016317220541701375,-0.00045818346014445555,0.9999998817213644,0.0006192317232489586,0.00026207667542621493,0.0002790923754218966,42.61931182449239,-0.004355804558210824,5.245686997737528e-05,0.00013603589487312483,42.61931182449239,-0.004355804558210824,5.245686997737528e-05,0.00013603589487312483,-0.012233075685799122,-0.01649543270468712,0.044891104102134705,0.0,0.0,0.0,0.994595264324371,-0.10382732912394865,0.0006192758347777442,0.10382709385765643,0.994595400938042,0.00040075672901216525,-0.0006575382840880509,-0.00033429316527076,0.9999997279457346,0.0,0.0,0.0
22,1774889580762005333,0.219990955,219,9.815868,0.45482200039259624,42.65128137632956,0.6879238931666057,-0.6879238931666057,-0.005892305634915829,-0.02118699811398983,0.0337681919336319,-0.003931589890271425,-0.011724640615284443,0.015191178768873215,0.9945710811311266,-0.10406025922831019,8.07699838039598e-05,0.10406021208839289,0.9945709847024353,0.00045622903279576854,-0.00012780674627059507,-0.00044534723110981403,0.9999998926656426,-0.00041262476588599384,0.00011923265265068039,-9.855057578533888e-05,-0.005892305634915829,-0.02118699811398983,0.0337681919336319,-0.003931589890271425,-0.011724640615284443,0.015191178768873215,0.9945710811311266,-0.10406025922831019,8.07699838039598e-05,0.10406021208839289,0.9945709847024353,0.00045622903279576854,-0.00012780674627059507,-0.00044534723110981403,0.9999998926656426,-0.00041262476588599384,0.00011923265265068039,-9.855057578533888e-05,42.65128137632956,-0.004003399030003094,-0.00014415221424693482,0.00020223468522801517,42.65128137632956,-0.004003399030003094,-0.00014415221424693482,0.00020223468522801517,-0.012233075685799122,-0.01649543270468712,0.044891104102134705,0.0,0.0,0.0,0.994595264324371,-0.10382732912394865,0.0006192758347777442,0.10382709385765643,0.994595400938042,0.00040075672901216525,-0.0006575382840880509,-0.00033429316527076,0.9999997279457346,0.0,0.0,0.0
23,1774889580772215904,0.230201526,230,10.210571,0.4573070000333246,42.65187285551534,0.6879334331534733,-0.6879334331534733,-0.005892305634915829,-0.02118699811398983,0.0337681919336319,-0.003931589890271425,-0.011724640615284443,0.015191178768873215,0.9945710811311266,-0.10406025922831019,8.07699838039598e-05,0.10406021208839289,0.9945709847024353,0.00045622903279576854,-0.00012780674627059507,-0.00044534723110981403,0.9999998926656426,-0.00041262476588599384,0.00011923265265068039,-9.855057578533888e-05,-0.005892305634915829,-0.02118699811398983,0.0337681919336319,-0.003931589890271425,-0.011724640615284443,0.015191178768873215,0.9945710811311266,-0.10406025922831019,8.07699838039598e-05,0.10406021208839289,0.9945709847024353,0.00045622903279576854,-0.00012780674627059507,-0.00044534723110981403,0.9999998926656426,-0.00041262476588599384,0.00011923265265068039,-9.855057578533888e-05,42.65187285551534,-0.004003357898708373,-0.00014414782654642537,0.00020223468271442143,42.65187285551534,-0.004003357898708373,-0.00014414782654642537,0.00020223468271442143,-0.012233075685799122,-0.01649543270468712,0.044891104102134705,0.0,0.0,0.0,0.994595264324371,-0.10382732912394865,0.0006192758347777442,0.10382709385765643,0.994595400938042,0.00040075672901216525,-0.0006575382840880509,-0.00033429316527076,0.9999997279457346,0.0,0.0,0.0
24,1774889580782130804,0.240116426,240,9.9149,0.7251250008266652,42.6745494083354,0.6882991840054097,-0.6882991840054097,-0.0057023875415325165,-0.021173875778913498,0.033137246966362,-0.0036188180092722178,-0.011609821580350399,0.014652990736067295,0.9945712622613065,-0.1040583034607554,7.516345590594803e-05,0.10405826127122708,0.9945711739503302,0.0004359965487506154,-0.00012012443454070126,-0.00042580823835671605,0.9999999021287332,-0.0005253521958366036,-0.0011122723808512092,0.0011995655950158834,-0.0057023875415325165,-0.021173875778913498,0.033137246966362,-0.0036188180092722178,-0.011609821580350399,0.014652990736067295,0.9945712622613065,-0.1040583034607554,7.516345590594803e-05,0.10405826127122708,0.9945711739503302,0.0004359965487506154,-0.00012012443454070126,-0.00042580823835671605,0.9999999021287332,-0.0005253521958366036,-0.0011122723808512092,0.0011995655950158834,42.6745494083354,-0.0038890826089229176,6.522885596096268e-05,5.966193238138233e-06,42.6745494083354,-0.0038890826089229176,6.522885596096268e-05,5.966193238138233e-06,-0.012233075685799122,-0.01649543270468712,0.044891104102134705,0.0,0.0,0.0,0.994595264324371,-0.10382732912394865,0.0006192758347777442,0.10382709385765643,0.994595400938042,0.00040075672901216525,-0.0006575382840880509,-0.00033429316527076,0.9999997279457346,0.0,0.0,0.0
25,1774889580792193083,0.250178705,250,10.062279,0.655367000035767,42.67516536150694,0.6883091187339829,-0.6883091187339829,-0.0057023875415325165,-0.021173875778913498,0.033137246966362,-0.0036188180092722178,-0.011609821580350399,0.014652990736067295,0.9945712622613065,-0.1040583034607554,7.516345590594803e-05,0.10405826127122708,0.9945711739503302,0.0004359965487506154,-0.00012012443454070126,-0.00042580823835671605,0.9999999021287332,-0.0005253521958366036,-0.0011122723808512092,0.0011995655950158834,-0.0057023875415325165,-0.021173875778913498,0.033137246966362,-0.0036188180092722178,-0.011609821580350399,0.014652990736067295,0.9945712622613065,-0.1040583034607554,7.516345590594803e-05,0.10405826127122708,0.9945711739503302,0.0004359965487506154,-0.00012012443454070126,-0.00042580823835671605,0.9999999021287332,-0.0005253521958366036,-0.0011122723808512092,0.0011995655950158834,42.67516536150694,-0.0038890403132909677,6.523464248361112e-05,5.96619015939668e-06,42.67516536150694,-0.0038890403132909677,6.523464248361112e-05,5.96619015939668e-06,-0.012233075685799122,-0.01649543270468712,0.044891104102134705,0.0,0.0,0.0,0.994595264324371,-0.10382732912394865,0.0006192758347777442,0.10382709385765643,0.994595400938042,0.00040075672901216525,-0.0006575382840880509,-0.00033429316527076,0.9999997279457346,0.0,0.0,0.0
26,1774889580802070195,0.260055817,260,9.877112,0.6880549999550567,42.69729513996874,0.688666050644657,-0.688666050644657,-0.005529170390218496,-0.021125787869095802,0.032497987151145935,-0.003336750902235508,-0.011418056674301624,0.014174421317875385,0.9945699344087151,-0.10407069146879833,5.481105905164995e-05,0.10407066059268621,0.9945698549174589,0.00040932880041390056,-9.711254314991903e-05,-0.0004014018846562649,0.9999999147228394,-0.00099423888605088,0.0009526294306851923,-2.6742192858364433e-05,-0.005529170390218496,-0.021125787869095802,0.032497987151145935,-0.003336750902235508,-0.011418056674301624,0.014174421317875385,0.9945699344087151,-0.10407069146879833,5.481105905164995e-05,0.10407066059268621,0.9945698549174589,0.00040932880041390056,-9.711254314991903e-05,-0.0004014018846562649,0.9999999147228394,-0.00099423888605088,0.0009526294306851923,-2.6742192858364433e-05,42.69729513996874,-0.003650465619533707,-0.0005759530708965503,0.00019988515012461287,42.69729513996874,-0.003650465619533707,-0.0005759530708965503,0.00019988515012461287,-0.012233075685799122,-0.01649543270468712,0.044891104102134705,0.0,0.0,0.0,0.994595264324371,-0.10382732912394865,0.0006192758347777442,0.10382709385765643,0.994595400938042,0.00040075672901216525,-0.0006575382840880509,-0.00033429316527076,0.9999997279457346,0.0,0.0,0.0
27,1774889580812170596,0.270156218,270,10.100401,0.7803220005371259,42.69794705366113,0.6886765653816311,-0.6886765653816311,-0.005529170390218496,-0.021125787869095802,0.032497987151145935,-0.003336750902235508,-0.011418056674301624,0.014174421317875385,0.9945699344087151,-0.10407069146879833,5.481105905164995e-05,0.10407066059268621,0.9945698549174589,0.00040932880041390056,-9.711254314991903e-05,-0.0004014018846562649,0.9999999147228394,-0.00099423888605088,0.0009526294306851923,-2.6742192858364433e-05,-0.005529170390218496,-0.021125787869095802,0.032497987151145935,-0.003336750902235508,-0.011418056674301624,0.014174421317875385,0.9945699344087151,-0.10407069146879833,5.481105905164995e-05,0.10407066059268621,0.9945698549174589,0.00040932880041390056,-9.711254314991903e-05,-0.0004014018846562649,0.9999999147228394,-0.00099423888605088,0.0009526294306851923,-2.6742192858364433e-05,42.69794705366113,-0.003650421713052217,-0.0005759458194080315,0.0001998851465997488,42.69794705366113,-0.003650421713052217,-0.0005759458194080315,0.0001998851465997488,-0.012233075685799122,-0.01649543270468712,0.044891104102134705,0.0,0.0,0.0,0.994595264324371,-0.10382732912394865,0.0006192758347777442,0.10382709385765643,0.994595400938042,0.00040075672901216525,-0.0006575382840880509,-0.00033429316527076,0.9999997279457346,0.0,0.0,0.0
28,1774889580821991661,0.279977283,279,9.821065,0.41752699962671613,42.7297354403397,0.6891892812958017,-0.6891892812958017,-0.005295771639794111,-0.021003054454922676,0.0315641313791275,-0.002906680339947343,-0.01098677795380354,0.01349756121635437,0.9945690993827265,-0.1040784739778482,3.7069327472368484e-05,0.10407845282086758,0.9945690311686837,0.00037611867875788924,-7.601385840454774e-05,-0.00037021789378727677,0.9999999285803004,0.0007054908783175051,0.0002452869957778603,7.681804709136486e-05,-0.005295771639794111,-0.021003054454922676,0.0315641313791275,-0.002906680339947343,-0.01098677795380354,0.01349756121635437,0.9945690993827265,-0.1040784739778482,3.7069327472368484e-05,0.10407845282086758,0.9945690311686837,0.00037611867875788924,-7.601385840454774e-05,-0.00037021789378727677,0.9999999285803004,0.0007054908783175051,0.0002452869957778603,7.681804709136486e-05,42.7297354403397,-0.003875396900731429,-0.0005487653016218486,0.00019062903073779644,42.7297354403397,-0.003875396900731429,-0.0005487653016218486,0.00019062903073779644,-0.012233075685799122,-0.01649543270468712,0.044891104102134705,0.0,0.0,0.0,0.994595264324371,-0.10382732912394865,0.0006192758347777442,0.10382709385765643,0.994595400938042,0.00040075672901216525,-0.0006575382840880509,-0.00033429316527076,0.9999997279457346,0.0,0.0,0.0
