step,timestamp_ns,experiment_time_s,reference_index,tick_dt_ms,solver_ms,px4_collective_command_newton,px4_collective_normalized,px4_thrust_body_z,state_raw_0,state_raw_1,state_raw_2,state_raw_3,state_raw_4,state_raw_5,state_raw_6,state_raw_7,state_raw_8,state_raw_9,state_raw_10,state_raw_11,state_raw_12,state_raw_13,state_raw_14,state_raw_15,state_raw_16,state_raw_17,state_used_0,state_used_1,state_used_2,state_used_3,state_used_4,state_used_5,state_used_6,state_used_7,state_used_8,state_used_9,state_used_10,state_used_11,state_used_12,state_used_13,state_used_14,state_used_15,state_used_16,state_used_17,control_raw_0,control_raw_1,control_raw_2,control_raw_3,control_used_0,control_used_1,control_used_2,control_used_3,reference_0,reference_1,reference_2,reference_3,reference_4,reference_5,reference_6,reference_7,reference_8,reference_9,reference_10,reference_11,reference_12,reference_13,reference_14,reference_15,reference_16,reference_17
0,1775071353528300289,0.0,0,0.0,0.42360399675089866,42.58904422320846,0.6869200681162655,-0.6869200681162655,-0.025130171328783035,0.007286386098712683,-0.02382439374923706,-0.0009014829993247986,0.0027569858357310295,-0.001857164315879345,0.9946090071640237,-0.10369679923766828,-0.0003942839671505563,0.10369673009595126,0.9946090739937068,-0.0001919910446305101,0.00041206719745736503,0.00015007009278976413,0.9999999038398026,-0.00020616433175746351,-5.4379430366680026e-05,-0.0008601251756772399,-0.025130171328783035,0.007286386098712683,-0.02382439374923706,-0.0009014829993247986,0.0027569858357310295,-0.001857164315879345,0.9946090071640237,-0.10369679923766828,-0.0003942839671505563,0.10369673009595126,0.9946090739937068,-0.0001919910446305101,0.00041206719745736503,0.00015007009278976413,0.9999999038398026,-0.00020616433175746351,-5.4379430366680026e-05,-0.0008601251756772399,42.58904422320846,0.0014100579677558327,-0.001256593776205474,0.00013077322581830616,42.58904422320846,0.0014100579677558327,-0.001256593776205474,0.00013077322581830616,-0.029508916661143303,0.005069343373179436,-0.02426445484161377,0.0,0.0,0.0,0.9946091831448259,-0.10369461318690579,0.0,0.10369461318690579,0.9946091831448259,0.0,0.0,0.0,1.0,0.0,0.0,0.0
1,1775071353538264608,0.009964319,9,9.964319,0.4545310002868064,42.59020788897133,0.6869388369188923,-0.6869388369188923,-0.024952908977866173,0.0073309061117470264,-0.02384898066520691,-0.0007471559219993651,0.0027473284862935543,-0.0019031576812267303,0.9946092953333404,-0.10369449791271057,-0.0004052232637137094,0.10369442971155562,0.9946093676194679,-0.00018589545835956834,0.00042231509013841966,0.00014287399880623126,0.999999900618504,0.0006808921461924911,0.00032163981813937426,0.0003485856868792325,-0.024952908977866173,0.0073309061117470264,-0.02384898066520691,-0.0007471559219993651,0.0027473284862935543,-0.0019031576812267303,0.9946092953333404,-0.10369449791271057,-0.0004052232637137094,0.10369442971155562,0.9946093676194679,-0.00018589545835956834,0.00042231509013841966,0.00014287399880623126,0.999999900618504,0.0006808921461924911,0.00032163981813937426,0.0003485856868792325,42.59020788897133,0.0011823205825532486,-0.0014312989477549716,-5.239014731263075e-05,42.59020788897133,0.0011823205825532486,-0.0014312989477549716,-5.239014731263075e-05,-0.029508916661143303,0.005069343373179436,-0.02426445484161377,0.0,0.0,0.0,0.9946091831448259,-0.10369461318690579,0.0,0.10369461318690579,0.9946091831448259,0.0,0.0,0.0,1.0,0.0,0.0,0.0
2,1775071353548222424,0.019922135,19,9.957816,0.2982480000355281,42.59156865361157,0.6869607847356705,-0.6869607847356705,-0.024605384096503258,0.0074159386567771435,-0.023877620697021484,-0.0003634936874732375,0.002703289967030287,-0.0019568169955164194,0.9946093872320588,-0.10369255600100291,-0.0004260166458646547,0.10369248410422993,0.9946094682757703,-0.00018758147045842138,0.00044317094579363753,0.00014239558777394412,0.9999998916615067,-0.000762807612773031,0.00023493316257372499,0.0001622903801035136,-0.024605384096503258,0.0074159386567771435,-0.023877620697021484,-0.0003634936874732375,0.002703289967030287,-0.0019568169955164194,0.9946093872320588,-0.10369255600100291,-0.0004260166458646547,0.10369248410422993,0.9946094682757703,-0.00018758147045842138,0.00044317094579363753,0.00014239558777394412,0.9999998916615067,-0.000762807612773031,0.00023493316257372499,0.0001622903801035136,42.59156865361157,0.0015619725196154089,-0.0015831767164179906,-2.6008591090290597e-05,42.59156865361157,0.0015619725196154089,-0.0015831767164179906,-2.6008591090290597e-05,-0.029508916661143303,0.005069343373179436,-0.02426445484161377,0.0,0.0,0.0,0.9946091831448259,-0.10369461318690579,0.0,0.10369461318690579,0.9946091831448259,0.0,0.0,0.0,1.0,0.0,0.0,0.0
3,1775071353558202233,0.029901944,29,9.979809,0.43776399979833513,42.592896582600524,0.6869822029451698,-0.6869822029451698,-0.024434657767415047,0.007456579245626926,-0.023893356323242188,-0.0001739123254083097,0.0027187522500753403,-0.0020314990542829037,0.9946093597638311,-0.1036930905349398,-0.00043272749570778726,0.10369301588492719,0.9946094432293334,-0.0001915810515999575,0.00045026042011853725,0.00014567751696249135,0.9999998880218126,-0.0011528321774676442,-0.00018583194469101727,8.783050725469366e-05,-0.024434657767415047,0.007456579245626926,-0.023893356323242188,-0.0001739123254083097,0.0027187522500753403,-0.0020314990542829037,0.9946093597638311,-0.1036930905349398,-0.00043272749570778726,0.10369301588492719,0.9946094432293334,-0.0001915810515999575,0.00045026042011853725,0.00014567751696249135,0.9999998880218126,-0.0011528321774676442,-0.00018583194469101727,8.783050725469366e-05,42.592896582600524,0.001683989942658419,-0.0015539402444382593,-1.4416255024373752e-05,42.592896582600524,0.001683989942658419,-0.0015539402444382593,-1.4416255024373752e-05,-0.029508916661143303,0.005069343373179436,-0.02426445484161377,0.0,0.0,0.0,0.9946091831448259,-0.10369461318690579,0.0,0.10369461318690579,0.9946091831448259,0.0,0.0,0.0,1.0,0.0,0.0,0.0
4,1775071353568205816,0.039905527,39,10.003583,0.2931499984697439,42.594122488571784,0.6870019756221255,-0.6870019756221255,-0.024257171899080276,0.007488899864256382,-0.023915916681289673,3.606108657550067e-05,0.0026702918112277985,-0.002085755579173565,0.9946090566688606,-0.10369557389722606,-0.0004473288254738996,0.1036954978185527,0.9946091470270664,-0.00019010238709846368,0.00046463007384863787,0.00014269159104797306,0.9999998818790031,-0.0001709063071757555,0.0007172621553763747,0.00034612417221069336,-0.024257171899080276,0.007488899864256382,-0.023915916681289673,3.606108657550067e-05,0.0026702918112277985,-0.002085755579173565,0.9946090566688606,-0.10369557389722606,-0.0004473288254738996,0.1036954978185527,0.9946091470270664,-0.00019010238709846368,0.00046463007384863787,0.00014269159104797306,0.9999998818790031,-0.0001709063071757555,0.0007172621553763747,0.00034612417221069336,42.594122488571784,0.0014358519541261248,-0.0018818432731456493,-5.11644249792199e-05,42.594122488571784,0.0014358519541261248,-0.0018818432731456493,-5.11644249792199e-05,-0.029508916661143303,0.005069343373179436,-0.02426445484161377,0.0,0.0,0.0,0.9946091831448259,-0.10369461318690579,0.0,0.10369461318690579,0.9946091831448259,0.0,0.0,0.0,1.0,0.0,0.0,0.0
5,1775071353578291714,0.049991425,49,10.085898,0.413851004850585,42.595076975141154,0.6870173705667928,-0.6870173705667928,-0.024081602692604065,0.007520067971199751,-0.023939087986946106,0.00023167938343249261,0.0026580500416457653,-0.002117942785844207,0.9946085530417861,-0.10370035664354016,-0.0004533178194334724,0.10370028124999386,0.9946086466598558,-0.00018683423301602865,0.0004702485568492242,0.00013881776119729038,0.9999998797979626,0.0002173118118662387,-0.0007728012278676033,-0.0007506763213314116,-0.024081602692604065,0.007520067971199751,-0.023939087986946106,0.00023167938343249261,0.0026580500416457653,-0.002117942785844207,0.9946085530417861,-0.10370035664354016,-0.0004533178194334724,0.10370028124999386,0.9946086466598558,-0.00018683423301602865,0.0004702485568492242,0.00013881776119729038,0.9999998797979626,0.0002173118118662387,-0.0007728012278676033,-0.0007506763213314116,42.595076975141154,0.0013385422954710247,-0.0015860153250579136,0.00011719898255552318,42.595076975141154,0.0013385422954710247,-0.0015860153250579136,0.00011719898255552318,-0.029508916661143303,0.005069343373179436,-0.02426445484161377,0.0,0.0,0.0,0.9946091831448259,-0.10369461318690579,0.0,0.10369461318690579,0.9946091831448259,0.0,0.0,0.0,1.0,0.0,0.0,0.0
6,1775071353588166044,0.059865755,59,9.87433,0.31550799758406356,42.59597203590907,0.6870318070307915,-0.6870318070307915,-0.023908110335469246,0.007550129201263189,-0.023962825536727905,0.00039692933205515146,0.0026394804008305073,-0.002144391881301999,0.9946081278861183,-0.10370354339024224,-0.00045892450156388015,0.10370347149641157,0.9946082253598607,-0.00017783875591216927,0.00047489260398407215,0.00012928780267786738,0.9999998788808301,0.0010576590429991484,-0.0009080889285542071,-0.0004026179085485637,-0.023908110335469246,0.007550129201263189,-0.023962825536727905,0.00039692933205515146,0.0026394804008305073,-0.002144391881301999,0.9946081278861183,-0.10370354339024224,-0.00045892450156388015,0.10370347149641157,0.9946082253598607,-0.00017783875591216927,0.00047489260398407215,0.00012928780267786738,0.9999998788808301,0.0010576590429991484,-0.0009080889285542071,-0.0004026179085485637,42.59597203590907,0.0011117626223538055,-0.0016216455128727444,6.755745791419798e-05,42.59597203590907,0.0011117626223538055,-0.0016216455128727444,6.755745791419798e-05,-0.029508916661143303,0.005069343373179436,-0.02426445484161377,0.0,0.0,0.0,0.9946091831448259,-0.10369461318690579,0.0,0.10369461318690579,0.9946091831448259,0.0,0.0,0.0,1.0,0.0,0.0,0.0
7,1775071353598274711,0.069974422,69,10.108667,0.3711600002134219,42.596611545419755,0.6870421217003186,-0.6870421217003186,-0.023736728355288506,0.0075791580602526665,-0.023987025022506714,0.0005711329868063331,0.002598921535536647,-0.002150330925360322,0.9946082654128838,-0.10370248401563686,-0.00047297086520800384,0.10370241159439897,0.9946083699861765,-0.00017522278156584942,0.0004885918098219422,0.00012522981230601686,0.9999998727977624,-0.00042748518171720207,0.001100655528716743,0.0007402116316370666,-0.023736728355288506,0.0075791580602526665,-0.023987025022506714,0.0005711329868063331,0.002598921535536647,-0.002150330925360322,0.9946082654128838,-0.10370248401563686,-0.00047297086520800384,0.10370241159439897,0.9946083699861765,-0.00017522278156584942,0.0004885918098219422,0.00012522981230601686,0.9999998727977624,-0.00042748518171720207,0.001100655528716743,0.0007402116316370666,42.596611545419755,0.0014779201173000152,-0.0022164324827494424,-0.00010472320592854447,42.596611545419755,0.0014779201173000152,-0.0022164324827494424,-0.00010472320592854447,-0.029508916661143303,0.005069343373179436,-0.02426445484161377,0.0,0.0,0.0,0.9946091831448259,-0.10369461318690579,0.0,0.10369461318690579,0.9946091831448259,0.0,0.0,0.0,1.0,0.0,0.0,0.0
8,1775071353608213623,0.079913334,79,9.938912,0.4942519954056479,42.59975484894124,0.6870928201442135,-0.6870928201442135,-0.02337537705898285,0.007591863162815571,-0.02406296133995056,0.0009228867711499333,0.002479173708707094,-0.0022535016760230064,0.9946088574737155,-0.103697536145402,-0.0005032202753625595,0.10369745694156207,0.9946089765486965,-0.0001810829490777946,0.0005192851915777064,0.0001279240782291833,0.9999998569891635,0.00011809082934632897,0.0006666003027930856,0.0005969369085505605,-0.02337537705898285,0.007591863162815571,-0.02406296133995056,0.0009228867711499333,0.002479173708707094,-0.0022535016760230064,0.9946088574737155,-0.103697536145402,-0.0005032202753625595,0.10369745694156207,0.9946089765486965,-0.0001810829490777946,0.0005192851915777064,0.0001279240782291833,0.9999998569891635,0.00011809082934632897,0.0006666003027930856,0.0005969369085505605,42.59975484894124,0.0013456317177120776,-0.0023029263845469666,-8.722703398118749e-05,42.59975484894124,0.0013456317177120776,-0.0023029263845469666,-8.722703398118749e-05,-0.029508916661143303,0.005069343373179436,-0.02426445484161377,0.0,0.0,0.0,0.9946091831448259,-0.10369461318690579,0.0,0.10369461318690579,0.9946091831448259,0.0,0.0,0.0,1.0,0.0,0.0,0.0
9,1775071353618267096,0.089966807,89,10.053473,0.4089959984412417,42.601705498990135,0.6871242822417764,-0.6871242822417764,-0.023198269307613373,0.0075969998724758625,-0.0240936279296875,0.0010784134501591325,0.0024418444372713566,-0.0023478360380977392,0.9946092685188925,-0.10369275491534458,-0.0005111916069200258,0.10369267726041032,0.994609392371594,-0.00017621365726350376,0.0005267080385469042,0.00012225691850251477,0.9999998538159364,0.0001781737810233608,0.00024346951977349818,0.001211046357639134,-0.023198269307613373,0.0075969998724758625,-0.0240936279296875,0.0010784134501591325,0.0024418444372713566,-0.0023478360380977392,0.9946092685188925,-0.10369275491534458,-0.0005111916069200258,0.10369267726041032,0.994609392371594,-0.00017621365726350376,0.0005267080385469042,0.00012225691850251477,0.9999998538159364,0.0001781737810233608,0.00024346951977349818,0.001211046357639134,42.601705498990135,0.0013171012569584584,-0.002271710986809083,-0.00018318451794138905,42.601705498990135,0.0013171012569584584,-0.002271710986809083,-0.00018318451794138905,-0.029508916661143303,0.005069343373179436,-0.02426445484161377,0.0,0.0,0.0,0.9946091831448259,-0.10369461318690579,0.0,0.10369461318690579,0.9946091831448259,0.0,0.0,0.0,1.0,0.0,0.0,0.0
10,1775071353628304999,0.10000471,100,10.037903,0.3504069973132573,42.60254955552583,0.6871378960568683,-0.6871378960568683,-0.023023292422294617,0.00760128628462553,-0.024124935269355774,0.0012351108016446233,0.0023728185333311558,-0.0023558877874165773,0.9946086303253978,-0.10369842399160967,-0.0005241112071802285,0.1036983487963592,0.9946087619423636,-0.0001687396068350295,0.000538783641293979,0.00011348039601956697,0.9999998484171799,0.0009510124800726771,0.00019249202159699053,-0.001362627954222262,-0.023023292422294617,0.00760128628462553,-0.024124935269355774,0.0012351108016446233,0.0023728185333311558,-0.0023558877874165773,0.9946086303253978,-0.10369842399160967,-0.0005241112071802285,0.1036983487963592,0.9946087619423636,-0.0001687396068350295,0.000538783641293979,0.00011348039601956697,0.9999998484171799,0.0009510124800726771,0.00019249202159699053,-0.001362627954222262,42.60254955552583,0.0010973337429904613,-0.0023464786012618,0.00020742949337937755,42.60254955552583,0.0010973337429904613,-0.0023464786012618,0.00020742949337937755,-0.029508916661143303,0.005069343373179436,-0.02426445484161377,0.0,0.0,0.0,0.9946091831448259,-0.10369461318690579,0.0,0.10369461318690579,0.9946091831448259,0.0,0.0,0.0,1.0,0.0,0.0,0.0
11,1775071353638218994,0.109918705,109,9.913995,0.4566470015561208,42.603812727922886,0.6871582698052079,-0.6871582698052079,-0.022841723635792732,0.007575587835162878,-0.024178534746170044,0.0014375698519870639,0.0023327439557760954,-0.002355049829930067,0.9946084423207638,-0.10370037405240629,-0.0005348263010057988,0.10370030013976006,0.9946085802677841,-0.0001642015337568331,0.0005489705860926355,0.00010785458516331115,0.9999998434993302,-0.0005858291406184435,0.00021680782083421946,0.0005042331758886576,-0.022841723635792732,0.007575587835162878,-0.024178534746170044,0.0014375698519870639,0.0023327439557760954,-0.002355049829930067,0.9946084423207638,-0.10370037405240629,-0.0005348263010057988,0.10370030013976006,0.9946085802677841,-0.0001642015337568331,0.0005489705860926355,0.00010785458516331115,0.9999998434993302,-0.0005858291406184435,0.00021680782083421946,0.0005042331758886576,42.603812727922886,0.0014654907490681884,-0.0024445788260849736,-7.103629366603366e-05,42.603812727922886,0.0014654907490681884,-0.0024445788260849736,-7.103629366603366e-05,-0.029508916661143303,0.005069343373179436,-0.02426445484161377,0.0,0.0,0.0,0.9946091831448259,-0.10369461318690579,0.0,0.10369461318690579,0.9946091831448259,0.0,0.0,0.0,1.0,0.0,0.0,0.0
12,1775071353648197945,0.119897656,119,9.978951,0.32759799796622247,42.607674878074654,0.6872205625495912,-0.6872205625495912,-0.02248430624604225,0.007523625623434782,-0.02428537607192993,0.0018148277886211872,0.0022294586524367332,-0.002455909037962556,0.9946076524007126,-0.10370906452071549,-0.0005607402704520693,0.10370898254166172,0.9946078038956656,-0.000173428556631142,0.0005757026718071056,0.00011433962058700863,0.9999998277464484,-0.0007411623373627663,0.00026190400240011513,0.00013480742927640676,-0.02248430624604225,0.007523625623434782,-0.02428537607192993,0.0018148277886211872,0.0022294586524367332,-0.002455909037962556,0.9946076524007126,-0.10370906452071549,-0.0005607402704520693,0.10370898254166172,0.9946078038956656,-0.000173428556631142,0.0005757026718071056,0.00011433962058700863,0.9999998277464484,-0.0007411623373627663,0.00026190400240011513,0.00013480742927640676,42.607674878074654,0.0015124846808967072,-0.0026451218723397515,-8.65464218492978e-06,42.607674878074654,0.0015124846808967072,-0.0026451218723397515,-8.65464218492978e-06,-0.029508916661143303,0.005069343373179436,-0.02426445484161377,0.0,0.0,0.0,0.9946091831448259,-0.10369461318690579,0.0,0.10369461318690579,0.9946091831448259,0.0,0.0,0.0,1.0,0.0,0.0,0.0
13,1775071353658234724,0.129934435,129,10.036779,0.48061699635582045,42.609050642721684,0.6872427523019626,-0.6872427523019626,-0.022308189421892166,0.007497687358409166,-0.024338707327842712,0.0020278107840567827,0.0022184362169355154,-0.002463575918227434,0.9946067947327177,-0.10371738984847112,-0.0005712643625483751,0.1037173107231506,0.9946069531013253,-0.00016651509318111463,0.00058545391588357,0.0001063671027691851,0.9999998229648842,0.0006275959894992411,0.00017791423306334764,-0.00038051267620176077,-0.022308189421892166,0.007497687358409166,-0.024338707327842712,0.0020278107840567827,0.0022184362169355154,-0.002463575918227434,0.9946067947327177,-0.10371738984847112,-0.0005712643625483751,0.1037173107231506,0.9946069531013253,-0.00016651509318111463,0.00058545391588357,0.0001063671027691851,0.9999998229648842,0.0006275959894992411,0.00017791423306334764,-0.00038051267620176077,42.609050642721684,0.001154282834250385,-0.0027164176995409673,7.533778295775725e-05,42.609050642721684,0.001154282834250385,-0.0027164176995409673,7.533778295775725e-05,-0.029508916661143303,0.005069343373179436,-0.02426445484161377,0.0,0.0,0.0,0.9946091831448259,-0.10369461318690579,0.0,0.10369461318690579,0.9946091831448259,0.0,0.0,0.0,1.0,0.0,0.0,0.0
14,1775071353668184687,0.139884398,139,9.949963,0.4387779990793206,42.613279648278876,0.6873109620690141,-0.6873109620690141,-0.02195867896080017,0.007382688112556934,-0.024482637643814087,0.0023738497402518988,0.0019751107320189476,-0.002523756353184581,0.9946070163329611,-0.10371455347133662,-0.0005910621755869788,0.10371448714607312,0.9946071887562792,-0.00014186386749368007,0.0006025879775285042,7.979712806852057e-05,0.9999998152600714,0.001323636039160192,-0.0005794340395368636,0.0009437446133233607,-0.02195867896080017,0.007382688112556934,-0.024482637643814087,0.0023738497402518988,0.0019751107320189476,-0.002523756353184581,0.9946070163329611,-0.10371455347133662,-0.0005910621755869788,0.10371448714607312,0.9946071887562792,-0.00014186386749368007,0.0006025879775285042,7.979712806852057e-05,0.9999998152600714,0.001323636039160192,-0.0005794340395368636,0.0009437446133233607,42.613279648278876,0.0008665965909080055,-0.0026975536577154746,-0.00012557605233058585,42.613279648278876,0.0008665965909080055,-0.0026975536577154746,-0.00012557605233058585,-0.029508916661143303,0.005069343373179436,-0.02426445484161377,0.0,0.0,0.0,0.9946091831448259,-0.10369461318690579,0.0,0.10369461318690579,0.9946091831448259,0.0,0.0,0.0,1.0,0.0,0.0,0.0
15,1775071353678291497,0.149991208,149,10.10681,0.3975400031777099,42.61492477629411,0.6873374963918405,-0.6873374963918405,-0.02178671583533287,0.007325178477913141,-0.024553626775741577,0.0025079529732465744,0.0018881612922996283,-0.0025188568979501724,0.994606820372929,-0.1037166807785943,-0.0005986060167739414,0.1037166148415356,0.9946069974970377,-0.00014024609150582214,0.0006099235121551829,7.740438502378336e-05,0.9999998110009375,-0.0005782326916232705,0.00047160068061202765,-0.00019096497271675617,-0.02178671583533287,0.007325178477913141,-0.024553626775741577,0.0025079529732465744,0.0018881612922996283,-0.0025188568979501724,0.994606820372929,-0.1037166807785943,-0.0005986060167739414,0.1037166148415356,0.9946069974970377,-0.00014024609150582214,0.0006099235121551829,7.740438502378336e-05,0.9999998110009375,-0.0005782326916232705,0.00047160068061202765,-0.00019096497271675617,42.61492477629411,0.0013182173051258157,-0.0030305918430370664,4.633784338555706e-05,42.61492477629411,0.0013182173051258157,-0.0030305918430370664,4.633784338555706e-05,-0.029508916661143303,0.005069343373179436,-0.02426445484161377,0.0,0.0,0.0,0.9946091831448259,-0.10369461318690579,0.0,0.10369461318690579,0.9946091831448259,0.0,0.0,0.0,1.0,0.0,0.0,0.0
16,1775071353688189171,0.159888882,159,9.897674,0.4628400056390092,42.617414229300984,0.6873776488596933,-0.6873776488596933,-0.021616347134113312,0.007268108427524567,-0.024624153971672058,0.002739500952884555,0.0018377657979726791,-0.002579445717856288,0.9946059702614553,-0.10372483286663026,-0.0006134396174560866,0.1037247662058216,0.9946061565926579,-0.00013958731599437307,0.0006246094035373614,7.520555872995299e-05,0.9999998021036116,-0.0005720439949072897,0.0007096478948369622,-0.0007751015364192426,-0.021616347134113312,0.007268108427524567,-0.024624153971672058,0.002739500952884555,0.0018377657979726791,-0.002579445717856288,0.9946059702614553,-0.10372483286663026,-0.0006134396174560866,0.1037247662058216,0.9946061565926579,-0.00013958731599437307,0.0006246094035373614,7.520555872995299e-05,0.9999998021036116,-0.0005720439949072897,0.0007096478948369622,-0.0007751015364192426,42.617414229300984,0.0013046554267954066,-0.0031974151126770716,0.00014051116295104235,42.617414229300984,0.0013046554267954066,-0.0031974151126770716,0.00014051116295104235,-0.029508916661143303,0.005069343373179436,-0.02426445484161377,0.0,0.0,0.0,0.9946091831448259,-0.10369461318690579,0.0,0.10369461318690579,0.9946091831448259,0.0,0.0,0.0,1.0,0.0,0.0,0.0
17,1775071353698261491,0.169961202,169,10.07232,0.285210000583902,42.61999488183562,0.6874192722876713,-0.6874192722876713,-0.02144729718565941,0.007211454678326845,-0.024694442749023438,0.002957114949822426,0.0017860173247754574,-0.002647159155458212,0.9946054017647165,-0.10372908739559872,-0.0006263417102970043,0.10372902094977432,0.9946055963723658,-0.00013774246003534635,0.0006372508625717629,7.202958771164447e-05,0.9999997943615191,-0.0004641614796128124,0.0003407113254070282,7.156406354624778e-05,-0.02144729718565941,0.007211454678326845,-0.024694442749023438,0.002957114949822426,0.0017860173247754574,-0.002647159155458212,0.9946054017647165,-0.10372908739559872,-0.0006263417102970043,0.10372902094977432,0.9946055963723658,-0.00013774246003534635,0.0006372508625717629,7.202958771164447e-05,0.9999997943615191,-0.0004641614796128124,0.0003407113254070282,7.156406354624778e-05,42.61999488183562,0.001262226655912337,-0.0032046416985945197,1.6941251015521332e-05,42.61999488183562,0.001262226655912337,-0.0032046416985945197,1.6941251015521332e-05,-0.029508916661143303,0.005069343373179436,-0.02426445484161377,0.0,0.0,0.0,0.9946091831448259,-0.10369461318690579,0.0,0.10369461318690579,0.9946091831448259,0.0,0.0,0.0,1.0,0.0,0.0,0.0
18,1775071353708213593,0.179913304,179,9.952102,0.43663399992510676,42.62495497190516,0.6874992737404059,-0.6874992737404059,-0.021118268370628357,0.0070547861978411674,-0.024878278374671936,0.00330296135507524,0.0015184251824393868,-0.002688777167350054,0.9946052205897036,-0.10373085953139327,-0.0006409692050549608,0.10373079898143223,0.9946054253200043,-0.00012708902777138105,0.0006506944863788732,5.9915175079420374e-05,0.9999997865034104,-0.0005010440945625305,0.0006208163104020059,0.00043177156476303935,-0.021118268370628357,0.0070547861978411674,-0.024878278374671936,0.00330296135507524,0.0015184251824393868,-0.002688777167350054,0.9946052205897036,-0.10373085953139327,-0.0006409692050549608,0.10373079898143223,0.9946054253200043,-0.00012708902777138105,0.0006506944863788732,5.9915175079420374e-05,0.9999997865034104,-0.0005010440945625305,0.0006208163104020059,0.00043177156476303935,42.62495497190516,0.001182350217239532,-0.003430461756816501,-3.566697295807579e-05,42.62495497190516,0.001182350217239532,-0.003430461756816501,-3.566697295807579e-05,-0.029508916661143303,0.005069343373179436,-0.02426445484161377,0.0,0.0,0.0,0.9946091831448259,-0.10369461318690579,0.0,0.10369461318690579,0.9946091831448259,0.0,0.0,0.0,1.0,0.0,0.0,0.0
19,1775071353718218679,0.18991839,189,10.005086,0.41597300150897354,42.62690132731252,0.6875306665695567,-0.6875306665695567,-0.02095586434006691,0.006976555101573467,-0.02496829628944397,0.003494426840916276,0.001386212999932468,-0.0026704950723797083,0.9946056055583605,-0.1037283799683979,-0.0006502949717714507,0.10372832431656853,0.9946058168533389,-0.0001188212746864245,0.0006591121905691402,5.072638241081229e-05,0.999999781498984,0.00033841966069303453,-6.310890603344887e-05,0.001019042101688683,-0.02095586434006691,0.006976555101573467,-0.02496829628944397,0.003494426840916276,0.001386212999932468,-0.0026704950723797083,0.9946056055583605,-0.1037283799683979,-0.0006502949717714507,0.10372832431656853,0.9946058168533389,-0.0001188212746864245,0.0006591121905691402,5.072638241081229e-05,0.999999781498984,0.00033841966069303453,-6.310890603344887e-05,0.001019042101688683,42.62690132731252,0.0009212707185756689,-0.0033459089003885717,-0.00012576070137023892,42.62690132731252,0.0009212707185756689,-0.0033459089003885717,-0.00012576070137023892,-0.029508916661143303,0.005069343373179436,-0.02426445484161377,0.0,0.0,0.0,0.9946091831448259,-0.10369461318690579,0.0,0.10369461318690579,0.9946091831448259,0.0,0.0,0.0,1.0,0.0,0.0,0.0
20,1775071353728209507,0.199909218,199,9.990828,0.4681729988078587,42.62906533455556,0.6875655699121865,-0.6875655699121865,-0.020794687792658806,0.006898457650095224,-0.02505931258201599,0.0036694547161459923,0.0012257886119186878,-0.0026667348574846983,0.9946050382467636,-0.10373263056188131,-0.0006586248882122225,0.10373257980449968,0.9946052554324435,-0.0001108563972018195,0.0006665711746207115,4.193749322378704e-05,0.9999997769620406,0.0008804817334748805,0.00011083006393164396,-0.00024885733728297055,-0.020794687792658806,0.006898457650095224,-0.02505931258201599,0.0036694547161459923,0.0012257886119186878,-0.0026667348574846983,0.9946050382467636,-0.10373263056188131,-0.0006586248882122225,0.10373257980449968,0.9946052554324435,-0.0001108563972018195,0.0006665711746207115,4.193749322378704e-05,0.9999997769620406,0.0008804817334748805,0.00011083006393164396,-0.00024885733728297055,42.62906533455556,0.0007292581946266384,-0.0034703634350179294,6.785513218642277e-05,42.62906533455556,0.0007292581946266384,-0.0034703634350179294,6.785513218642277e-05,-0.029508916661143303,0.005069343373179436,-0.02426445484161377,0.0,0.0,0.0,0.9946091831448259,-0.10369461318690579,0.0,0.10369461318690579,0.9946091831448259,0.0,0.0,0.0,1.0,0.0,0.0,0.0
21,1775071353738177644,0.209877355,209,9.968137,0.30188800155883655,42.6330049371408,0.6876291118893677,-0.6876291118893677,-0.020634900778532028,0.00679630134254694,-0.025161966681480408,0.0037921087350696325,0.001087299082428217,-0.00277759600430727,0.994605327105577,-0.1037303280518671,-0.0006645333205046559,0.10373028063998735,0.9946055484535183,-0.00010551251941269199,0.0006718933128248804,3.6011137096250007e-05,0.9999997736312799,-6.724925333401188e-05,-0.00020436687918845564,0.0006711000460200012,-0.020634900778532028,0.00679630134254694,-0.025161966681480408,0.0037921087350696325,0.001087299082428217,-0.00277759600430727,0.994605327105577,-0.1037303280518671,-0.0006645333205046559,0.10373028063998735,0.9946055484535183,-0.00010551251941269199,0.0006718933128248804,3.6011137096250007e-05,0.9999997736312799,-6.724925333401188e-05,-0.00020436687918845564,0.0006711000460200012,42.6330049371408,0.00091648826430115,-0.0034555120370551888,-7.199391476376677e-05,42.6330049371408,0.00091648826430115,-0.0034555120370551888,-7.199391476376677e-05,-0.029508916661143303,0.005069343373179436,-0.02426445484161377,0.0,0.0,0.0,0.9946091831448259,-0.10369461318690579,0.0,0.10369461318690579,0.9946091831448259,0.0,0.0,0.0,1.0,0.0,0.0,0.0
22,1775071353748186471,0.219886182,219,10.008827,0.5044579957029782,42.63937106057409,0.6877317912995822,-0.6877317912995822,-0.02031870186328888,0.006594256032258272,-0.025364577770233154,0.0042054313234984875,0.0009015205432660878,-0.002890863223001361,0.9946047671996058,-0.10373617669740276,-0.0006799047129867515,0.10373613154404704,0.9946049991251852,-0.00010143889735151311,0.0006867594028835359,3.0361014287026006e-05,0.9999997637198699,-0.0006146573578007519,-0.00044667988549917936,-1.3342492820811458e-05,-0.02031870186328888,0.006594256032258272,-0.025364577770233154,0.0042054313234984875,0.0009015205432660878,-0.002890863223001361,0.9946047671996058,-0.10373617669740276,-0.0006799047129867515,0.10373613154404704,0.9946049991251852,-0.00010143889735151311,0.0006867594028835359,3.0361014287026006e-05,0.9999997637198699,-0.0006146573578007519,-0.00044667988549917936,-1.3342492820811458e-05,42.63937106057409,0.000992785553158005,-0.0035633747858963257,3.536996867720621e-05,42.63937106057409,0.000992785553158005,-0.0035633747858963257,3.536996867720621e-05,-0.029508916661143303,0.005069343373179436,-0.02426445484161377,0.0,0.0,0.0,0.9946091831448259,-0.10369461318690579,0.0,0.10369461318690579,0.9946091831448259,0.0,0.0,0.0,1.0,0.0,0.0,0.0
23,1775071353758222121,0.229921832,229,10.03565,0.2969879933516495,42.6421785420924,0.6877770732595548,-0.6877770732595548,-0.020162459462881088,0.006494518835097551,-0.02546420693397522,0.004326921887695789,0.0008053040946833789,-0.002919090213254094,0.994604816948036,-0.10373511349787834,-0.000687673551981044,0.1037350738590388,0.9946050544495694,-9.315787841429439e-05,0.0006936272664944555,2.1319464822262824e-05,0.9999997592133394,0.0006541847251355648,0.0005795316537842155,0.0005897175287827849,-0.020162459462881088,0.006494518835097551,-0.02546420693397522,0.004326921887695789,0.0008053040946833789,-0.002919090213254094,0.994604816948036,-0.10373511349787834,-0.000687673551981044,0.1037350738590388,0.9946050544495694,-9.315787841429439e-05,0.0006936272664944555,2.1319464822262824e-05,0.9999997592133394,0.0006541847251355648,0.0005795316537842155,0.0005897175287827849,42.6421785420924,0.0006273777483590935,-0.003886954434646765,-5.593552255106094e-05,42.6421785420924,0.0006273777483590935,-0.003886954434646765,-5.593552255106094e-05,-0.029508916661143303,0.005069343373179436,-0.02426445484161377,0.0,0.0,0.0,0.9946091831448259,-0.10369461318690579,0.0,0.10369461318690579,0.9946091831448259,0.0,0.0,0.0,1.0,0.0,0.0,0.0
24,1775071353768178874,0.239878585,239,9.956753,0.44493099994724616,42.64571132378336,0.6878340536094091,-0.6878340536094091,-0.02003708854317665,0.006393308285623789,-0.02557457983493805,0.004436716437339783,0.0006895851693116128,-0.002982937963679433,0.9946051043975785,-0.10373281358849762,-0.0006976097006409481,0.10373277542070314,0.9946053488856705,-9.077179964814969e-05,0.0007032622470434582,1.791719629582085e-05,0.9999997525505957,-0.0005116217653267086,8.824849646771327e-05,0.001229079789482057,-0.02003708854317665,0.006393308285623789,-0.02557457983493805,0.004436716437339783,0.0006895851693116128,-0.002982937963679433,0.9946051043975785,-0.10373281358849762,-0.0006976097006409481,0.10373277542070314,0.9946053488856705,-9.077179964814969e-05,0.0007032622470434582,1.791719629582085e-05,0.9999997525505957,-0.0005116217653267086,8.824849646771327e-05,0.001229079789482057,42.64571132378336,0.0008805447947952469,-0.003830617403409865,-0.0001536942552049891,42.64571132378336,0.0008805447947952469,-0.003830617403409865,-0.0001536942552049891,-0.029508916661143303,0.005069343373179436,-0.02426445484161377,0.0,0.0,0.0,0.9946091831448259,-0.10369461318690579,0.0,0.10369461318690579,0.9946091831448259,0.0,0.0,0.0,1.0,0.0,0.0,0.0
25,1775071353778273745,0.249973456,249,10.094871,0.31314900115830824,42.65020711447523,0.6879065663625037,-0.6879065663625037,-0.01991279236972332,0.006292866077274084,-0.025684088468551636,0.004556935280561447,0.0006134117720648646,-0.003121814224869013,0.9946054356628792,-0.10372962496923899,-0.0007071941172992167,0.10372959375420931,0.9946056870563894,-8.077493316206372e-05,0.0007117579339094675,6.982326752617146e-06,0.9999997466759486,0.0003443087334744632,0.00045596444397233427,0.00040305708535015583,-0.01991279236972332,0.006292866077274084,-0.025684088468551636,0.004556935280561447,0.0006134117720648646,-0.003121814224869013,0.9946054356628792,-0.10372962496923899,-0.0007071941172992167,0.10372959375420931,0.9946056870563894,-8.077493316206372e-05,0.0007117579339094675,6.982326752617146e-06,0.9999997466759486,0.0003443087334744632,0.00045596444397233427,0.00040305708535015583,42.65020711447523,0.0006175688488345601,-0.003989324665679885,-3.234985047944044e-05,42.65020711447523,0.0006175688488345601,-0.003989324665679885,-3.234985047944044e-05,-0.029508916661143303,0.005069343373179436,-0.02426445484161377,0.0,0.0,0.0,0.9946091831448259,-0.10369461318690579,0.0,0.10369461318690579,0.9946091831448259,0.0,0.0,0.0,1.0,0.0,0.0,0.0
26,1775071353788174344,0.259874055,259,9.900599,0.3778649988817051,42.65748982146124,0.6880240293784071,-0.6880240293784071,-0.019667230546474457,0.0060943071730434895,-0.025884374976158142,0.004791282583028078,0.0004090484289918095,-0.003307660110294819,0.994604420338027,-0.10373936753403012,-0.0007138834963910205,0.10373933844453753,0.9946046765297408,-7.775731975414452e-05,0.0007180982441859704,3.2800749751975278e-06,0.9999997421620804,-0.0012637446634471416,-3.419833956286311e-05,-0.00022090515994932503,-0.019667230546474457,0.0060943071730434895,-0.025884374976158142,0.004791282583028078,0.0004090484289918095,-0.003307660110294819,0.994604420338027,-0.10373936753403012,-0.0007138834963910205,0.10373933844453753,0.9946046765297408,-7.775731975414452e-05,0.0007180982441859704,3.2800749751975278e-06,0.9999997421620804,-0.0012637446634471416,-3.419833956286311e-05,-0.00022090515994932503,42.65748982146124,0.0009536537348625467,-0.003968574740756039,6.908039596208163e-05,42.65748982146124,0.0009536537348625467,-0.003968574740756039,6.908039596208163e-05,-0.029508916661143303,0.005069343373179436,-0.02426445484161377,0.0,0.0,0.0,0.9946091831448259,-0.10369461318690579,0.0,0.10369461318690579,0.9946091831448259,0.0,0.0,0.0,1.0,0.0,0.0,0.0
27,1775071353798185734,0.269885445,269,10.01139,0.302984997688327,42.659909197737534,0.6880630515764118,-0.6880630515764118,-0.01958172582089901,0.006005942355841398,-0.026001155376434326,0.0048374817706644535,0.00032946557621471584,-0.003272493602707982,0.9946039411996731,-0.10374362088163158,-0.0007230301977929031,0.10374359311304526,0.9946042040039605,-7.590690251605553e-05,0.000727003636151767,4.876393499587961e-07,0.999999735732734,-0.00021049930364824831,0.0004756376729346812,7.032357098069042e-05,-0.01958172582089901,0.006005942355841398,-0.026001155376434326,0.0048374817706644535,0.00032946557621471584,-0.003272493602707982,0.9946039411996731,-0.10374362088163158,-0.0007230301977929031,0.10374359311304526,0.9946042040039605,-7.590690251605553e-05,0.000727003636151767,4.876393499587961e-07,0.999999735732734,-0.00021049930364824831,0.0004756376729346812,7.032357098069042e-05,42.659909197737534,0.0006605136716664747,-0.004141768353181514,2.8821089477351388e-05,42.659909197737534,0.0006605136716664747,-0.004141768353181514,2.8821089477351388e-05,-0.029508916661143303,0.005069343373179436,-0.02426445484161377,0.0,0.0,0.0,0.9946091831448259,-0.10369461318690579,0.0,0.10369461318690579,0.9946091831448259,0.0,0.0,0.0,1.0,0.0,0.0,0.0
28,1775071353808225879,0.27992559,279,10.040145,0.30238400358939543,42.663629821045014,0.6881230616297583,-0.6881230616297583,-0.01949702948331833,0.005917949602007866,-0.026116132736206055,0.004894816316664219,0.00021068259957246482,-0.0033400298561900854,0.9946037309657274,-0.10374609649721167,-0.000720528107529872,0.10374607439484529,0.9946039919295597,-6.808482908516808e-05,0.0007237035405544996,-7.034421157209314e-06,0.9999997381018588,0.0005157685955055058,-0.0007790740928612649,-0.00010338837455492467,-0.01949702948331833,0.005917949602007866,-0.026116132736206055,0.004894816316664219,0.00021068259957246482,-0.0033400298561900854,0.9946037309657274,-0.10374609649721167,-0.000720528107529872,0.10374607439484529,0.9946039919295597,-6.808482908516808e-05,0.0007237035405544996,-7.034421157209314e-06,0.9999997381018588,0.0005157685955055058,-0.0007790740928612649,-0.00010338837455492467,42.663629821045014,0.0004265203471591765,-0.0038476196470066423,5.6869270478303445e-05,42.663629821045014,0.0004265203471591765,-0.0038476196470066423,5.6869270478303445e-05,-0.029508916661143303,0.005069343373179436,-0.02426445484161377,0.0,0.0,0.0,0.9946091831448259,-0.10369461318690579,0.0,0.10369461318690579,0.9946091831448259,0.0,0.0,0.0,1.0,0.0,0.0,0.0
29,1775071353818240681,0.289940392,289,10.014802,0.4714639944722876,42.66758464395298,0.6881868490960158,-0.6881868490960158,-0.01941303163766861,0.005830572918057442,-0.026230186223983765,0.004959420301020145,0.00015371196786873043,-0.0034268107265233994,0.9946035549249785,-0.10374609334587337,-0.0007176185915128731,0.1037460751020638,0.9946038137367879,-6.270193199929552e-05,0.0007202512690094726,-1.208654837447573e-05,0.9999997405459785,0.00017630310321692377,-0.0004865191294811666,0.0006492558750323951,-0.01941303163766861,0.005830572918057442,-0.026230186223983765,0.004959420301020145,0.00015371196786873043,-0.0034268107265233994,0.9946035549249785,-0.10374609334587337,-0.0007176185915128731,0.1037460751020638,0.9946038137367879,-6.270193199929552e-05,0.0007202512690094726,-1.208654837447573e-05,0.9999997405459785,0.00017630310321692377,-0.0004865191294811666,0.0006492558750323951,42.66758464395298,0.0004777667962021316,-0.003939334423975739,-5.601138507891784e-05,42.66758464395298,0.0004777667962021316,-0.003939334423975739,-5.601138507891784e-05,-0.029508916661143303,0.005069343373179436,-0.02426445484161377,0.0,0.0,0.0,0.9946091831448259,-0.10369461318690579,0.0,0.10369461318690579,0.9946091831448259,0.0,0.0,0.0,1.0,0.0,0.0,0.0
30,1775071353828187204,0.299886915,299,9.946523,0.5017470029997639,42.676241585676706,0.688326477188334,-0.688326477188334,-0.01926484890282154,0.005675921682268381,-0.026480913162231445,0.0050577325746417046,6.411569484043866e-05,-0.003623228520154953,0.9946034867042997,-0.10374750600446703,-0.0007126387801813239,0.10374749236375114,0.9946037418451468,-5.618177697420956e-05,0.0007146218647016006,-1.805584594286036e-05,0.999999744494773,-0.0006274186307564378,-0.000274582183919847,0.0008250314858742058,-0.01926484890282154,0.005675921682268381,-0.026480913162231445,0.0050577325746417046,6.411569484043866e-05,-0.003623228520154953,0.9946034867042997,-0.10374750600446703,-0.0007126387801813239,0.10374749236375114,0.9946037418451468,-5.618177697420956e-05,0.0007146218647016006,-1.805584594286036e-05,0.999999744494773,-0.0006274186307564378,-0.000274582183919847,0.0008250314858742058,42.676241585676706,0.0006286779961809045,-0.00402192596112931,-8.12435573625955e-05,42.676241585676706,0.0006286779961809045,-0.00402192596112931,-8.12435573625955e-05,-0.029508916661143303,0.005069343373179436,-0.02426445484161377,0.0,0.0,0.0,0.9946091831448259,-0.10369461318690579,0.0,0.10369461318690579,0.9946091831448259,0.0,0.0,0.0,1.0,0.0,0.0,0.0
