step,timestamp_ns,experiment_time_s,reference_index,tick_dt_ms,solver_ms,px4_collective_command_newton,px4_collective_normalized,px4_thrust_body_z,state_raw_0,state_raw_1,state_raw_2,state_raw_3,state_raw_4,state_raw_5,state_raw_6,state_raw_7,state_raw_8,state_raw_9,state_raw_10,state_raw_11,state_raw_12,state_raw_13,state_raw_14,state_raw_15,state_raw_16,state_raw_17,state_used_0,state_used_1,state_used_2,state_used_3,state_used_4,state_used_5,state_used_6,state_used_7,state_used_8,state_used_9,state_used_10,state_used_11,state_used_12,state_used_13,state_used_14,state_used_15,state_used_16,state_used_17,control_raw_0,control_raw_1,control_raw_2,control_raw_3,control_used_0,control_used_1,control_used_2,control_used_3,reference_0,reference_1,reference_2,reference_3,reference_4,reference_5,reference_6,reference_7,reference_8,reference_9,reference_10,reference_11,reference_12,reference_13,reference_14,reference_15,reference_16,reference_17
0,1774037408322590862,0.0,0,0.0,31.29380100290291,49.93601679485185,0.6242002099356482,-0.6242002099356482,-0.004921894520521164,-0.039951253682374954,-0.019501447677612305,0.01790699176490307,-0.04175811633467674,0.009730873629450798,0.9945125284377136,-0.10461439269534711,-0.0009735073379321529,0.10461558099625101,0.994512078876095,0.0012622510851621818,0.0008361152313151252,-0.0013571682500573418,0.999998729502189,0.000780666247010231,0.000462911935755983,-0.00018609366088639945,-0.004921894520521164,-0.039951253682374954,-0.019501447677612305,0.01790699176490307,-0.04175811633467674,0.009730873629450798,0.9945125284377136,-0.10461439269534711,-0.0009735073379321529,0.10461558099625101,0.994512078876095,0.0012622510851621818,0.0008361152313151252,-0.0013571682500573418,0.999998729502189,0.000780666247010231,0.000462911935755983,-0.00018609366088639945,9.936016794851849,-0.47851781504871177,-0.02031852331208815,0.0005847676534999129,9.936016794851849,-0.47851781504871177,-0.02031852331208815,0.0005847676534999129,-0.00921117328107357,-0.03564905747771263,-0.026448428630828857,0.0,0.0,0.0,0.9944809010275553,-0.10491372296275525,-0.0010654854356087744,0.10491526102569049,0.9944801663464513,0.0015079063441926065,0.0009014041435738852,-0.0016113693947380787,0.9999982954783905,0.0,0.0,0.0
1,1774037408355153907,0.032563045,32,32.563045,10.572457002126612,49.93601679485185,0.6242002099356482,-0.6242002099356482,-0.004921894520521164,-0.039951253682374954,-0.019501447677612305,0.01790699176490307,-0.04175811633467674,0.009730873629450798,0.9945125284377136,-0.10461439269534711,-0.0009735073379321529,0.10461558099625101,0.994512078876095,0.0012622510851621818,0.0008361152313151252,-0.0013571682500573418,0.999998729502189,0.000780666247010231,0.000462911935755983,-0.00018609366088639945,-0.004921894520521164,-0.039951253682374954,-0.019501447677612305,0.01790699176490307,-0.04175811633467674,0.009730873629450798,0.9945125284377136,-0.10461439269534711,-0.0009735073379321529,0.10461558099625101,0.994512078876095,0.0012622510851621818,0.0008361152313151252,-0.0013571682500573418,0.999998729502189,0.000780666247010231,0.000462911935755983,-0.00018609366088639945,9.936016794851849,-0.47851781504871177,-0.02031852331208815,0.0005847676534999129,9.936016794851849,-0.47851781504871177,-0.02031852331208815,0.0005847676534999129,-0.00921117328107357,-0.03564905747771263,-0.026448428630828857,0.0,0.0,0.0,0.9944809010275553,-0.10491372296275525,-0.0010654854356087744,0.10491526102569049,0.9944801663464513,0.0015079063441926065,0.0009014041435738852,-0.0016113693947380787,0.9999982954783905,0.0,0.0,0.0
2,1774037408367138366,0.044547504,44,11.984459,10.38679399061948,49.09597952606116,0.6136997440757644,-0.6136997440757644,-0.004832210019230843,-0.03996030241250992,-0.01933974027633667,0.01794588379561901,-0.041673459112644196,0.009888002648949623,0.9945132866090655,-0.10460624206745361,-0.0009622277921705856,0.10460740643314748,0.9945128418234906,0.0012517872549663925,0.0008260031487623207,-0.0013455751387256333,0.9999987535724343,0.00013971324369776994,-0.0004785069904755801,-0.00027590032550506294,-0.004832210019230843,-0.03996030241250992,-0.01933974027633667,0.01794588379561901,-0.041673459112644196,0.009888002648949623,0.9945132866090655,-0.10460624206745361,-0.0009622277921705856,0.10460740643314748,0.9945128418234906,0.0012517872549663925,0.0008260031487623207,-0.0013455751387256333,0.9999987535724343,0.00013971324369776994,-0.0004785069904755801,-0.00027590032550506294,9.09597952606116,-0.4743979857079408,-0.013805984014607081,0.0007885541554820776,9.09597952606116,-0.4743979857079408,-0.013805984014607081,0.0007885541554820776,-0.00921117328107357,-0.03564905747771263,-0.026448428630828857,0.0,0.0,0.0,0.9944809010275553,-0.10491372296275525,-0.0010654854356087744,0.10491526102569049,0.9944801663464513,0.0015079063441926065,0.0009014041435738852,-0.0016113693947380787,0.9999982954783905,0.0,0.0,0.0
3,1774037408378953525,0.056362663,56,11.815159,12.047287993482314,48.46300013809819,0.6057875017262273,-0.6057875017262273,-0.004742138087749481,-0.039974525570869446,-0.01917898654937744,0.017967959865927696,-0.041550327092409134,0.00999938789755106,0.9945147968943724,-0.10459189019919313,-0.000948585032637235,0.10459302675412485,0.9945143565365475,0.0012401403197299984,0.0008136728218008597,-0.0013325532318920821,0.9999987811184934,-0.00021722051315009594,-0.0007002986967563629,0.0006975951255299151,-0.004742138087749481,-0.039974525570869446,-0.01917898654937744,0.017967959865927696,-0.041550327092409134,0.00999938789755106,0.9945147968943724,-0.10459189019919313,-0.000948585032637235,0.10459302675412485,0.9945143565365475,0.0012401403197299984,0.0008136728218008597,-0.0013325532318920821,0.9999987811184934,-0.00021722051315009594,-0.0007002986967563629,0.0006975951255299151,8.463000138098186,-0.47234812182536545,-0.012294063257318605,-0.0014201426870705729,8.463000138098186,-0.47234812182536545,-0.012294063257318605,-0.0014201426870705729,-0.00921117328107357,-0.03564905747771263,-0.026448428630828857,0.0,0.0,0.0,0.9944809010275553,-0.10491372296275525,-0.0010654854356087744,0.10491526102569049,0.9944801663464513,0.0015079063441926065,0.0009014041435738852,-0.0016113693947380787,0.9999982954783905,0.0,0.0,0.0
4,1774037408392493540,0.069902678,69,13.540015,12.413702002959326,47.78333272368152,0.597291659046019,-0.597291659046019,-0.004558272194117308,-0.03994007781147957,-0.01889050006866455,0.018003206700086594,-0.04136824980378151,0.01010825764387846,0.994517843895731,-0.10456265520680774,-0.0009226180503415053,0.10456373980398381,0.994517411867226,0.0012180829365574589,0.0007901937182084803,-0.0013078776681525912,0.9999988325242343,0.0007446451927535236,-0.00048495043301954865,0.00014616912812925875,-0.004558272194117308,-0.03994007781147957,-0.01889050006866455,0.018003206700086594,-0.04136824980378151,0.01010825764387846,0.994517843895731,-0.10456265520680774,-0.0009226180503415053,0.10456373980398381,0.994517411867226,0.0012180829365574589,0.0007901937182084803,-0.0013078776681525912,0.9999988325242343,0.0007446451927535236,-0.00048495043301954865,0.00014616912812925875,7.783332723681515,-0.4791821757682173,-0.013832636887311558,-0.0001699035934396796,7.783332723681515,-0.4791821757682173,-0.013832636887311558,-0.0001699035934396796,-0.00921117328107357,-0.03564905747771263,-0.026448428630828857,0.0,0.0,0.0,0.9944809010275553,-0.10491372296275525,-0.0010654854356087744,0.10491526102569049,0.9944801663464513,0.0015079063441926065,0.0009014041435738852,-0.0016113693947380787,0.9999982954783905,0.0,0.0,0.0
5,1774037408406187078,0.083596216,83,13.693538,14.33028100291267,47.52044162056022,0.5940055202570027,-0.5940055202570027,-0.004465933423489332,-0.039931610226631165,-0.018748044967651367,0.018055012449622154,-0.04126822575926781,0.010127518326044083,0.9945183613017969,-0.10455751641141142,-0.0009083831456109647,0.10455857057384321,0.9945179379101778,0.0012028544349737946,0.0007776358355273422,-0.001291240193871725,0.9999988639899225,-0.0005333927692845464,-0.0006504541379399598,-0.000664070132188499,-0.004465933423489332,-0.039931610226631165,-0.018748044967651367,0.018055012449622154,-0.04126822575926781,0.010127518326044083,0.9945183613017969,-0.10455751641141142,-0.0009083831456109647,0.10455857057384321,0.9945179379101778,0.0012028544349737946,0.0007776358355273422,-0.001291240193871725,0.9999988639899225,-0.0005333927692845464,-0.0006504541379399598,-0.000664070132188499,7.520441620560224,-0.4703592379545897,-0.012689536685000561,0.0016679618053414647,7.520441620560224,-0.4703592379545897,-0.012689536685000561,0.0016679618053414647,-0.00921117328107357,-0.03564905747771263,-0.026448428630828857,0.0,0.0,0.0,0.9944809010275553,-0.10491372296275525,-0.0010654854356087744,0.10491526102569049,0.9944801663464513,0.0015079063441926065,0.0009014041435738852,-0.0016113693947380787,0.9999982954783905,0.0,0.0,0.0
6,1774037408421886064,0.099295202,99,15.698986,14.276087007601745,47.14338274876107,0.5892922843595134,-0.5892922843595134,-0.004373641684651375,-0.039928238838911057,-0.018630176782608032,0.018060864880681038,-0.04114166274666786,0.01018194667994976,0.9945189894198299,-0.10455184435088505,-0.0008989492818890169,0.1045528715595545,0.9945185833476282,0.0011836420165546747,0.0007702697948345893,-0.0012711422728899687,0.9999988954402309,-0.001280972734093666,0.00040077551966533065,-0.000961800804361701,-0.004373641684651375,-0.039928238838911057,-0.018630176782608032,0.018060864880681038,-0.04114166274666786,0.01018194667994976,0.9945189894198299,-0.10455184435088505,-0.0008989492818890169,0.1045528715595545,0.9945185833476282,0.0011836420165546747,0.0007702697948345893,-0.0012711422728899687,0.9999988954402309,-0.001280972734093666,0.00040077551966533065,-0.000961800804361701,7.143382748761069,-0.4653347593732509,-0.019997607721837334,0.0023428751985998674,7.143382748761069,-0.4653347593732509,-0.019997607721837334,0.0023428751985998674,-0.00921117328107357,-0.03564905747771263,-0.026448428630828857,0.0,0.0,0.0,0.9944809010275553,-0.10491372296275525,-0.0010654854356087744,0.10491526102569049,0.9944801663464513,0.0015079063441926065,0.0009014041435738852,-0.0016113693947380787,0.9999982954783905,0.0,0.0,0.0
7,1774037408437521102,0.11493024,114,15.635038,13.995015004184097,47.01824515349819,0.5877280644187274,-0.5877280644187274,-0.0042769345454871655,-0.03991455212235451,-0.018542975187301636,0.018036823719739914,-0.04099221155047417,0.010210101492702961,0.9945201500603947,-0.10454085722221329,-0.0008950802408070682,0.10454186967981505,0.9945197572422454,0.001170816870418711,0.0007677767700795986,-0.0012579744086691283,0.9999989140089807,0.00032252678647637367,0.0004848637036047876,0.0003083698102273047,-0.0042769345454871655,-0.03991455212235451,-0.018542975187301636,0.018036823719739914,-0.04099221155047417,0.010210101492702961,0.9945201500603947,-0.10454085722221329,-0.0008950802408070682,0.10454186967981505,0.9945197572422454,0.001170816870418711,0.0007677767700795986,-0.0012579744086691283,0.9999989140089807,0.00032252678647637367,0.0004848637036047876,0.0003083698102273047,7.018245153498193,-0.47673816602365604,-0.020619938400951783,-0.0005388822299161697,7.018245153498193,-0.47673816602365604,-0.020619938400951783,-0.0005388822299161697,-0.00921117328107357,-0.03564905747771263,-0.026448428630828857,0.0,0.0,0.0,0.9944809010275553,-0.10491372296275525,-0.0010654854356087744,0.10491526102569049,0.9944801663464513,0.0015079063441926065,0.0009014041435738852,-0.0016113693947380787,0.9999982954783905,0.0,0.0,0.0
8,1774037408453450754,0.130859892,130,15.929652,16.369884004234336,46.43270297027399,0.5804087871284249,-0.5804087871284249,-0.004084115382283926,-0.039902858436107635,-0.018367886543273926,0.01805337890982628,-0.040714964270591736,0.010296178050339222,0.994523019123367,-0.1045149853708216,-0.0008826823574112838,0.1045159597636256,0.9945226537782011,0.0011411127422272602,0.0007585842530652056,-0.0012271170952928914,0.999998959366334,-0.0010589277371764183,0.0007491636206395924,0.0005048073944635689,-0.004084115382283926,-0.039902858436107635,-0.018367886543273926,0.01805337890982628,-0.040714964270591736,0.010296178050339222,0.994523019123367,-0.1045149853708216,-0.0008826823574112838,0.1045159597636256,0.9945226537782011,0.0011411127422272602,0.0007585842530652056,-0.0012271170952928914,0.999998959366334,-0.0010589277371764183,0.0007491636206395924,0.0005048073944635689,6.4327029702739935,-0.4674936190180884,-0.022478179221706595,-0.0009849686083827935,6.4327029702739935,-0.4674936190180884,-0.022478179221706595,-0.0009849686083827935,-0.00921117328107357,-0.03564905747771263,-0.026448428630828857,0.0,0.0,0.0,0.9944809010275553,-0.10491372296275525,-0.0010654854356087744,0.10491526102569049,0.9944801663464513,0.0015079063441926065,0.0009014041435738852,-0.0016113693947380787,0.9999982954783905,0.0,0.0,0.0
9,1774037408471803828,0.149212966,149,18.353074,14.292072009993717,46.35786483577368,0.579473310447171,-0.579473310447171,-0.003987584263086319,-0.039904315024614334,-0.01828017830848694,0.018073314800858498,-0.040568675845861435,0.010311977937817574,0.9945242788287678,-0.10450205019328052,-0.0008794320094225455,0.10450301366004999,0.9945239222622413,0.001131927218426143,0.0007563274552013222,-0.0012176324024596313,0.9999989726695255,0.0004557365900836885,0.0009303785627707839,7.709910278208554e-05,-0.003987584263086319,-0.039904315024614334,-0.01828017830848694,0.018073314800858498,-0.040568675845861435,0.010311977937817574,0.9945242788287678,-0.10450205019328052,-0.0008794320094225455,0.10450301366004999,0.9945239222622413,0.001131927218426143,0.0007563274552013222,-0.0012176324024596313,0.9999989726695255,0.0004557365900836885,0.0009303785627707839,7.709910278208554e-05,6.357864835773679,-0.47845345137327344,-0.023780613184165016,-1.4862917762721418e-05,6.357864835773679,-0.47845345137327344,-0.023780613184165016,-1.4862917762721418e-05,-0.00921117328107357,-0.03564905747771263,-0.026448428630828857,0.0,0.0,0.0,0.9944809010275553,-0.10491372296275525,-0.0010654854356087744,0.10491526102569049,0.9944801663464513,0.0015079063441926065,0.0009014041435738852,-0.0016113693947380787,0.9999982954783905,0.0,0.0,0.0
10,1774037408487778118,0.165187256,165,15.97429,12.107796996133402,46.21902712733295,0.5777378390916619,-0.5777378390916619,-0.0038909290451556444,-0.039910681545734406,-0.018192410469055176,0.018112007528543472,-0.04044543206691742,0.010335230268537998,0.9945257691943163,-0.10448805209254353,-0.0008790879357507067,0.10448901033125968,0.9945254201110549,0.001125562166250765,0.0007566675056030429,-0.001211255577837321,0.9999989801566,0.001195839373394847,0.0006665472174063325,0.0006363698630593717,-0.0038909290451556444,-0.039910681545734406,-0.018192410469055176,0.018112007528543472,-0.04044543206691742,0.010335230268537998,0.9945257691943163,-0.10448805209254353,-0.0008790879357507067,0.10448901033125968,0.9945254201110549,0.001125562166250765,0.0007566675056030429,-0.001211255577837321,0.9999989801566,0.001195839373394847,0.0006665472174063325,0.0006363698630593717,6.219027127332954,-0.48403110916425796,-0.021985581175412168,-0.0012837701926626346,6.219027127332954,-0.48403110916425796,-0.021985581175412168,-0.0012837701926626346,-0.00921117328107357,-0.03564905747771263,-0.026448428630828857,0.0,0.0,0.0,0.9944809010275553,-0.10491372296275525,-0.0010654854356087744,0.10491526102569049,0.9944801663464513,0.0015079063441926065,0.0009014041435738852,-0.0016113693947380787,0.9999982954783905,0.0,0.0,0.0
11,1774037408501602173,0.179011311,179,13.824055,15.234177000820637,46.03687622016005,0.5754609527520007,-0.5754609527520007,-0.0037943178322166204,-0.03990846499800682,-0.018124312162399292,0.01810786873102188,-0.0403905026614666,0.010350089520215988,0.994526438179969,-0.10448167341537662,-0.000868539879119154,0.10448261041728468,0.9945260948359531,0.0011142220974401998,0.0007473697866664172,-0.0011988706377347585,0.9999990020733048,-0.000282300723483786,-0.00023991541820578277,-0.0009181172936223447,-0.0037943178322166204,-0.03990846499800682,-0.018124312162399292,0.01810786873102188,-0.0403905026614666,0.010350089520215988,0.994526438179969,-0.10448167341537662,-0.000868539879119154,0.10448261041728468,0.9945260948359531,0.0011142220974401998,0.0007473697866664172,-0.0011988706377347585,0.9999990020733048,-0.000282300723483786,-0.00023991541820578277,-0.0009181172936223447,6.036876220160057,-0.47389533469622824,-0.015696039121680137,0.002243050655989049,6.036876220160057,-0.47389533469622824,-0.015696039121680137,0.002243050655989049,-0.00921117328107357,-0.03564905747771263,-0.026448428630828857,0.0,0.0,0.0,0.9944809010275553,-0.10491372296275525,-0.0010654854356087744,0.10491526102569049,0.9944801663464513,0.0015079063441926065,0.0009014041435738852,-0.0016113693947380787,0.9999982954783905,0.0,0.0,0.0
12,1774037408518245027,0.195654165,195,16.642854,12.435059004928917,45.95294796808398,0.5744118496010497,-0.5744118496010497,-0.0036007037851959467,-0.03991945460438728,-0.01800405979156494,0.01819946989417076,-0.04016035795211792,0.010365953668951988,0.9945278790066422,-0.10446874004645901,-0.0008588842508195603,0.10446966077777775,0.9945275361186933,0.0011078489473032235,0.0007384484804226002,-0.0011915138640017121,0.9999990174938642,0.0014932923950254917,-0.0007605358841829002,0.0001442437496734783,-0.0036007037851959467,-0.03991945460438728,-0.01800405979156494,0.01819946989417076,-0.04016035795211792,0.010365953668951988,0.9945278790066422,-0.10446874004645901,-0.0008588842508195603,0.10446966077777775,0.9945275361186933,0.0011078489473032235,0.0007384484804226002,-0.0011915138640017121,0.9999990174938642,0.0014932923950254917,-0.0007605358841829002,0.0001442437496734783,5.952947968083983,-0.4870932262466082,-0.012154510182816339,-0.00016724957985608427,5.952947968083983,-0.4870932262466082,-0.012154510182816339,-0.00016724957985608427,-0.00921117328107357,-0.03564905747771263,-0.026448428630828857,0.0,0.0,0.0,0.9944809010275553,-0.10491372296275525,-0.0010654854356087744,0.10491526102569049,0.9944801663464513,0.0015079063441926065,0.0009014041435738852,-0.0016113693947380787,0.9999982954783905,0.0,0.0,0.0
13,1774037408531835124,0.209244262,209,13.590097,12.345039009233005,45.94083019029604,0.5742603773787005,-0.5742603773787005,-0.0035036171320825815,-0.03993195295333862,-0.01795172691345215,0.01818900555372238,-0.04001426696777344,0.010351992212235928,0.9945290297005588,-0.10445811048231857,-0.0008509204044632162,0.1044590200133817,0.9945286837702977,0.001105497328580958,0.0007307866236908669,-0.0011883353015315085,0.9999990269046808,0.0009470748482272029,0.00012196005263831466,-8.686892397236079e-05,-0.0035036171320825815,-0.03993195295333862,-0.01795172691345215,0.01818900555372238,-0.04001426696777344,0.010351992212235928,0.9945290297005588,-0.10445811048231857,-0.0008509204044632162,0.1044590200133817,0.9945286837702977,0.001105497328580958,0.0007307866236908669,-0.0011883353015315085,0.9999990269046808,0.0009470748482272029,0.00012196005263831466,-8.686892397236079e-05,5.940830190296037,-0.4837145975559434,-0.018294630143206758,0.00035676902411905826,5.940830190296037,-0.4837145975559434,-0.018294630143206758,0.00035676902411905826,-0.00921117328107357,-0.03564905747771263,-0.026448428630828857,0.0,0.0,0.0,0.9944809010275553,-0.10491372296275525,-0.0010654854356087744,0.10491526102569049,0.9944801663464513,0.0015079063441926065,0.0009014041435738852,-0.0016113693947380787,0.9999982954783905,0.0,0.0,0.0
14,1774037408545540058,0.222949196,222,13.704934,12.94177099771332,45.988144570768235,0.5748518071346029,-0.5748518071346029,-0.003423839109018445,-0.03993917256593704,-0.017912685871124268,0.018220175057649612,-0.03991229459643364,0.010321556590497494,0.9945302184221905,-0.10444659301907566,-0.000846863128631711,0.10444749041857704,0.9945298814431507,0.001095439367276246,0.0007278158043277447,-0.0011779001320083252,0.9999990414173284,-0.00011270871618762612,0.0008674899581819773,-0.0003480057930573821,-0.003423839109018445,-0.03993917256593704,-0.017912685871124268,0.018220175057649612,-0.03991229459643364,0.010321556590497494,0.9945302184221905,-0.10444659301907566,-0.000846863128631711,0.10444749041857704,0.9945298814431507,0.001095439367276246,0.0007278158043277447,-0.0011779001320083252,0.9999990414173284,-0.00011270871618762612,0.0008674899581819773,-0.0003480057930573821,5.988144570768233,-0.47659381529195793,-0.023475510986512835,0.0009488417482785344,5.988144570768233,-0.47659381529195793,-0.023475510986512835,0.0009488417482785344,-0.00921117328107357,-0.03564905747771263,-0.026448428630828857,0.0,0.0,0.0,0.9944809010275553,-0.10491372296275525,-0.0010654854356087744,0.10491526102569049,0.9944801663464513,0.0015079063441926065,0.0009014041435738852,-0.0016113693947380787,0.9999982954783905,0.0,0.0,0.0
15,1774037408560962197,0.238371335,238,15.422139,36.060191996512,46.00033781228311,0.5750042226535388,-0.5750042226535388,-0.003343509044498205,-0.03995140641927719,-0.01787269115447998,0.018255339935421944,-0.039849814027547836,0.010321716777980328,0.9945313014685088,-0.10443543017215506,-0.0008424928335928998,0.10443631570223633,0.9945309722249259,0.0010861482093681984,0.0007244528578841392,-0.001168195259394867,0.9999990552434909,0.0008461399702355266,0.0006359536200761795,0.0009712214232422411,-0.003343509044498205,-0.03995140641927719,-0.01787269115447998,0.018255339935421944,-0.039849814027547836,0.010321716777980328,0.9945313014685088,-0.10443543017215506,-0.0008424928335928998,0.10443631570223633,0.9945309722249259,0.0010861482093681984,0.0007244528578841392,-0.001168195259394867,0.9999990552434909,0.0008461399702355266,0.0006359536200761795,0.0009712214232422411,6.000337812283103,-0.4837107706341632,-0.02190726744483453,-0.002044080646717377,6.000337812283103,-0.4837107706341632,-0.02190726744483453,-0.002044080646717377,-0.00921117328107357,-0.03564905747771263,-0.026448428630828857,0.0,0.0,0.0,0.9944809010275553,-0.10491372296275525,-0.0010654854356087744,0.10491526102569049,0.9944801663464513,0.0015079063441926065,0.0009014041435738852,-0.0016113693947380787,0.9999982954783905,0.0,0.0,0.0
16,1774037408598249945,0.275659083,275,37.287748,14.962407003622502,45.820854542551366,0.5727606817818921,-0.5727606817818921,-0.003181658685207367,-0.03999028354883194,-0.017789870500564575,0.018259691074490547,-0.03963092342019081,0.010335966013371944,0.9945344955995267,-0.1044067274869489,-0.0008286343454259396,0.1044075840301284,0.9945341772891937,0.0010681375188994237,0.0007125844847430639,-0.0011488150372464465,0.9999990862233937,-0.0002822945243678987,0.001077774679288268,0.00024232667055912316,-0.003181658685207367,-0.03999028354883194,-0.017789870500564575,0.018259691074490547,-0.03963092342019081,0.010335966013371944,0.9945344955995267,-0.1044067274869489,-0.0008286343454259396,0.1044075840301284,0.9945341772891937,0.0010681375188994237,0.0007125844847430639,-0.0011488150372464465,0.9999990862233937,-0.0002822945243678987,0.001077774679288268,0.00024232667055912316,5.820854542551368,-0.4767770026322341,-0.02501334254327434,-0.0003905984853943745,5.820854542551368,-0.4767770026322341,-0.02501334254327434,-0.0003905984853943745,-0.00921117328107357,-0.03564905747771263,-0.026448428630828857,0.0,0.0,0.0,0.9944809010275553,-0.10491372296275525,-0.0010654854356087744,0.10491526102569049,0.9944801663464513,0.0015079063441926065,0.0009014041435738852,-0.0016113693947380787,0.9999982954783905,0.0,0.0,0.0
17,1774037408614870630,0.292279768,292,16.620685,13.137103000190109,45.81441460112381,0.5726801825140476,-0.5726801825140476,-0.003122334834188223,-0.040015242993831635,-0.017770618200302124,0.018221121281385422,-0.039577458053827286,0.010344937443733215,0.9945353670570234,-0.10439804525530216,-0.0008270052612067876,0.10439889513947431,0.9945350553075394,0.001061403007150864,0.0007116773607712557,-0.0011419410579440008,0.9999990947426626,0.0006697119097225368,0.0007940073264762759,0.00015986400831025094,-0.003122334834188223,-0.040015242993831635,-0.017770618200302124,0.018221121281385422,-0.039577458053827286,0.010344937443733215,0.9945353670570234,-0.10439804525530216,-0.0008270052612067876,0.10439889513947431,0.9945350553075394,0.001061403007150864,0.0007116773607712557,-0.0011419410579440008,0.9999990947426626,0.0006697119097225368,0.0007940073264762759,0.00015986400831025094,5.814414601123806,-0.4839623748604295,-0.02308180572273941,-0.00020326261289261766,5.814414601123806,-0.4839623748604295,-0.02308180572273941,-0.00020326261289261766,-0.00921117328107357,-0.03564905747771263,-0.026448428630828857,0.0,0.0,0.0,0.9944809010275553,-0.10491372296275525,-0.0010654854356087744,0.10491526102569049,0.9944801663464513,0.0015079063441926065,0.0009014041435738852,-0.0016113693947380787,0.9999982954783905,0.0,0.0,0.0
18,1774037408629304526,0.306713664,306,14.433896,13.731626007938758,46.02256775070859,0.5752820968838573,-0.5752820968838573,-0.0030022335704416037,-0.04007895290851593,-0.017786622047424316,0.01820714771747589,-0.03935616463422775,0.010300442576408386,0.9945372488822891,-0.10437979762818439,-0.000811477916956304,0.1043806228861428,0.9945369374826846,0.0010514809703395713,0.000697291413930776,-0.0011304394387814005,0.9999991179453466,0.00036083132727071643,-1.5997618902474642e-05,-0.00042920163832604885,-0.0030022335704416037,-0.04007895290851593,-0.017786622047424316,0.01820714771747589,-0.03935616463422775,0.010300442576408386,0.9945372488822891,-0.10437979762818439,-0.000811477916956304,0.1043806228861428,0.9945369374826846,0.0010514809703395713,0.000697291413930776,-0.0011304394387814005,0.9999991179453466,0.00036083132727071643,-1.5997618902474642e-05,-0.00042920163832604885,6.022567750708586,-0.48302164053769625,-0.01751466790346125,0.0011337340221484915,6.022567750708586,-0.48302164053769625,-0.01751466790346125,0.0011337340221484915,-0.00921117328107357,-0.03564905747771263,-0.026448428630828857,0.0,0.0,0.0,0.9944809010275553,-0.10491372296275525,-0.0010654854356087744,0.10491526102569049,0.9944801663464513,0.0015079063441926065,0.0009014041435738852,-0.0016113693947380787,0.9999982954783905,0.0,0.0,0.0
19,1774037408644696848,0.322105986,322,15.392322,9.696049004560336,46.11413815004404,0.5764267268755505,-0.5764267268755505,-0.0028792875818908215,-0.040136661380529404,-0.017805546522140503,0.018114570528268814,-0.039132483303546906,0.010281657800078392,0.994537589175791,-0.1043764303848167,-0.00080599415490408,0.10437724183955477,0.9945372863226831,0.0010404950776625455,0.0006929880941111549,-0.0011189388212944074,0.999999133871374,0.00011819685460068285,0.0006924165063537657,-0.00020923635747749358,-0.0028792875818908215,-0.040136661380529404,-0.017805546522140503,0.018114570528268814,-0.039132483303546906,0.010281657800078392,0.994537589175791,-0.1043764303848167,-0.00080599415490408,0.10437724183955477,0.9945372863226831,0.0010404950776625455,0.0006929880941111549,-0.0011189388212944074,0.999999133871374,0.00011819685460068285,0.0006924165063537657,-0.00020923635747749358,6.114138150044043,-0.4824738301684958,-0.02247772409965201,0.0006349920485869508,6.114138150044043,-0.4824738301684958,-0.02247772409965201,0.0006349920485869508,-0.00921117328107357,-0.03564905747771263,-0.026448428630828857,0.0,0.0,0.0,0.9944809010275553,-0.10491372296275525,-0.0010654854356087744,0.10491526102569049,0.9944801663464513,0.0015079063441926065,0.0009014041435738852,-0.0016113693947380787,0.9999982954783905,0.0,0.0,0.0
20,1774037408656419754,0.333828892,333,11.722906,15.112369990674779,46.21582232803392,0.5776977791004241,-0.5776977791004241,-0.0028168540447950363,-0.040160708129405975,-0.017817378044128418,0.018068568781018257,-0.03902503848075867,0.010264567099511623,0.9945379161656175,-0.10437341900791597,-0.0007968773785695417,0.10437421647756695,0.994537613214712,0.0010349569875952678,0.0006845025446041621,-0.0011124773207030168,0.9999991469249182,0.00032549502793699503,0.00013702886644750834,-0.00026122276904061437,-0.0028168540447950363,-0.040160708129405975,-0.017817378044128418,0.018068568781018257,-0.03902503848075867,0.010264567099511623,0.9945379161656175,-0.10437341900791597,-0.0007968773785695417,0.10437421647756695,0.994537613214712,0.0010349569875952678,0.0006845025446041621,-0.0011124773207030168,0.9999991469249182,0.00032549502793699503,0.00013702886644750834,-0.00026122276904061437,6.215822328033923,-0.48445710345784393,-0.01865115359007404,0.0007533559656296395,6.215822328033923,-0.48445710345784393,-0.01865115359007404,0.0007533559656296395,-0.00921117328107357,-0.03564905747771263,-0.026448428630828857,0.0,0.0,0.0,0.9944809010275553,-0.10491372296275525,-0.0010654854356087744,0.10491526102569049,0.9944801663464513,0.0015079063441926065,0.0009014041435738852,-0.0016113693947380787,0.9999982954783905,0.0,0.0,0.0
21,1774037408673156234,0.350565372,350,16.73648,11.67431399517227,46.38042041893456,0.579755255236682,-0.579755255236682,-0.0026910880114883184,-0.0402226597070694,-0.01783442497253418,0.01799238845705986,-0.038928546011447906,0.01023058034479618,0.9945385823703538,-0.10436703946552783,-0.0007945627592799848,0.10436782687221369,0.9945382899844043,0.0010239867927382754,0.0006833526336326376,-0.0011013210740943719,0.999999160060221,0.0003553338465280831,0.0013862077612429857,-0.0012040480505675077,-0.0026910880114883184,-0.0402226597070694,-0.01783442497253418,0.01799238845705986,-0.038928546011447906,0.01023058034479618,0.9945385823703538,-0.10436703946552783,-0.0007945627592799848,0.10436782687221369,0.9945382899844043,0.0010239867927382754,0.0006833526336326376,-0.0011013210740943719,0.999999160060221,0.0003553338465280831,0.0013862077612429857,-0.0012040480505675077,6.380420418934564,-0.4858056816840957,-0.027370447290318792,0.002892361696487123,6.380420418934564,-0.4858056816840957,-0.027370447290318792,0.002892361696487123,-0.00921117328107357,-0.03564905747771263,-0.026448428630828857,0.0,0.0,0.0,0.9944809010275553,-0.10491372296275525,-0.0010654854356087744,0.10491526102569049,0.9944801663464513,0.0015079063441926065,0.0009014041435738852,-0.0016113693947380787,0.9999982954783905,0.0,0.0,0.0
22,1774037408686166611,0.363575749,363,13.010377,12.40958200651221,46.54650443202992,0.581831305400374,-0.581831305400374,-0.002534981584176421,-0.04025682061910629,-0.017840325832366943,0.018019715324044228,-0.03877704590559006,0.010193785652518272,0.9945400422715762,-0.10435357305675774,-0.0007880462226544449,0.10435434207685534,0.9945397635422966,0.0010074379275474051,0.0006786135840951366,-0.0010841732474021403,0.9999991820257205,9.343022247776389e-05,0.0004255125531926751,-0.0002282501372974366,-0.002534981584176421,-0.04025682061910629,-0.017840325832366943,0.018019715324044228,-0.03877704590559006,0.010193785652518272,0.9945400422715762,-0.10435357305675774,-0.0007880462226544449,0.10435434207685534,0.9945397635422966,0.0010074379275474051,0.0006786135840951366,-0.0010841732474021403,0.9999991820257205,9.343022247776389e-05,0.0004255125531926751,-0.0002282501372974366,6.546504432029922,-0.48487638318249815,-0.02075098269537777,0.0006790036619929684,6.546504432029922,-0.48487638318249815,-0.02075098269537777,0.0006790036619929684,-0.00921117328107357,-0.03564905747771263,-0.026448428630828857,0.0,0.0,0.0,0.9944809010275553,-0.10491372296275525,-0.0010654854356087744,0.10491526102569049,0.9944801663464513,0.0015079063441926065,0.0009014041435738852,-0.0016113693947380787,0.9999982954783905,0.0,0.0,0.0
23,1774037408699951380,0.377360518,377,13.784769,14.4134820002364,46.639896612277056,0.5829987076534632,-0.5829987076534632,-0.002456302521750331,-0.04028104245662689,-0.017842203378677368,0.018028568476438522,-0.03867563232779503,0.010178103111684322,0.9945410216735513,-0.10434453758481999,-0.0007803861672175602,0.104345293476239,0.9945407455494899,0.0010002445774572877,0.0006717558176523586,-0.0010762136898253213,0.9999991952538696,0.0004432304995134473,-0.00011095404624938965,0.00035333746927790344,-0.002456302521750331,-0.04028104245662689,-0.017842203378677368,0.018028568476438522,-0.03867563232779503,0.010178103111684322,0.9945410216735513,-0.10434453758481999,-0.0007803861672175602,0.104345293476239,0.9945407455494899,0.0010002445774572877,0.0006717558176523586,-0.0010762136898253213,0.9999991952538696,0.0004432304995134473,-0.00011095404624938965,0.00035333746927790344,6.639896612277056,-0.48789304819968327,-0.017062459085896785,-0.0006401669606152316,6.639896612277056,-0.48789304819968327,-0.017062459085896785,-0.0006401669606152316,-0.00921117328107357,-0.03564905747771263,-0.026448428630828857,0.0,0.0,0.0,0.9944809010275553,-0.10491372296275525,-0.0010654854356087744,0.10491526102569049,0.9944801663464513,0.0015079063441926065,0.0009014041435738852,-0.0016113693947380787,0.9999982954783905,0.0,0.0,0.0
24,1774037408715663797,0.393072935,393,15.712417,11.524545989232138,46.38385923503388,0.5797982404379235,-0.5797982404379235,-0.0023774339351803064,-0.040309809148311615,-0.01784193515777588,0.018017837777733803,-0.03860243782401085,0.010233821347355843,0.9945412924421565,-0.1043425877184716,-0.0007817855924280529,0.10434334159457026,0.9945410228764696,0.000995014558077309,0.0006736955026633573,-0.0010711568760013775,0.9999991993784717,0.0001686916803009808,0.001034487853758037,-0.0007381229661405087,-0.0023774339351803064,-0.040309809148311615,-0.01784193515777588,0.018017837777733803,-0.03860243782401085,0.010233821347355843,0.9945412924421565,-0.1043425877184716,-0.0007817855924280529,0.10434334159457026,0.9945410228764696,0.000995014558077309,0.0006736955026633573,-0.0010711568760013775,0.9999991993784717,0.0001686916803009808,0.001034487853758037,-0.0007381229661405087,6.38385923503388,-0.48655270737595147,-0.025033424960152022,0.001835782153048705,6.38385923503388,-0.48655270737595147,-0.025033424960152022,0.001835782153048705,-0.00921117328107357,-0.03564905747771263,-0.026448428630828857,0.0,0.0,0.0,0.9944809010275553,-0.10491372296275525,-0.0010654854356087744,0.10491526102569049,0.9944801663464513,0.0015079063441926065,0.0009014041435738852,-0.0016113693947380787,0.9999982954783905,0.0,0.0,0.0
25,1774037408728616140,0.406025278,406,12.952343,11.532222997630015,46.315519160478246,0.578943989505978,-0.578943989505978,-0.002118166768923402,-0.0403563529253006,-0.01781386137008667,0.01804237626492977,-0.038332100957632065,0.010243632830679417,0.9945432589913448,-0.104322387724326,-0.0007785756572227416,0.10432312182558556,0.9945430130384498,0.0009706877406363713,0.0006730625253632393,-0.001046614341958501,0.9999992257923497,-0.00018424745940137655,0.0005132051883265376,0.000721741933375597,-0.002118166768923402,-0.0403563529253006,-0.01781386137008667,0.01804237626492977,-0.038332100957632065,0.010243632830679417,0.9945432589913448,-0.104322387724326,-0.0007785756572227416,0.10432312182558556,0.9945430130384498,0.0009706877406363713,0.0006730625253632393,-0.001046614341958501,0.9999992257923497,-0.00018424745940137655,0.0005132051883265376,0.000721741933375597,6.315519160478248,-0.4854574707951473,-0.021487394324081126,-0.0014758866980480521,6.315519160478248,-0.4854574707951473,-0.021487394324081126,-0.0014758866980480521,-0.00921117328107357,-0.03564905747771263,-0.026448428630828857,0.0,0.0,0.0,0.9944809010275553,-0.10491372296275525,-0.0010654854356087744,0.10491526102569049,0.9944801663464513,0.0015079063441926065,0.0009014041435738852,-0.0016113693947380787,0.9999982954783905,0.0,0.0,0.0
26,1774037408741624083,0.419033221,419,13.007943,14.521049000904895,46.12558454156641,0.5765698067695801,-0.5765698067695801,-0.0020315309520810843,-0.04038148745894432,-0.01780065894126892,0.018000831827521324,-0.038263268768787384,0.01029254961758852,0.9945443291641507,-0.10431335303318989,-0.0007706633551822547,0.10431407680101734,0.9945440811531998,0.0009675950004143343,0.0006655256395525387,-0.001042706917089251,0.9999992349187626,0.00040549738332629204,0.00030761948437429965,3.595745511120185e-05,-0.0020315309520810843,-0.04038148745894432,-0.01780065894126892,0.018000831827521324,-0.038263268768787384,0.01029254961758852,0.9945443291641507,-0.10431335303318989,-0.0007706633551822547,0.10431407680101734,0.9945440811531998,0.0009675950004143343,0.0006655256395525387,-0.001042706917089251,0.9999992349187626,0.00040549738332629204,0.00030761948437429965,3.595745511120185e-05,6.125584541566412,-0.49017670180604234,-0.020095444341565214,8.017922518856465e-05,6.125584541566412,-0.49017670180604234,-0.020095444341565214,8.017922518856465e-05,-0.00921117328107357,-0.03564905747771263,-0.026448428630828857,0.0,0.0,0.0,0.9944809010275553,-0.10491372296275525,-0.0010654854356087744,0.10491526102569049,0.9944801663464513,0.0015079063441926065,0.0009014041435738852,-0.0016113693947380787,0.9999982954783905,0.0,0.0,0.0
27,1774037408757522110,0.434931248,434,15.898027,12.275834000320174,45.69312983498827,0.5711641229373534,-0.5711641229373534,-0.0018840257544070482,-0.04040724039077759,-0.017722010612487793,0.01797216571867466,-0.03803861513733864,0.010384678840637207,0.9945463101264505,-0.1042929779231383,-0.0007668348321939779,0.10429368853671006,0.9945460739190839,0.0009537554206777328,0.0006631825755475211,-0.0010285299868396068,0.9999992511571804,0.0010785096092149615,0.0007255502277985215,-0.00023034244077280164,-0.0018840257544070482,-0.04040724039077759,-0.017722010612487793,0.01797216571867466,-0.03803861513733864,0.010384678840637207,0.9945463101264505,-0.1042929779231383,-0.0007668348321939779,0.10429368853671006,0.9945460739190839,0.0009537554206777328,0.0006631825755475211,-0.0010285299868396068,0.9999992511571804,0.0010785096092149615,0.0007255502277985215,-0.00023034244077280164,5.6931298349882695,-0.49571035624013593,-0.0230484757153845,0.0006842593775545668,5.6931298349882695,-0.49571035624013593,-0.0230484757153845,0.0006842593775545668,-0.00921117328107357,-0.03564905747771263,-0.026448428630828857,0.0,0.0,0.0,0.9944809010275553,-0.10491372296275525,-0.0010654854356087744,0.10491526102569049,0.9944801663464513,0.0015079063441926065,0.0009014041435738852,-0.0016113693947380787,0.9999982954783905,0.0,0.0,0.0
28,1774037408771118324,0.448527462,448,13.596214,10.776410999824293,44.90327419262918,0.5612909274078648,-0.5612909274078648,-0.0017358451150357723,-0.040450919419527054,-0.01763629913330078,0.01791010983288288,-0.03780856728553772,0.010544918477535248,0.9945483867852539,-0.10427419669884053,-0.0007692757011424044,0.1042749005334338,0.9945481664654784,0.0009398076742932956,0.0006670840716885909,-0.0010149001972253636,0.9999992624880082,0.00045666645746678114,0.001134300953708589,-0.0001827759697334841,-0.0017358451150357723,-0.040450919419527054,-0.01763629913330078,0.01791010983288288,-0.03780856728553772,0.010544918477535248,0.9945483867852539,-0.10427419669884053,-0.0007692757011424044,0.1042749005334338,0.9945481664654784,0.0009398076742932956,0.0006670840716885909,-0.0010149001972253636,0.9999992624880082,0.00045666645746678114,0.001134300953708589,-0.0001827759697334841,4.903274192629185,-0.49239299017335414,-0.02592709340883598,0.0005764425817658634,4.903274192629185,-0.49239299017335414,-0.02592709340883598,0.0005764425817658634,-0.00921117328107357,-0.03564905747771263,-0.026448428630828857,0.0,0.0,0.0,0.9944809010275553,-0.10491372296275525,-0.0010654854356087744,0.10491526102569049,0.9944801663464513,0.0015079063441926065,0.0009014041435738852,-0.0016113693947380787,0.9999982954783905,0.0,0.0,0.0
