step,timestamp_ns,experiment_time_s,reference_index,tick_dt_ms,solver_ms,px4_collective_command_newton,px4_collective_normalized,px4_thrust_body_z,state_raw_0,state_raw_1,state_raw_2,state_raw_3,state_raw_4,state_raw_5,state_raw_6,state_raw_7,state_raw_8,state_raw_9,state_raw_10,state_raw_11,state_raw_12,state_raw_13,state_raw_14,state_raw_15,state_raw_16,state_raw_17,state_used_0,state_used_1,state_used_2,state_used_3,state_used_4,state_used_5,state_used_6,state_used_7,state_used_8,state_used_9,state_used_10,state_used_11,state_used_12,state_used_13,state_used_14,state_used_15,state_used_16,state_used_17,control_raw_0,control_raw_1,control_raw_2,control_raw_3,control_used_0,control_used_1,control_used_2,control_used_3,reference_0,reference_1,reference_2,reference_3,reference_4,reference_5,reference_6,reference_7,reference_8,reference_9,reference_10,reference_11,reference_12,reference_13,reference_14,reference_15,reference_16,reference_17
0,1774963816141210424,0.0,0,0.0,67.80728500052646,0.4176123826431438,0.006735683591018449,-0.006735683591018449,-0.0032261484302580357,-0.046057865023612976,-0.036779388785362244,-0.008345960639417171,-0.0067704408429563046,-0.007462570443749428,0.9946649615038058,-0.10315566640014762,0.000838170262492088,0.10315543331458965,0.9946652883648949,0.0003168325055112591,-0.0008663818377221844,-0.00022868042491592556,0.9999995985438394,0.0003630508144851774,-0.0015420656418427825,0.0008799235802143812,-0.0032261484302580357,-0.046057865023612976,-0.036779388785362244,-0.008345960639417171,-0.0067704408429563046,-0.007462570443749428,0.9946649615038058,-0.10315566640014762,0.000838170262492088,0.10315543331458965,0.9946652883648949,0.0003168325055112591,-0.0008663818377221844,-0.00022868042491592556,0.9999995985438394,0.0003630508144851774,-0.0015420656418427825,0.0008799235802143812,0.4176123826431438,0.18025495860465718,-0.08691140765655428,0.03824169443186777,0.4176123826431438,0.18025495860465718,-0.08691140765655428,0.03824169443186777,0.004152012523263693,-0.04329521209001541,-0.032058387994766235,0.0,0.0,0.0,0.9946368383033051,-0.10342782422780927,0.0006064139713751384,0.10342776509953411,0.9946370210564648,0.00012815158593373552,-0.0006164161843317979,-6.474427658199368e-05,0.9999998079196254,0.0,0.0,0.0
1,1774963816210239215,0.069028791,69,69.028791,22.48500400037301,0.4176123826431438,0.006735683591018449,-0.006735683591018449,-0.0032261484302580357,-0.046057865023612976,-0.036779388785362244,-0.008345960639417171,-0.0067704408429563046,-0.007462570443749428,0.9946649615038058,-0.10315566640014762,0.000838170262492088,0.10315543331458965,0.9946652883648949,0.0003168325055112591,-0.0008663818377221844,-0.00022868042491592556,0.9999995985438394,0.0003630508144851774,-0.0015420656418427825,0.0008799235802143812,-0.0032261484302580357,-0.046057865023612976,-0.036779388785362244,-0.008345960639417171,-0.0067704408429563046,-0.007462570443749428,0.9946649615038058,-0.10315566640014762,0.000838170262492088,0.10315543331458965,0.9946652883648949,0.0003168325055112591,-0.0008663818377221844,-0.00022868042491592556,0.9999995985438394,0.0003630508144851774,-0.0015420656418427825,0.0008799235802143812,0.4176123826431438,0.18025495860465718,-0.08691140765655428,0.03824169443186777,0.4176123826431438,0.18025495860465718,-0.08691140765655428,0.03824169443186777,0.004152012523263693,-0.04329521209001541,-0.032058387994766235,0.0,0.0,0.0,0.9946368383033051,-0.10342782422780927,0.0006064139713751384,0.10342776509953411,0.9946370210564648,0.00012815158593373552,-0.0006164161843317979,-6.474427658199368e-05,0.9999998079196254,0.0,0.0,0.0
2,1774963816233989823,0.092779399,92,23.750608,24.788268000520475,0.4185508656133423,0.006750820413118424,-0.006750820413118424,-0.0034771908540278673,-0.04615653306245804,-0.0368618369102478,-0.008520183153450489,-0.00689238216727972,-0.007409295998513699,0.9946660610538082,-0.1031439914877832,0.0008539361709225726,0.10314375015508626,0.99466640048446,0.00032210332231324447,-0.0008826046477915777,-0.00023230705962548788,0.9999995835211434,-0.00030001907725818455,-0.0008700954494997859,0.00014823302626609802,-0.0034771908540278673,-0.04615653306245804,-0.0368618369102478,-0.008520183153450489,-0.00689238216727972,-0.007409295998513699,0.9946660610538082,-0.1031439914877832,0.0008539361709225726,0.10314375015508626,0.99466640048446,0.00032210332231324447,-0.0008826046477915777,-0.00023230705962548788,0.9999995835211434,-0.00030001907725818455,-0.0008700954494997859,0.00014823302626609802,0.4185508656133423,0.1809873568012284,-0.08635367065754472,0.03826456215555126,0.4185508656133423,0.1809873568012284,-0.08635367065754472,0.03826456215555126,0.004152012523263693,-0.04329521209001541,-0.032058387994766235,0.0,0.0,0.0,0.9946368383033051,-0.10342782422780927,0.0006064139713751384,0.10342776509953411,0.9946370210564648,0.00012815158593373552,-0.0006164161843317979,-6.474427658199368e-05,0.9999998079196254,0.0,0.0,0.0
3,1774963816260027118,0.118816694,118,26.037295,17.357278000417864,0.4175977575764339,0.006735447702845708,-0.006735447702845708,-0.003721698420122266,-0.046261973679065704,-0.03694213926792145,-0.008679099380970001,-0.006967494264245033,-0.00738190021365881,0.9946666750855899,-0.10313868997536035,0.0008600085064650424,0.1031384366733723,0.9946670170716556,0.00033397695466955493,-0.0008898679728559754,-0.00024349584868695387,0.9999995744223146,0.0013940969947725534,2.3874759790487587e-05,-0.00034664818667806685,-0.003721698420122266,-0.046261973679065704,-0.03694213926792145,-0.008679099380970001,-0.006967494264245033,-0.00738190021365881,0.9946666750855899,-0.10313868997536035,0.0008600085064650424,0.1031384366733723,0.9946670170716556,0.00033397695466955493,-0.0008898679728559754,-0.00024349584868695387,0.9999995744223146,0.0013940969947725534,2.3874759790487587e-05,-0.00034664818667806685,0.4175977575764339,0.17945127395132435,-0.08758848303050956,0.03900178726047122,0.4175977575764339,0.17945127395132435,-0.08758848303050956,0.03900178726047122,0.004152012523263693,-0.04329521209001541,-0.032058387994766235,0.0,0.0,0.0,0.9946368383033051,-0.10342782422780927,0.0006064139713751384,0.10342776509953411,0.9946370210564648,0.00012815158593373552,-0.0006164161843317979,-6.474427658199368e-05,0.9999998079196254,0.0,0.0,0.0
4,1774963816278753079,0.137542655,137,18.725961,17.493295000349462,0.4265231443501685,0.006879405554034977,-0.006879405554034977,-0.004439800977706909,-0.04657985642552376,-0.03717710077762604,-0.009145377203822136,-0.007263535633683205,-0.007434277795255184,0.994667662348071,-0.10312932150449083,0.0008752467317321849,0.10312905337514322,0.9946680149601195,0.0003462614513881426,-0.0009062895347368358,-0.0002541517526041953,0.9999995570230212,4.7083965910132974e-05,6.188976112753153e-05,0.0004458200710359961,-0.004439800977706909,-0.04657985642552376,-0.03717710077762604,-0.009145377203822136,-0.007263535633683205,-0.007434277795255184,0.994667662348071,-0.10312932150449083,0.0008752467317321849,0.10312905337514322,0.9946680149601195,0.0003462614513881426,-0.0009062895347368358,-0.0002541517526041953,0.9999995570230212,4.7083965910132974e-05,6.188976112753153e-05,0.0004458200710359961,0.4265231443501685,0.18184293540357654,-0.08690333013097129,0.03841199634644401,0.4265231443501685,0.18184293540357654,-0.08690333013097129,0.03841199634644401,0.004152012523263693,-0.04329521209001541,-0.032058387994766235,0.0,0.0,0.0,0.9946368383033051,-0.10342782422780927,0.0006064139713751384,0.10342776509953411,0.9946370210564648,0.00012815158593373552,-0.0006164161843317979,-6.474427658199368e-05,0.9999998079196254,0.0,0.0,0.0
5,1774963816297837214,0.15662679,156,19.084135,15.224175000184914,0.42793871309483356,0.006902237307981186,-0.006902237307981186,-0.0048959385603666306,-0.04680050164461136,-0.037327319383621216,-0.009403705596923828,-0.007393768988549709,-0.0074985940009355545,0.9946688882987131,-0.1031169354222381,0.0008837034159319482,0.10311665964723105,0.9946692470679808,0.0003522675010516445,-0.0009153173101753738,-0.00025926500211228415,0.9999995474878544,-0.00026855539181269705,-0.0008099019760265946,0.00012521226017270237,-0.0048959385603666306,-0.04680050164461136,-0.037327319383621216,-0.009403705596923828,-0.007393768988549709,-0.0074985940009355545,0.9946688882987131,-0.1031169354222381,0.0008837034159319482,0.10311665964723105,0.9946692470679808,0.0003522675010516445,-0.0009153173101753738,-0.00025926500211228415,0.9999995474878544,-0.00026855539181269705,-0.0008099019760265946,0.00012521226017270237,0.42793871309483356,0.18361452644357684,-0.08553841813053979,0.0385333903030626,0.42793871309483356,0.18361452644357684,-0.08553841813053979,0.0385333903030626,0.004152012523263693,-0.04329521209001541,-0.032058387994766235,0.0,0.0,0.0,0.9946368383033051,-0.10342782422780927,0.0006064139713751384,0.10342776509953411,0.9946370210564648,0.00012815158593373552,-0.0006164161843317979,-6.474427658199368e-05,0.9999998079196254,0.0,0.0,0.0
6,1774963816314627395,0.173416971,173,16.790181,16.817153000374674,0.4290917830531774,0.00692083521053512,-0.00692083521053512,-0.005341877695173025,-0.04702092707157135,-0.037475064396858215,-0.009703285060822964,-0.007508769165724516,-0.007496347185224295,0.994668941752982,-0.10311571586812374,0.00090358030209081,0.10311542272753416,0.9946693154648277,0.00036533931597006186,-0.0009364358427579184,-0.0002702185976543054,0.999999525034792,0.0003884315665345639,0.0003089917008765042,-0.0005536005483008921,-0.005341877695173025,-0.04702092707157135,-0.037475064396858215,-0.009703285060822964,-0.007508769165724516,-0.007496347185224295,0.994668941752982,-0.10311571586812374,0.00090358030209081,0.10311542272753416,0.9946693154648277,0.00036533931597006186,-0.0009364358427579184,-0.0002702185976543054,0.999999525034792,0.0003884315665345639,0.0003089917008765042,-0.0005536005483008921,0.4290917830531774,0.18329087467516397,-0.08609820861557724,0.039035783373246556,0.4290917830531774,0.18329087467516397,-0.08609820861557724,0.039035783373246556,0.004152012523263693,-0.04329521209001541,-0.032058387994766235,0.0,0.0,0.0,0.9946368383033051,-0.10342782422780927,0.0006064139713751384,0.10342776509953411,0.9946370210564648,0.00012815158593373552,-0.0006164161843317979,-6.474427658199368e-05,0.9999998079196254,0.0,0.0,0.0
7,1774963816332954140,0.191743716,191,18.326745,14.58604799972818,0.43649213148482185,0.0070401956691100295,-0.0070401956691100295,-0.005979679990559816,-0.04737073928117752,-0.03774853050708771,-0.01012811902910471,-0.007720374036580324,-0.007577592972666025,0.9946719270235785,-0.10308739898569952,0.0009095596799589684,0.10308708989079118,0.9946723021327518,0.00038053252675213436,-0.0009439418802534606,-0.0002847411842831771,0.9999995139479921,0.0002369250578340143,-0.0001337391440756619,5.1288530812598765e-05,-0.005979679990559816,-0.04737073928117752,-0.03774853050708771,-0.01012811902910471,-0.007720374036580324,-0.007577592972666025,0.9946719270235785,-0.10308739898569952,0.0009095596799589684,0.10308708989079118,0.9946723021327518,0.00038053252675213436,-0.0009439418802534606,-0.0002847411842831771,0.9999995139479921,0.0002369250578340143,-0.0001337391440756619,5.1288530812598765e-05,0.43649213148482185,0.18516247472703684,-0.08576750385434723,0.03885411575250925,0.43649213148482185,0.18516247472703684,-0.08576750385434723,0.03885411575250925,0.004152012523263693,-0.04329521209001541,-0.032058387994766235,0.0,0.0,0.0,0.9946368383033051,-0.10342782422780927,0.0006064139713751384,0.10342776509953411,0.9946370210564648,0.00012815158593373552,-0.0006164161843317979,-6.474427658199368e-05,0.9999998079196254,0.0,0.0,0.0
8,1774963816349088533,0.207878109,207,16.134393,14.569562000360747,0.4387607308361946,0.007076785981228945,-0.007076785981228945,-0.006187647581100464,-0.047486767172813416,-0.03783780336380005,-0.010234791785478592,-0.007762632332742214,-0.00762157840654254,0.9946724366228117,-0.10308244572899405,0.000910564223980859,0.10308213076127881,0.9946728109800156,0.00038644099846604947,-0.0009455487136582948,-0.00029051933049015037,0.9999995107679716,0.0005799075006507337,7.668450416531414e-05,0.00023398904886562377,-0.006187647581100464,-0.047486767172813416,-0.03783780336380005,-0.010234791785478592,-0.007762632332742214,-0.00762157840654254,0.9946724366228117,-0.10308244572899405,0.000910564223980859,0.10308213076127881,0.9946728109800156,0.00038644099846604947,-0.0009455487136582948,-0.00029051933049015037,0.9999995107679716,0.0005799075006507337,7.668450416531414e-05,0.00023398904886562377,0.4387607308361946,0.18523492122855867,-0.08620747782272234,0.0389293425893433,0.4387607308361946,0.18523492122855867,-0.08620747782272234,0.0389293425893433,0.004152012523263693,-0.04329521209001541,-0.032058387994766235,0.0,0.0,0.0,0.9946368383033051,-0.10342782422780927,0.0006064139713751384,0.10342776509953411,0.9946370210564648,0.00012815158593373552,-0.0006164161843317979,-6.474427658199368e-05,0.9999998079196254,0.0,0.0,0.0
9,1774963816365018177,0.223807753,223,15.929644,15.412373999424744,0.44907736679080384,0.007243183335335546,-0.007243183335335546,-0.006747540086507797,-0.04785702005028725,-0.038133129477500916,-0.01037137396633625,-0.008091718889772892,-0.0077671390026807785,0.9946721074322765,-0.10308546439890454,0.0009205866476277857,0.10308514290249216,0.9946724902124545,0.00039023222479022193,-0.0009559094456877519,-0.00029325432085516856,0.9999995001194065,-0.0008651567040942609,-0.000370195833966136,0.001121065579354763,-0.006747540086507797,-0.04785702005028725,-0.038133129477500916,-0.01037137396633625,-0.008091718889772892,-0.0077671390026807785,0.9946721074322765,-0.10308546439890454,0.0009205866476277857,0.10308514290249216,0.9946724902124545,0.00039023222479022193,-0.0009559094456877519,-0.00029325432085516856,0.9999995001194065,-0.0008651567040942609,-0.000370195833966136,0.001121065579354763,0.44907736679080384,0.18831111426875366,-0.08548216162301965,0.038200890750985116,0.44907736679080384,0.18831111426875366,-0.08548216162301965,0.038200890750985116,0.004152012523263693,-0.04329521209001541,-0.032058387994766235,0.0,0.0,0.0,0.9946368383033051,-0.10342782422780927,0.0006064139713751384,0.10342776509953411,0.9946370210564648,0.00012815158593373552,-0.0006164161843317979,-6.474427658199368e-05,0.9999998079196254,0.0,0.0,0.0
10,1774963816381921350,0.240710926,240,16.903173,16.133123000145133,0.44158564405420286,0.007122349097648434,-0.007122349097648434,-0.006928947754204273,-0.04798072203993797,-0.03822958469390869,-0.010444396175444126,-0.008225001394748688,-0.007777535356581211,0.9946717771089378,-0.10308864930882677,0.0009142633737399368,0.10308832741820018,0.9946721531659183,0.00039260319250765743,-0.0009498652211236379,-0.00029626144708564187,0.999999504992497,0.000826728530228138,0.00016875304572749883,-0.0010446470696479082,-0.006928947754204273,-0.04798072203993797,-0.03822958469390869,-0.010444396175444126,-0.008225001394748688,-0.007777535356581211,0.9946717771089378,-0.10308864930882677,0.0009142633737399368,0.10308832741820018,0.9946721531659183,0.00039260319250765743,-0.0009498652211236379,-0.00029626144708564187,0.999999504992497,0.000826728530228138,0.00016875304572749883,-0.0010446470696479082,0.44158564405420286,0.1873874345275442,-0.0853811427514095,0.03954093279168328,0.44158564405420286,0.1873874345275442,-0.0853811427514095,0.03954093279168328,0.004152012523263693,-0.04329521209001541,-0.032058387994766235,0.0,0.0,0.0,0.9946368383033051,-0.10342782422780927,0.0006064139713751384,0.10342776509953411,0.9946370210564648,0.00012815158593373552,-0.0006164161843317979,-6.474427658199368e-05,0.9999998079196254,0.0,0.0,0.0
11,1774963816399575917,0.258365493,258,17.654567,16.01366799968673,0.45176944485716913,0.00728660394930918,-0.00728660394930918,-0.007438756991177797,-0.04841114953160286,-0.038546428084373474,-0.010742297396063805,-0.008522454649209976,-0.007937312126159668,0.9946715942780906,-0.1030905961679578,0.0009116263585829086,0.10309027400050619,0.9946719675021689,0.00039372127424725997,-0.0009473580944279712,-0.00029764357943658573,0.9999995069603672,5.813386451336555e-05,-0.0001269582862732932,-4.143217665841803e-05,-0.007438756991177797,-0.04841114953160286,-0.038546428084373474,-0.010742297396063805,-0.008522454649209976,-0.007937312126159668,0.9946715942780906,-0.1030905961679578,0.0009116263585829086,0.10309027400050619,0.9946719675021689,0.00039372127424725997,-0.0009473580944279712,-0.00029764357943658573,0.9999995069603672,5.813386451336555e-05,-0.0001269582862732932,-4.143217665841803e-05,0.45176944485716913,0.18988235632400094,-0.08531667187980332,0.03902680769846902,0.45176944485716913,0.18988235632400094,-0.08531667187980332,0.03902680769846902,0.004152012523263693,-0.04329521209001541,-0.032058387994766235,0.0,0.0,0.0,0.9946368383033051,-0.10342782422780927,0.0006064139713751384,0.10342776509953411,0.9946370210564648,0.00012815158593373552,-0.0006164161843317979,-6.474427658199368e-05,0.9999998079196254,0.0,0.0,0.0
12,1774963816417015646,0.275805222,275,17.439729,16.31544700012455,0.45777427631650724,0.007383456069621085,-0.007383456069621085,-0.007757072802633047,-0.04872922971844673,-0.038771480321884155,-0.010851738974452019,-0.008728005923330784,-0.00804064515978098,0.9946705250225627,-0.10310157614199289,0.0009099517707052626,0.10310125026998929,0.9946708953307073,0.0003981690081928252,-0.0009461542629520397,-0.00030222987078146885,0.9999995067245346,-0.0006509859813377261,-4.759086004924029e-05,0.00016900179616641253,-0.007757072802633047,-0.04872922971844673,-0.038771480321884155,-0.010851738974452019,-0.008728005923330784,-0.00804064515978098,0.9946705250225627,-0.10310157614199289,0.0009099517707052626,0.10310125026998929,0.9946708953307073,0.0003981690081928252,-0.0009461542629520397,-0.00030222987078146885,0.9999995067245346,-0.0006509859813377261,-4.759086004924029e-05,0.00016900179616641253,0.45777427631650724,0.19166582960572556,-0.08509197069541656,0.03876375760324693,0.45777427631650724,0.19166582960572556,-0.08509197069541656,0.03876375760324693,0.004152012523263693,-0.04329521209001541,-0.032058387994766235,0.0,0.0,0.0,0.9946368383033051,-0.10342782422780927,0.0006064139713751384,0.10342776509953411,0.9946370210564648,0.00012815158593373552,-0.0006164161843317979,-6.474427658199368e-05,0.9999998079196254,0.0,0.0,0.0
13,1774963816434788100,0.293577676,293,17.772454,16.38900200032367,0.45904233774596614,0.007403908673322034,-0.007403908673322034,-0.008200244046747684,-0.04925183951854706,-0.039104774594306946,-0.0108442148193717,-0.009177559986710548,-0.008166826330125332,0.9946695190818264,-0.10311148924446578,0.0008882418116267256,0.10311115537524906,0.9946698641639227,0.0004139316824873576,-0.0009261883404784801,-0.0003201376448505565,0.9999995198434558,0.0011682260083034635,1.2234842870384455e-05,-0.0004963336396031082,-0.008200244046747684,-0.04925183951854706,-0.039104774594306946,-0.0108442148193717,-0.009177559986710548,-0.008166826330125332,0.9946695190818264,-0.10311148924446578,0.0008882418116267256,0.10311115537524906,0.9946698641639227,0.0004139316824873576,-0.0009261883404784801,-0.0003201376448505565,0.9999995198434558,0.0011682260083034635,1.2234842870384455e-05,-0.0004963336396031082,0.45904233774596614,0.1919283424480667,-0.08576781717569251,0.03970209935588721,0.45904233774596614,0.1919283424480667,-0.08576781717569251,0.03970209935588721,0.004152012523263693,-0.04329521209001541,-0.032058387994766235,0.0,0.0,0.0,0.9946368383033051,-0.10342782422780927,0.0006064139713751384,0.10342776509953411,0.9946370210564648,0.00012815158593373552,-0.0006164161843317979,-6.474427658199368e-05,0.9999998079196254,0.0,0.0,0.0
14,1774963816452686865,0.311476441,311,17.898765,23.55296600035217,0.4673084013367767,0.007537232279625431,-0.007537232279625431,-0.008445442654192448,-0.04963096231222153,-0.039317235350608826,-0.010828530415892601,-0.009482265450060368,-0.008283790200948715,0.9946687024919306,-0.10311927554991773,0.0008714791295469527,0.10311893957898688,0.9946690295096993,0.00042215764804069515,-0.0009103657868633156,-0.0003300410385753596,0.9999995311534502,-0.0006769726169295609,0.0005792234442196786,-0.0002311693679075688,-0.008445442654192448,-0.04963096231222153,-0.039317235350608826,-0.010828530415892601,-0.009482265450060368,-0.008283790200948715,0.9946687024919306,-0.10311927554991773,0.0008714791295469527,0.10311893957898688,0.9946690295096993,0.00042215764804069515,-0.0009103657868633156,-0.0003300410385753596,0.9999995311534502,-0.0006769726169295609,0.0005792234442196786,-0.0002311693679075688,0.4673084013367767,0.19433152035335743,-0.08532058511487853,0.03906548612045169,0.4673084013367767,0.19433152035335743,-0.08532058511487853,0.03906548612045169,0.004152012523263693,-0.04329521209001541,-0.032058387994766235,0.0,0.0,0.0,0.9946368383033051,-0.10342782422780927,0.0006064139713751384,0.10342776509953411,0.9946370210564648,0.00012815158593373552,-0.0006164161843317979,-6.474427658199368e-05,0.9999998079196254,0.0,0.0,0.0
15,1774963816477674764,0.33646434,336,24.987899,21.611638999274874,0.4695288239874703,0.007573045548185005,-0.007573045548185005,-0.008797249756753445,-0.05019482597708702,-0.03964836895465851,-0.010835700668394566,-0.009907628409564495,-0.008520311675965786,0.9946671104589156,-0.10313398176824196,0.000849635479312303,0.1031336226689521,0.9946674059224322,0.0004562622339507501,-0.0008921608586744643,-0.0003662030530801434,0.9999995349720551,0.0005658776499330997,-0.0010016419691964984,-0.0001997087092604488,-0.008797249756753445,-0.05019482597708702,-0.03964836895465851,-0.010835700668394566,-0.009907628409564495,-0.008520311675965786,0.9946671104589156,-0.10313398176824196,0.000849635479312303,0.1031336226689521,0.9946674059224322,0.0004562622339507501,-0.0008921608586744643,-0.0003662030530801434,0.9999995349720551,0.0005658776499330997,-0.0010016419691964984,-0.0001997087092604488,0.4695288239874703,0.1960746877683074,-0.08493904345538177,0.0396778847053076,0.4695288239874703,0.1960746877683074,-0.08493904345538177,0.0396778847053076,0.004152012523263693,-0.04329521209001541,-0.032058387994766235,0.0,0.0,0.0,0.9946368383033051,-0.10342782422780927,0.0006064139713751384,0.10342776509953411,0.9946370210564648,0.00012815158593373552,-0.0006164161843317979,-6.474427658199368e-05,0.9999998079196254,0.0,0.0,0.0
16,1774963816500802860,0.359592436,359,23.128096,18.873945999985153,0.47598125384078965,0.007677116997432091,-0.007677116997432091,-0.0089734997600317,-0.050574686378240585,-0.039877817034721375,-0.01075243204832077,-0.010123166255652905,-0.008714323863387108,0.9946670035761648,-0.10313451083385083,0.0008359453758661206,0.10313414869724058,0.9946672835065337,0.0004654321274169086,-0.0008794897076876244,-0.0003767354386506744,0.9999995422840008,0.0005211608950048685,-0.0002887561568059027,6.506747740786523e-05,-0.0089734997600317,-0.050574686378240585,-0.039877817034721375,-0.01075243204832077,-0.010123166255652905,-0.008714323863387108,0.9946670035761648,-0.10313451083385083,0.0008359453758661206,0.10313414869724058,0.9946672835065337,0.0004654321274169086,-0.0008794897076876244,-0.0003767354386506744,0.9999995422840008,0.0005211608950048685,-0.0002887561568059027,6.506747740786523e-05,0.47598125384078965,0.19697275668374706,-0.08590637820904777,0.0396078021365122,0.47598125384078965,0.19697275668374706,-0.08590637820904777,0.0396078021365122,0.004152012523263693,-0.04329521209001541,-0.032058387994766235,0.0,0.0,0.0,0.9946368383033051,-0.10342782422780927,0.0006064139713751384,0.10342776509953411,0.9946370210564648,0.00012815158593373552,-0.0006164161843317979,-6.474427658199368e-05,0.9999998079196254,0.0,0.0,0.0
17,1774963816526107036,0.384896612,384,25.304176,33.77390799960267,0.48424892115029516,0.007810466470166051,-0.007810466470166051,-0.009243753738701344,-0.05131799727678299,-0.040340691804885864,-0.010524091310799122,-0.010691441595554352,-0.009020914323627949,0.9946653134523256,-0.1031513140835425,0.0007901939647665807,0.1031509577599754,0.9946655488253289,0.00047925161958137924,-0.0008354142053086586,-0.00039518568090633754,0.9999995729555817,0.0003334034117870033,-0.0006372685311362147,4.557167994789779e-05,-0.009243753738701344,-0.05131799727678299,-0.040340691804885864,-0.010524091310799122,-0.010691441595554352,-0.009020914323627949,0.9946653134523256,-0.1031513140835425,0.0007901939647665807,0.1031509577599754,0.9946655488253289,0.00047925161958137924,-0.0008354142053086586,-0.00039518568090633754,0.9999995729555817,0.0003334034117870033,-0.0006372685311362147,4.557167994789779e-05,0.48424892115029516,0.19989121845757662,-0.08590313125822349,0.039649197901580634,0.48424892115029516,0.19989121845757662,-0.08590313125822349,0.039649197901580634,0.004152012523263693,-0.04329521209001541,-0.032058387994766235,0.0,0.0,0.0,0.9946368383033051,-0.10342782422780927,0.0006064139713751384,0.10342776509953411,0.9946370210564648,0.00012815158593373552,-0.0006164161843317979,-6.474427658199368e-05,0.9999998079196254,0.0,0.0,0.0
18,1774963816566702883,0.425492459,425,40.595847,28.521664999971108,0.49430824627940984,0.0079727136496679,-0.0079727136496679,-0.009382358752191067,-0.05206145718693733,-0.04080133140087128,-0.0100284144282341,-0.011196589097380638,-0.009437961503863335,0.9946624054968093,-0.10318014695418554,0.0007464532243352511,0.10317981310199942,0.994662607834501,0.0004728326433178689,-0.0007912560518924614,-0.0003932899503559812,0.9999996096183615,-0.0003275542985647917,-0.0008388177375309169,0.00027704285457730293,-0.009382358752191067,-0.05206145718693733,-0.04080133140087128,-0.0100284144282341,-0.011196589097380638,-0.009437961503863335,0.9946624054968093,-0.10318014695418554,0.0007464532243352511,0.10317981310199942,0.994662607834501,0.0004728326433178689,-0.0007912560518924614,-0.0003932899503559812,0.9999996096183615,-0.0003275542985647917,-0.0008388177375309169,0.00027704285457730293,0.49430824627940984,0.2031645206503952,-0.08618315125476868,0.03943142524511436,0.49430824627940984,0.2031645206503952,-0.08618315125476868,0.03943142524511436,0.004152012523263693,-0.04329521209001541,-0.032058387994766235,0.0,0.0,0.0,0.9946368383033051,-0.10342782422780927,0.0006064139713751384,0.10342776509953411,0.9946370210564648,0.00012815158593373552,-0.0006164161843317979,-6.474427658199368e-05,0.9999998079196254,0.0,0.0,0.0
19,1774963816601165858,0.459955434,459,34.462975,20.466394999857584,0.49632183726992185,0.008005190923708418,-0.008005190923708418,-0.009420176967978477,-0.05282105877995491,-0.041284799575805664,-0.0096909673884511,-0.011715706437826157,-0.009728332981467247,0.9946591842494967,-0.10321180445201272,0.0006883953926843933,0.10321150113983868,0.994659346382565,0.0004625630651827837,-0.0007324608565305642,-0.00038904228509367006,0.9999996560735447,0.00017521182599011809,-0.0007163324044086039,-0.0012058489955961704,-0.009420176967978477,-0.05282105877995491,-0.041284799575805664,-0.0096909673884511,-0.011715706437826157,-0.009728332981467247,0.9946591842494967,-0.10321180445201272,0.0006883953926843933,0.10321150113983868,0.994659346382565,0.0004625630651827837,-0.0007324608565305642,-0.00038904228509367006,0.9999996560735447,0.00017521182599011809,-0.0007163324044086039,-0.0012058489955961704,0.49632183726992185,0.20545010122501509,-0.08620156933831173,0.040121987077452834,0.49632183726992185,0.20545010122501509,-0.08620156933831173,0.040121987077452834,0.004152012523263693,-0.04329521209001541,-0.032058387994766235,0.0,0.0,0.0,0.9946368383033051,-0.10342782422780927,0.0006064139713751384,0.10342776509953411,0.9946370210564648,0.00012815158593373552,-0.0006164161843317979,-6.474427658199368e-05,0.9999998079196254,0.0,0.0,0.0
20,1774963816626398146,0.485187722,485,25.232288,20.381952000207093,0.5081913756949625,0.008196635091854235,-0.008196635091854235,-0.009365374222397804,-0.05358767881989479,-0.04175548255443573,-0.009051022119820118,-0.012214010581374168,-0.009902922436594963,0.994653352497884,-0.10326967372960105,0.0006125899151893845,0.10326939446452355,0.994653458473558,0.0004713038817562368,-0.0006579859262104276,-0.0004055222238783466,0.9999997013031184,-0.0001832027774071321,-8.559483103454113e-05,-0.0005891207256354392,-0.009365374222397804,-0.05358767881989479,-0.04175548255443573,-0.009051022119820118,-0.012214010581374168,-0.009902922436594963,0.994653352497884,-0.10326967372960105,0.0006125899151893845,0.10326939446452355,0.994653458473558,0.0004713038817562368,-0.0006579859262104276,-0.0004055222238783466,0.9999997013031184,-0.0001832027774071321,-8.559483103454113e-05,-0.0005891207256354392,0.5081913756949625,0.20754867768183277,-0.0875805827621168,0.039707124191198935,0.5081913756949625,0.20754867768183277,-0.0875805827621168,0.039707124191198935,0.004152012523263693,-0.04329521209001541,-0.032058387994766235,0.0,0.0,0.0,0.9946368383033051,-0.10342782422780927,0.0006064139713751384,0.10342776509953411,0.9946370210564648,0.00012815158593373552,-0.0006164161843317979,-6.474427658199368e-05,0.9999998079196254,0.0,0.0,0.0
21,1774963816651962800,0.510752376,510,25.564654,23.82028400006675,0.5154058576191829,0.008312997703535208,-0.008312997703535208,-0.009258109144866467,-0.05416079983115196,-0.042064517736434937,-0.008465866558253765,-0.01257889810949564,-0.010074302554130554,0.9946492046323204,-0.10330931717978542,0.0005589345069210959,0.1033090551476985,0.9946492735384179,0.00047903401925927444,-0.0006054323962823953,-0.00041872782110409165,0.9999997290592966,0.0005621027667075396,-0.00044775535934604704,0.00034928147215396166,-0.009258109144866467,-0.05416079983115196,-0.042064517736434937,-0.008465866558253765,-0.01257889810949564,-0.010074302554130554,0.9946492046323204,-0.10330931717978542,0.0005589345069210959,0.1033090551476985,0.9946492735384179,0.00047903401925927444,-0.0006054323962823953,-0.00041872782110409165,0.9999997290592966,0.0005621027667075396,-0.00044775535934604704,0.00034928147215396166,0.5154058576191829,0.2084813591733132,-0.08892363541704404,0.03965539437804196,0.5154058576191829,0.2084813591733132,-0.08892363541704404,0.03965539437804196,0.004152012523263693,-0.04329521209001541,-0.032058387994766235,0.0,0.0,0.0,0.9946368383033051,-0.10342782422780927,0.0006064139713751384,0.10342776509953411,0.9946370210564648,0.00012815158593373552,-0.0006164161843317979,-6.474427658199368e-05,0.9999998079196254,0.0,0.0,0.0
22,1774963816677984159,0.536773735,536,26.021359,25.375385000188544,0.5170293592492532,0.008339183213697633,-0.008339183213697633,-0.009102572686970234,-0.054728057235479355,-0.04232165217399597,-0.007882047444581985,-0.012987718917429447,-0.010223356075584888,0.9946456616942291,-0.10334383706701633,0.0005143843872327959,0.10334358307355718,0.994645696370234,0.0004981042324123494,-0.0005631061208140778,-0.00044227889490419496,0.999999743650429,0.0006359799299389124,-0.0001804087805794552,-0.00033959560096263885,-0.009102572686970234,-0.054728057235479355,-0.04232165217399597,-0.007882047444581985,-0.012987718917429447,-0.010223356075584888,0.9946456616942291,-0.10334383706701633,0.0005143843872327959,0.10334358307355718,0.994645696370234,0.0004981042324123494,-0.0005631061208140778,-0.00044227889490419496,0.999999743650429,0.0006359799299389124,-0.0001804087805794552,-0.00033959560096263885,0.5170293592492532,0.20960754347508598,-0.08918888462310369,0.03995677243680825,0.5170293592492532,0.20960754347508598,-0.08918888462310369,0.03995677243680825,0.004152012523263693,-0.04329521209001541,-0.032058387994766235,0.0,0.0,0.0,0.9946368383033051,-0.10342782422780927,0.0006064139713751384,0.10342776509953411,0.9946370210564648,0.00012815158593373552,-0.0006164161843317979,-6.474427658199368e-05,0.9999998079196254,0.0,0.0,0.0
23,1774963816707801047,0.566590623,566,29.816888,59.72792899956403,0.5179406499689858,0.008353881451112674,-0.008353881451112674,-0.00885983556509018,-0.055232204496860504,-0.04249155521392822,-0.007255031261593103,-0.01333917211741209,-0.010302744805812836,0.9946421275933761,-0.10337815849279819,0.00044500614886048754,0.10337793655181149,0.9946421266193153,0.0004958384488363602,-0.0004938806366681322,-0.00044717799207068617,0.9999997780568759,0.0001612281776033342,0.00012390186020638794,-0.0005143230082467198,-0.00885983556509018,-0.055232204496860504,-0.04249155521392822,-0.007255031261593103,-0.01333917211741209,-0.010302744805812836,0.9946421275933761,-0.10337815849279819,0.00044500614886048754,0.10337793655181149,0.9946421266193153,0.0004958384488363602,-0.0004938806366681322,-0.00044717799207068617,0.9999997780568759,0.0001612281776033342,0.00012390186020638794,-0.0005143230082467198,0.5179406499689858,0.21057630635181668,-0.08940921793258681,0.03992053179837598,0.5179406499689858,0.21057630635181668,-0.08940921793258681,0.03992053179837598,0.004152012523263693,-0.04329521209001541,-0.032058387994766235,0.0,0.0,0.0,0.9946368383033051,-0.10342782422780927,0.0006064139713751384,0.10342776509953411,0.9946370210564648,0.00012815158593373552,-0.0006164161843317979,-6.474427658199368e-05,0.9999998079196254,0.0,0.0,0.0
24,1774963816774823976,0.633613552,633,67.022929,22.320801000205392,0.5191107944664521,0.008372754749458906,-0.008372754749458906,-0.008056840859353542,-0.056558236479759216,-0.04288850724697113,-0.005434648599475622,-0.01407713070511818,-0.010398823767900467,0.9946317092542563,-0.10347848630256395,0.0002912668638294807,0.1034783507505197,0.9946316654181198,0.0004473157884824527,-0.00033599076430067655,-0.0004147746459167759,0.9999998575360972,-0.00018966052448377013,0.00016127766866702586,-0.0008595235995016992,-0.008056840859353542,-0.056558236479759216,-0.04288850724697113,-0.005434648599475622,-0.01407713070511818,-0.010398823767900467,0.9946317092542563,-0.10347848630256395,0.0002912668638294807,0.1034783507505197,0.9946316654181198,0.0004473157884824527,-0.00033599076430067655,-0.0004147746459167759,0.9999998575360972,-0.00018966052448377013,0.00016127766866702586,-0.0008595235995016992,0.5191107944664521,0.2123315653823025,-0.09003454153172938,0.04005114631545874,0.5191107944664521,0.2123315653823025,-0.09003454153172938,0.04005114631545874,0.004152012523263693,-0.04329521209001541,-0.032058387994766235,0.0,0.0,0.0,0.9946368383033051,-0.10342782422780927,0.0006064139713751384,0.10342776509953411,0.9946370210564648,0.00012815158593373552,-0.0006164161843317979,-6.474427658199368e-05,0.9999998079196254,0.0,0.0,0.0
25,1774963816799904045,0.658693621,658,25.080069,21.778162000373413,0.5189123196181827,0.008369553542228753,-0.008369553542228753,-0.0077180503867566586,-0.05706159025430679,-0.043059080839157104,-0.004655496682971716,-0.014222067780792713,-0.010443060658872128,0.9946282210706127,-0.10351156691996377,0.00021522382891225357,0.10351147137880012,0.9946281674182987,0.00041572674648792133,-0.00025710021284159864,-0.0003912154199848059,0.9999998904249813,-0.0006831838400103152,0.00015294109471142292,0.0001708661438897252,-0.0077180503867566586,-0.05706159025430679,-0.043059080839157104,-0.004655496682971716,-0.014222067780792713,-0.010443060658872128,0.9946282210706127,-0.10351156691996377,0.00021522382891225357,0.10351147137880012,0.9946281674182987,0.00041572674648792133,-0.00025710021284159864,-0.0003912154199848059,0.9999998904249813,-0.0006831838400103152,0.00015294109471142292,0.0001708661438897252,0.5189123196181827,0.21326921349129224,-0.09092283495471433,0.039551249154603195,0.5189123196181827,0.21326921349129224,-0.09092283495471433,0.039551249154603195,0.004152012523263693,-0.04329521209001541,-0.032058387994766235,0.0,0.0,0.0,0.9946368383033051,-0.10342782422780927,0.0006064139713751384,0.10342776509953411,0.9946370210564648,0.00012815158593373552,-0.0006164161843317979,-6.474427658199368e-05,0.9999998079196254,0.0,0.0,0.0
26,1774963816822812703,0.681602279,681,22.908658,14.514426999994612,0.5201079086843009,0.008388837236843564,-0.008388837236843564,-0.007562994956970215,-0.057272691279649734,-0.043139249086380005,-0.004304171539843082,-0.014203578233718872,-0.010266633704304695,0.9946265310662971,-0.1035278503523327,0.00019835282488631437,0.10352776481617743,0.994626478681459,0.00040157350742593386,-0.0002388610162183699,-0.0003788806407536219,0.9999998996974321,0.0002537545806262642,-0.0007042461656965315,-0.0004430502303875983,-0.007562994956970215,-0.057272691279649734,-0.043139249086380005,-0.004304171539843082,-0.014203578233718872,-0.010266633704304695,0.9946265310662971,-0.1035278503523327,0.00019835282488631437,0.10352776481617743,0.994626478681459,0.00040157350742593386,-0.0002388610162183699,-0.0003788806407536219,0.9999998996974321,0.0002537545806262642,-0.0007042461656965315,-0.0004430502303875983,0.5201079086843009,0.21312181535221913,-0.09043493517072192,0.03998891193540684,0.5201079086843009,0.21312181535221913,-0.09043493517072192,0.03998891193540684,0.004152012523263693,-0.04329521209001541,-0.032058387994766235,0.0,0.0,0.0,0.9946368383033051,-0.10342782422780927,0.0006064139713751384,0.10342776509953411,0.9946370210564648,0.00012815158593373552,-0.0006164161843317979,-6.474427658199368e-05,0.9999998079196254,0.0,0.0,0.0
27,1774963816838507405,0.697296981,697,15.694702,10.36225400002877,0.5193206742396334,0.00837613990709086,-0.00837613990709086,-0.007492578588426113,-0.057363055646419525,-0.04317755997180939,-0.004135201685130596,-0.014195823110640049,-0.010265764780342579,0.9946260652225734,-0.10353368894637183,0.0001877820952198659,0.10353360936243816,0.9946260135699871,0.0003930538643031247,-0.00022746719750756615,-0.00037149983793648665,0.9999999051232793,-0.00045337900519371033,-0.00031020253663882613,0.000643291394226253,-0.007492578588426113,-0.057363055646419525,-0.04317755997180939,-0.004135201685130596,-0.014195823110640049,-0.010265764780342579,0.9946260652225734,-0.10353368894637183,0.0001877820952198659,0.10353360936243816,0.9946260135699871,0.0003930538643031247,-0.00022746719750756615,-0.00037149983793648665,0.9999999051232793,-0.00045337900519371033,-0.00031020253663882613,0.000643291394226253,0.5193206742396334,0.21346807640520823,-0.09116315624201374,0.03936040988114847,0.5193206742396334,0.21346807640520823,-0.09116315624201374,0.03936040988114847,0.004152012523263693,-0.04329521209001541,-0.032058387994766235,0.0,0.0,0.0,0.9946368383033051,-0.10342782422780927,0.0006064139713751384,0.10342776509953411,0.9946370210564648,0.00012815158593373552,-0.0006164161843317979,-6.474427658199368e-05,0.9999998079196254,0.0,0.0,0.0
28,1774963816850057672,0.708847248,708,11.550267,15.608120999786479,0.5193588801266789,0.008376756131075466,-0.008376756131075466,-0.007348985876888037,-0.05754426121711731,-0.0432574599981308,-0.0038025565445423126,-0.01415606401860714,-0.010223892517387867,0.9946254827167703,-0.10354005434269964,0.00017351467418905793,0.1035399845355125,0.9946254355506742,0.00037200563209460443,-0.0002110994797776991,-0.00035204054043053894,0.9999999157522464,-0.00047678267583251,-0.0006099262391217053,0.0010158139048144221,-0.007348985876888037,-0.05754426121711731,-0.0432574599981308,-0.0038025565445423126,-0.01415606401860714,-0.010223892517387867,0.9946254827167703,-0.10354005434269964,0.00017351467418905793,0.1035399845355125,0.9946254355506742,0.00037200563209460443,-0.0002110994797776991,-0.00035204054043053894,0.9999999157522464,-0.00047678267583251,-0.0006099262391217053,0.0010158139048144221,0.5193588801266789,0.2138499931448456,-0.09133459807967471,0.03916432156970677,0.5193588801266789,0.2138499931448456,-0.09133459807967471,0.03916432156970677,0.004152012523263693,-0.04329521209001541,-0.032058387994766235,0.0,0.0,0.0,0.9946368383033051,-0.10342782422780927,0.0006064139713751384,0.10342776509953411,0.9946370210564648,0.00012815158593373552,-0.0006164161843317979,-6.474427658199368e-05,0.9999998079196254,0.0,0.0,0.0
