step,timestamp_ns,experiment_time_s,reference_index,tick_dt_ms,solver_ms,px4_collective_command_newton,px4_collective_normalized,px4_thrust_body_z,state_raw_0,state_raw_1,state_raw_2,state_raw_3,state_raw_4,state_raw_5,state_raw_6,state_raw_7,state_raw_8,state_raw_9,state_raw_10,state_raw_11,state_raw_12,state_raw_13,state_raw_14,state_raw_15,state_raw_16,state_raw_17,state_used_0,state_used_1,state_used_2,state_used_3,state_used_4,state_used_5,state_used_6,state_used_7,state_used_8,state_used_9,state_used_10,state_used_11,state_used_12,state_used_13,state_used_14,state_used_15,state_used_16,state_used_17,control_raw_0,control_raw_1,control_raw_2,control_raw_3,control_used_0,control_used_1,control_used_2,control_used_3,reference_0,reference_1,reference_2,reference_3,reference_4,reference_5,reference_6,reference_7,reference_8,reference_9,reference_10,reference_11,reference_12,reference_13,reference_14,reference_15,reference_16,reference_17
0,1774965537686067149,0.0,0,0.0,0.412354000218329,42.9198535221297,0.6922557019698339,-0.6922557019698339,0.013161747716367245,0.028629949316382408,-0.016228318214416504,0.009311627596616745,0.010355205275118351,-0.01602526567876339,0.9945076167955386,-0.10466506234229156,0.000128092069932563,0.10466511155561342,0.9945075085493108,-0.00047054132416962137,-7.813932232563804e-05,0.00048136364885333766,0.9999998810916452,4.556521162157878e-05,-0.0004788608639501035,1.1176323823747225e-05,0.013161747716367245,0.028629949316382408,-0.016228318214416504,0.009311627596616745,0.010355205275118351,-0.01602526567876339,0.9945076167955386,-0.10466506234229156,0.000128092069932563,0.10466511155561342,0.9945075085493108,-0.00047054132416962137,-7.813932232563804e-05,0.00048136364885333766,0.9999998810916452,4.556521162157878e-05,-0.0004788608639501035,1.1176323823747225e-05,42.9198535221297,0.003489039551022076,-0.0014992132212052161,2.5783110949313715e-05,42.9198535221297,0.003489039551022076,-0.0014992132212052161,2.5783110949313715e-05,0.01087893545627594,0.02851777710020542,-0.010550543665885925,0.0,0.0,0.0,0.9945111815939787,-0.1046303478181562,0.0,0.1046303478181562,0.9945111815939787,0.0,0.0,0.0,1.0,0.0,0.0,0.0
1,1774965537696079987,0.010012838,10,10.012838,0.376827000764024,42.93039206187994,0.6924256784174184,-0.6924256784174184,0.013258956372737885,0.028603989630937576,-0.016595378518104553,0.00928792916238308,0.010195444338023663,-0.01613745652139187,0.9945081456297084,-0.10465974447653825,0.00013199290482047293,0.10465979493767441,0.9945080413568809,-0.0004628822450808631,-8.282289033317153e-05,0.00047415447753965806,0.9999998841589504,0.00020773024880327284,-0.0009647393599152565,4.882743814960122e-05,0.013258956372737885,0.028603989630937576,-0.016595378518104553,0.00928792916238308,0.010195444338023663,-0.01613745652139187,0.9945081456297084,-0.10465974447653825,0.00013199290482047293,0.10465979493767441,0.9945080413568809,-0.0004628822450808631,-8.282289033317153e-05,0.00047415447753965806,0.9999998841589504,0.00020773024880327284,-0.0009647393599152565,4.882743814960122e-05,42.93039206187994,0.0033941693815473513,-0.0013786937216240759,1.5863797431687178e-05,42.93039206187994,0.0033941693815473513,-0.0013786937216240759,1.5863797431687178e-05,0.01087893545627594,0.02851777710020542,-0.010550543665885925,0.0,0.0,0.0,0.9945111815939787,-0.1046303478181562,0.0,0.1046303478181562,0.9945111815939787,0.0,0.0,0.0,1.0,0.0,0.0,0.0
2,1774965537706177254,0.020110105,20,10.097267,0.46568600009777583,42.930709938953285,0.6924308054669884,-0.6924308054669884,0.013258956372737885,0.028603989630937576,-0.016595378518104553,0.00928792916238308,0.010195444338023663,-0.01613745652139187,0.9945081456297084,-0.10465974447653825,0.00013199290482047293,0.10465979493767441,0.9945080413568809,-0.0004628822450808631,-8.282289033317153e-05,0.00047415447753965806,0.9999998841589504,0.00020773024880327284,-0.0009647393599152565,4.882743814960122e-05,0.013258956372737885,0.028603989630937576,-0.016595378518104553,0.00928792916238308,0.010195444338023663,-0.01613745652139187,0.9945081456297084,-0.10465974447653825,0.00013199290482047293,0.10465979493767441,0.9945080413568809,-0.0004628822450808631,-8.282289033317153e-05,0.00047415447753965806,0.9999998841589504,0.00020773024880327284,-0.0009647393599152565,4.882743814960122e-05,42.930709938953285,0.0033941524336409813,-0.001378679284196721,1.5863803088851585e-05,42.930709938953285,0.0033941524336409813,-0.001378679284196721,1.5863803088851585e-05,0.01087893545627594,0.02851777710020542,-0.010550543665885925,0.0,0.0,0.0,0.9945111815939787,-0.1046303478181562,0.0,0.1046303478181562,0.9945111815939787,0.0,0.0,0.0,1.0,0.0,0.0,0.0
3,1774965537716074341,0.030007192,30,9.897087,0.4346449995864532,42.94322721912445,0.6926326970826524,-0.6926326970826524,0.013359037227928638,0.02850249595940113,-0.017021894454956055,0.009139553643763065,0.009846881031990051,-0.01629113405942917,0.9945078842582319,-0.10466310691356506,0.00013409797630495844,0.10466315658074477,0.9945077898298195,-0.0004420466362412695,-8.709555841977107e-05,0.0004536538984345386,0.9999998933062616,0.00040899557643570006,0.0013701802818104625,-0.00014573149383068085,0.013359037227928638,0.02850249595940113,-0.017021894454956055,0.009139553643763065,0.009846881031990051,-0.01629113405942917,0.9945078842582319,-0.10466310691356506,0.00013409797630495844,0.10466315658074477,0.9945077898298195,-0.0004420466362412695,-8.709555841977107e-05,0.0004536538984345386,0.9999998933062616,0.00040899557643570006,0.0013701802818104625,-0.00014573149383068085,42.94322721912445,0.0032064420405585156,-0.0019480339401283808,4.776600962213086e-05,42.94322721912445,0.0032064420405585156,-0.0019480339401283808,4.776600962213086e-05,0.01087893545627594,0.02851777710020542,-0.010550543665885925,0.0,0.0,0.0,0.9945111815939787,-0.1046303478181562,0.0,0.1046303478181562,0.9945111815939787,0.0,0.0,0.0,1.0,0.0,0.0,0.0
4,1774965537726172500,0.040105351,40,10.098159,0.513035000039963,42.94356755526989,0.6926381863753207,-0.6926381863753207,0.013359037227928638,0.02850249595940113,-0.017021894454956055,0.009139553643763065,0.009846881031990051,-0.01629113405942917,0.9945078842582319,-0.10466310691356506,0.00013409797630495844,0.10466315658074477,0.9945077898298195,-0.0004420466362412695,-8.709555841977107e-05,0.0004536538984345386,0.9999998933062616,0.00040899557643570006,0.0013701802818104625,-0.00014573149383068085,0.013359037227928638,0.02850249595940113,-0.017021894454956055,0.009139553643763065,0.009846881031990051,-0.01629113405942917,0.9945078842582319,-0.10466310691356506,0.00013409797630495844,0.10466315658074477,0.9945077898298195,-0.0004420466362412695,-8.709555841977107e-05,0.0004536538984345386,0.9999998933062616,0.00040899557643570006,0.0013701802818104625,-0.00014573149383068085,42.94356755526989,0.0032064245767894598,-0.001948018559585406,4.776601542304212e-05,42.94356755526989,0.0032064245767894598,-0.001948018559585406,4.776601542304212e-05,0.01087893545627594,0.02851777710020542,-0.010550543665885925,0.0,0.0,0.0,0.9945111815939787,-0.1046303478181562,0.0,0.1046303478181562,0.9945111815939787,0.0,0.0,0.0,1.0,0.0,0.0,0.0
5,1774965537736074491,0.050007342,50,9.901991,0.3657630004454404,42.95004624824786,0.6927426814233526,-0.6927426814233526,0.013424646109342575,0.02841738611459732,-0.01726667582988739,0.009018510580062866,0.009585067629814148,-0.01631324179470539,0.9945088882620522,-0.10465353544189404,0.00013101609157135756,0.10465358188778695,0.9945088030553481,-0.00042062027412499963,-8.627730432705667e-05,0.00043202182585337125,0.9999999029566932,0.000886603316757828,0.000547122152056545,0.00026166715542785823,0.013424646109342575,0.02841738611459732,-0.01726667582988739,0.009018510580062866,0.009585067629814148,-0.01631324179470539,0.9945088882620522,-0.10465353544189404,0.00013101609157135756,0.10465358188778695,0.9945088030553481,-0.00042062027412499963,-8.627730432705667e-05,0.00043202182585337125,0.9999999029566932,0.000886603316757828,0.000547122152056545,0.00026166715542785823,42.95004624824786,0.002968127291260956,-0.0017402623465038699,-2.1025612720198705e-05,42.95004624824786,0.002968127291260956,-0.0017402623465038699,-2.1025612720198705e-05,0.01087893545627594,0.02851777710020542,-0.010550543665885925,0.0,0.0,0.0,0.9945111815939787,-0.1046303478181562,0.0,0.1046303478181562,0.9945111815939787,0.0,0.0,0.0,1.0,0.0,0.0,0.0
6,1774965537746202594,0.060135445,60,10.128103,0.31317400043917587,42.95040050511417,0.6927483952437768,-0.6927483952437768,0.013424646109342575,0.02841738611459732,-0.01726667582988739,0.009018510580062866,0.009585067629814148,-0.01631324179470539,0.9945088882620522,-0.10465353544189404,0.00013101609157135756,0.10465358188778695,0.9945088030553481,-0.00042062027412499963,-8.627730432705667e-05,0.00043202182585337125,0.9999999029566932,0.000886603316757828,0.000547122152056545,0.00026166715542785823,0.013424646109342575,0.02841738611459732,-0.01726667582988739,0.009018510580062866,0.009585067629814148,-0.01631324179470539,0.9945088882620522,-0.10465353544189404,0.00013101609157135756,0.10465358188778695,0.9945088030553481,-0.00042062027412499963,-8.627730432705667e-05,0.00043202182585337125,0.9999999029566932,0.000886603316757828,0.000547122152056545,0.00026166715542785823,42.95040050511417,0.00296810965518401,-0.001740246419585867,-2.1025606919441447e-05,42.95040050511417,0.00296810965518401,-0.001740246419585867,-2.1025606919441447e-05,0.01087893545627594,0.02851777710020542,-0.010550543665885925,0.0,0.0,0.0,0.9945111815939787,-0.1046303478181562,0.0,0.1046303478181562,0.9945111815939787,0.0,0.0,0.0,1.0,0.0,0.0,0.0
7,1774965537756076407,0.070009258,70,9.873813,0.3450980002526194,42.959920470140496,0.6929019430667822,-0.6929019430667822,0.01352357305586338,0.028265193104743958,-0.017598450183868408,0.009003306739032269,0.009294671006500721,-0.016408158466219902,0.9945085899503607,-0.10465583355138675,0.00013669957559398274,0.10465587976073776,0.9945085173074193,-0.00039179417682772867,-9.494537264324344e-05,0.000403949040322326,0.9999999139052785,0.0001121579043683596,-0.000658398203086108,-0.0008811608422547579,0.01352357305586338,0.028265193104743958,-0.017598450183868408,0.009003306739032269,0.009294671006500721,-0.016408158466219902,0.9945085899503607,-0.10465583355138675,0.00013669957559398274,0.10465587976073776,0.9945085173074193,-0.00039179417682772867,-9.494537264324344e-05,0.000403949040322326,0.9999999139052785,0.0001121579043683596,-0.000658398203086108,-0.0008811608422547579,42.959920470140496,0.003012728491192451,-0.0014417292181339973,0.0001522647715228465,42.959920470140496,0.003012728491192451,-0.0014417292181339973,0.0001522647715228465,0.01087893545627594,0.02851777710020542,-0.010550543665885925,0.0,0.0,0.0,0.9945111815939787,-0.1046303478181562,0.0,0.1046303478181562,0.9945111815939787,0.0,0.0,0.0,1.0,0.0,0.0,0.0
8,1774965537766169878,0.080102729,80,10.093471,0.29515900041587884,42.96029095597958,0.6929079186448319,-0.6929079186448319,0.01352357305586338,0.028265193104743958,-0.017598450183868408,0.009003306739032269,0.009294671006500721,-0.016408158466219902,0.9945085899503607,-0.10465583355138675,0.00013669957559398274,0.10465587976073776,0.9945085173074193,-0.00039179417682772867,-9.494537264324344e-05,0.000403949040322326,0.9999999139052785,0.0001121579043683596,-0.000658398203086108,-0.0008811608422547579,0.01352357305586338,0.028265193104743958,-0.017598450183868408,0.009003306739032269,0.009294671006500721,-0.016408158466219902,0.9945085899503607,-0.10465583355138675,0.00013669957559398274,0.10465587976073776,0.9945085173074193,-0.00039179417682772867,-9.494537264324344e-05,0.000403949040322326,0.9999999139052785,0.0001121579043683596,-0.000658398203086108,-0.0008811608422547579,42.96029095597958,0.0030127107151988615,-0.0014417124181729745,0.00015226477739739647,42.96029095597958,0.0030127107151988615,-0.0014417124181729745,0.00015226477739739647,0.01087893545627594,0.02851777710020542,-0.010550543665885925,0.0,0.0,0.0,0.9945111815939787,-0.1046303478181562,0.0,0.1046303478181562,0.9945111815939787,0.0,0.0,0.0,1.0,0.0,0.0,0.0
9,1774965537776102003,0.090034854,90,9.932125,0.46416900022450136,42.9662951510254,0.6930047605004097,-0.6930047605004097,0.013610262423753738,0.028072213754057884,-0.017853528261184692,0.008933537639677525,0.008799288421869278,-0.01637248694896698,0.994509230394353,-0.10464998278701332,0.00013184258653364464,0.10465002436311233,0.9945091686462642,-0.00036262747231364037,-9.31697323470447e-05,0.00037443364201797044,0.9999999255594298,0.0002037699887296185,-0.0002390577137703076,-0.00038103736005723476,0.013610262423753738,0.028072213754057884,-0.017853528261184692,0.008933537639677525,0.008799288421869278,-0.01637248694896698,0.994509230394353,-0.10464998278701332,0.00013184258653364464,0.10465002436311233,0.9945091686462642,-0.00036262747231364037,-9.31697323470447e-05,0.00037443364201797044,0.9999999255594298,0.0002037699887296185,-0.0002390577137703076,-0.00038103736005723476,42.9662951510254,0.002792481505567968,-0.0015683115186748242,7.256256580855863e-05,42.9662951510254,0.002792481505567968,-0.0015683115186748242,7.256256580855863e-05,0.01087893545627594,0.02851777710020542,-0.010550543665885925,0.0,0.0,0.0,0.9945111815939787,-0.1046303478181562,0.0,0.1046303478181562,0.9945111815939787,0.0,0.0,0.0,1.0,0.0,0.0,0.0
10,1774965537786181394,0.100114245,100,10.079391,0.4630329995052307,42.96667850998742,0.6930109437094745,-0.6930109437094745,0.013610262423753738,0.028072213754057884,-0.017853528261184692,0.008933537639677525,0.008799288421869278,-0.01637248694896698,0.994509230394353,-0.10464998278701332,0.00013184258653364464,0.10465002436311233,0.9945091686462642,-0.00036262747231364037,-9.31697323470447e-05,0.00037443364201797044,0.9999999255594298,0.0002037699887296185,-0.0002390577137703076,-0.00038103736005723476,0.013610262423753738,0.028072213754057884,-0.017853528261184692,0.008933537639677525,0.008799288421869278,-0.01637248694896698,0.994509230394353,-0.10464998278701332,0.00013184258653364464,0.10465002436311233,0.9945091686462642,-0.00036262747231364037,-9.31697323470447e-05,0.00037443364201797044,0.9999999255594298,0.0002037699887296185,-0.0002390577137703076,-0.00038103736005723476,42.96667850998742,0.002792464224576483,-0.001568294051836717,7.256257151691818e-05,42.96667850998742,0.002792464224576483,-0.001568294051836717,7.256257151691818e-05,0.01087893545627594,0.02851777710020542,-0.010550543665885925,0.0,0.0,0.0,0.9945111815939787,-0.1046303478181562,0.0,0.1046303478181562,0.9945111815939787,0.0,0.0,0.0,1.0,0.0,0.0,0.0
11,1774965537796080204,0.110013055,110,9.89881,0.35322799976711394,42.97136951268676,0.6930866050433349,-0.6930866050433349,0.01366550475358963,0.02791709080338478,-0.018013104796409607,0.008867653086781502,0.008521653711795807,-0.01641058921813965,0.9945089537371333,-0.10465193004927875,0.0001340795506705227,0.10465197132084292,0.9945088965867709,-0.00035073083869053244,-9.663865869939149e-05,0.0003628366254409222,0.9999999295052773,-0.0020201788283884525,-9.262564162781928e-06,-4.4446314859669656e-05,0.01366550475358963,0.02791709080338478,-0.018013104796409607,0.008867653086781502,0.008521653711795807,-0.01641058921813965,0.9945089537371333,-0.10465193004927875,0.0001340795506705227,0.10465197132084292,0.9945088965867709,-0.00035073083869053244,-9.663865869939149e-05,0.0003628366254409222,0.9999999295052773,-0.0020201788283884525,-9.262564162781928e-06,-4.4446314859669656e-05,42.97136951268676,0.0032425841106274093,-0.0016215630916093233,2.3660145027199177e-05,42.97136951268676,0.0032425841106274093,-0.0016215630916093233,2.3660145027199177e-05,0.01087893545627594,0.02851777710020542,-0.010550543665885925,0.0,0.0,0.0,0.9945111815939787,-0.1046303478181562,0.0,0.1046303478181562,0.9945111815939787,0.0,0.0,0.0,1.0,0.0,0.0,0.0
12,1774965537806160639,0.12009349,120,10.080435,0.31326499993156176,42.97176128895057,0.6930929240153317,-0.6930929240153317,0.01366550475358963,0.02791709080338478,-0.018013104796409607,0.008867653086781502,0.008521653711795807,-0.01641058921813965,0.9945089537371333,-0.10465193004927875,0.0001340795506705227,0.10465197132084292,0.9945088965867709,-0.00035073083869053244,-9.663865869939149e-05,0.0003628366254409222,0.9999999295052773,-0.0020201788283884525,-9.262564162781928e-06,-4.4446314859669656e-05,0.01366550475358963,0.02791709080338478,-0.018013104796409607,0.008867653086781502,0.008521653711795807,-0.01641058921813965,0.9945089537371333,-0.10465193004927875,0.0001340795506705227,0.10465197132084292,0.9945088965867709,-0.00035073083869053244,-9.663865869939149e-05,0.0003628366254409222,0.9999999295052773,-0.0020201788283884525,-9.262564162781928e-06,-4.4446314859669656e-05,42.97176128895057,0.0032425671464495,-0.0016215452307368021,2.366015064745297e-05,42.97176128895057,0.0032425671464495,-0.0016215452307368021,2.366015064745297e-05,0.01087893545627594,0.02851777710020542,-0.010550543665885925,0.0,0.0,0.0,0.9945111815939787,-0.1046303478181562,0.0,0.1046303478181562,0.9945111815939787,0.0,0.0,0.0,1.0,0.0,0.0,0.0
13,1774965537816263712,0.130196563,130,10.103073,0.25661600011517294,42.977513154471005,0.6931856960398549,-0.6931856960398549,0.013743465766310692,0.02764705941081047,-0.018238544464111328,0.008797965943813324,0.00799191277474165,-0.016407834365963936,0.9945070035249274,-0.10467141772981958,0.00014258138579899618,0.1046714600221097,0.9945069541272914,-0.00033125286551961494,-0.00010712550369548421,0.0003443574290607175,0.9999999349710507,-0.00023107788001652807,-0.0012913146056234837,-0.00041154937935061753,0.013743465766310692,0.02764705941081047,-0.018238544464111328,0.008797965943813324,0.00799191277474165,-0.016407834365963936,0.9945070035249274,-0.10467141772981958,0.00014258138579899618,0.1046714600221097,0.9945069541272914,-0.00033125286551961494,-0.00010712550369548421,0.0003443574290607175,0.9999999349710507,-0.00023107788001652807,-0.0012913146056234837,-0.00041154937935061753,42.977513154471005,0.0026056555182932175,-0.0012900587173086651,9.441698792500513e-05,42.977513154471005,0.0026056555182932175,-0.0012900587173086651,9.441698792500513e-05,0.01087893545627594,0.02851777710020542,-0.010550543665885925,0.0,0.0,0.0,0.9945111815939787,-0.1046303478181562,0.0,0.1046303478181562,0.9945111815939787,0.0,0.0,0.0,1.0,0.0,0.0,0.0
14,1774965537826134995,0.140067846,140,9.871283,0.3182299997206428,42.97790839181299,0.6931920708356933,-0.6931920708356933,0.013743465766310692,0.02764705941081047,-0.018238544464111328,0.008797965943813324,0.00799191277474165,-0.016407834365963936,0.9945070035249274,-0.10467141772981958,0.00014258138579899618,0.1046714600221097,0.9945069541272914,-0.00033125286551961494,-0.00010712550369548421,0.0003443574290607175,0.9999999349710507,-0.00023107788001652807,-0.0012913146056234837,-0.00041154937935061753,0.013743465766310692,0.02764705941081047,-0.018238544464111328,0.008797965943813324,0.00799191277474165,-0.016407834365963936,0.9945070035249274,-0.10467141772981958,0.00014258138579899618,0.1046714600221097,0.9945069541272914,-0.00033125286551961494,-0.00010712550369548421,0.0003443574290607175,0.9999999349710507,-0.00023107788001652807,-0.0012913146056234837,-0.00041154937935061753,42.97790839181299,0.002605639703280546,-0.0012900406069103196,9.441699323232897e-05,42.97790839181299,0.002605639703280546,-0.0012900406069103196,9.441699323232897e-05,0.01087893545627594,0.02851777710020542,-0.010550543665885925,0.0,0.0,0.0,0.9945111815939787,-0.1046303478181562,0.0,0.1046303478181562,0.9945111815939787,0.0,0.0,0.0,1.0,0.0,0.0,0.0
15,1774965537836042652,0.149975503,149,9.907657,0.3755870002351003,42.98115109522464,0.6932443725036233,-0.6932443725036233,0.013788416981697083,0.027457227930426598,-0.018366307020187378,0.008729693479835987,0.0076673454605042934,-0.016391586512327194,0.9945066904780308,-0.10467407378142646,0.00013735294958421539,0.1046741120478174,0.9945066477304064,-0.0003096456630938219,-0.0001041865705943782,0.0003223219321425077,0.9999999426268699,0.00019561299995984882,0.00036506709875538945,-0.0012164096115157008,0.013788416981697083,0.027457227930426598,-0.018366307020187378,0.008729693479835987,0.0076673454605042934,-0.016391586512327194,0.9945066904780308,-0.10467407378142646,0.00013735294958421539,0.1046741120478174,0.9945066477304064,-0.0003096456630938219,-0.0001041865705943782,0.0003223219321425077,0.9999999426268699,0.00019561299995984882,0.00036506709875538945,-0.0012164096115157008,42.98115109522464,0.002354906512543747,-0.0017183354590424996,0.00021730435392606565,42.98115109522464,0.002354906512543747,-0.0017183354590424996,0.00021730435392606565,0.01087893545627594,0.02851777710020542,-0.010550543665885925,0.0,0.0,0.0,0.9945111815939787,-0.1046303478181562,0.0,0.1046303478181562,0.9945111815939787,0.0,0.0,0.0,1.0,0.0,0.0,0.0
16,1774965537846199184,0.160132035,160,10.156532,0.29730699952779105,42.981564511712506,0.693251040511492,-0.693251040511492,0.013788416981697083,0.027457227930426598,-0.018366307020187378,0.008729693479835987,0.0076673454605042934,-0.016391586512327194,0.9945066904780308,-0.10467407378142646,0.00013735294958421539,0.1046741120478174,0.9945066477304064,-0.0003096456630938219,-0.0001041865705943782,0.0003223219321425077,0.9999999426268699,0.00019561299995984882,0.00036506709875538945,-0.0012164096115157008,0.013788416981697083,0.027457227930426598,-0.018366307020187378,0.008729693479835987,0.0076673454605042934,-0.016391586512327194,0.9945066904780308,-0.10467407378142646,0.00013735294958421539,0.1046741120478174,0.9945066477304064,-0.0003096456630938219,-0.0001041865705943782,0.0003223219321425077,0.9999999426268699,0.00019561299995984882,0.00036506709875538945,-0.0012164096115157008,42.981564511712506,0.002354890837241169,-0.0017183165063986965,0.00021730435916325372,42.981564511712506,0.002354890837241169,-0.0017183165063986965,0.00021730435916325372,0.01087893545627594,0.02851777710020542,-0.010550543665885925,0.0,0.0,0.0,0.9945111815939787,-0.1046303478181562,0.0,0.1046303478181562,0.9945111815939787,0.0,0.0,0.0,1.0,0.0,0.0,0.0
17,1774965537856187136,0.170119987,170,9.987952,0.317230999826279,42.985984357640824,0.6933223283490455,-0.6933223283490455,0.013856226578354836,0.02718237414956093,-0.018557891249656677,0.008607260882854462,0.007079881615936756,-0.016347600147128105,0.9945060197541654,-0.10468027031988414,0.00016387855267587827,0.10468031240160247,0.9945059911850688,-0.0002736242154239687,-0.000134335158813852,0.00028927574457596715,0.9999999491368079,3.4234988561365753e-05,-0.0007910835556685925,0.00015972997061908245,0.013856226578354836,0.02718237414956093,-0.018557891249656677,0.008607260882854462,0.007079881615936756,-0.016347600147128105,0.9945060197541654,-0.10468027031988414,0.00016387855267587827,0.10468031240160247,0.9945059911850688,-0.0002736242154239687,-0.000134335158813852,0.00028927574457596715,0.9999999491368079,3.4234988561365753e-05,-0.0007910835556685925,0.00015972997061908245,42.985984357640824,0.002150878445180612,-0.0013627403460961648,1.5898245293387757e-05,42.985984357640824,0.002150878445180612,-0.0013627403460961648,1.5898245293387757e-05,0.01087893545627594,0.02851777710020542,-0.010550543665885925,0.0,0.0,0.0,0.9945111815939787,-0.1046303478181562,0.0,0.1046303478181562,0.9945111815939787,0.0,0.0,0.0,1.0,0.0,0.0,0.0
18,1774965537866193111,0.180125962,180,10.005975,0.3042500002266024,42.9864016294528,0.6933290585395613,-0.6933290585395613,0.013856226578354836,0.02718237414956093,-0.018557891249656677,0.008607260882854462,0.007079881615936756,-0.016347600147128105,0.9945060197541654,-0.10468027031988414,0.00016387855267587827,0.10468031240160247,0.9945059911850688,-0.0002736242154239687,-0.000134335158813852,0.00028927574457596715,0.9999999491368079,3.4234988561365753e-05,-0.0007910835556685925,0.00015972997061908245,0.013856226578354836,0.02718237414956093,-0.018557891249656677,0.008607260882854462,0.007079881615936756,-0.016347600147128105,0.9945060197541654,-0.10468027031988414,0.00016387855267587827,0.10468031240160247,0.9945059911850688,-0.0002736242154239687,-0.000134335158813852,0.00028927574457596715,0.9999999491368079,3.4234988561365753e-05,-0.0007910835556685925,0.00015972997061908245,42.9864016294528,0.0021508641236490786,-0.0013627212213539858,1.5898250117967485e-05,42.9864016294528,0.0021508641236490786,-0.0013627212213539858,1.5898250117967485e-05,0.01087893545627594,0.02851777710020542,-0.010550543665885925,0.0,0.0,0.0,0.9945111815939787,-0.1046303478181562,0.0,0.1046303478181562,0.9945111815939787,0.0,0.0,0.0,1.0,0.0,0.0,0.0
19,1774965537876168800,0.190101651,190,9.975689,0.47899199944367865,42.98812368375995,0.6933568336090314,-0.6933568336090314,0.01387730147689581,0.027095777913928032,-0.018618881702423096,0.00857206154614687,0.006904405076056719,-0.01633579656481743,0.9945063893672507,-0.1046763712026253,0.0001633309772501694,0.10467641121495141,0.9945063647330078,-0.0002594188583147604,-0.00013527867890755427,0.00027509058728327276,0.9999999530124255,0.00043111800914630294,0.00042732091969810426,0.00023882063396740705,0.01387730147689581,0.027095777913928032,-0.018618881702423096,0.00857206154614687,0.006904405076056719,-0.01633579656481743,0.9945063893672507,-0.1046763712026253,0.0001633309772501694,0.10467641121495141,0.9945063647330078,-0.0002594188583147604,-0.00013527867890755427,0.00027509058728327276,0.9999999530124255,0.00043111800914630294,0.00042732091969810426,0.00023882063396740705,42.98812368375995,0.0019695077405946925,-0.0016690470146259015,9.127422175743055e-07,42.98812368375995,0.0019695077405946925,-0.0016690470146259015,9.127422175743055e-07,0.01087893545627594,0.02851777710020542,-0.010550543665885925,0.0,0.0,0.0,0.9945111815939787,-0.1046303478181562,0.0,0.1046303478181562,0.9945111815939787,0.0,0.0,0.0,1.0,0.0,0.0,0.0
20,1774965537886200977,0.200133828,200,10.032177,0.42728900007205084,42.98960497256514,0.6933807253639539,-0.6933807253639539,0.013899051584303379,0.027009356766939163,-0.01868055760860443,0.008510589599609375,0.006764679215848446,-0.01630385033786297,0.9945067249649894,-0.10467318166194062,0.00015582273595988582,0.10467321854139433,0.994506701598087,-0.00025107216257658823,-0.00012868624002747384,0.00026600339751683705,0.9999999563410236,-0.0006849548663012683,0.0007659581024199724,0.0003071257087867707,0.013899051584303379,0.027009356766939163,-0.01868055760860443,0.008510589599609375,0.006764679215848446,-0.01630385033786297,0.9945067249649894,-0.10467318166194062,0.00015582273595988582,0.10467321854139433,0.994506701598087,-0.00025107216257658823,-0.00012868624002747384,0.00026600339751683705,0.9999999563410236,-0.0006849548663012683,0.0007659581024199724,0.0003071257087867707,42.98960497256514,0.002187698320231219,-0.0017668721949063923,-1.1890701988655122e-05,42.98960497256514,0.002187698320231219,-0.0017668721949063923,-1.1890701988655122e-05,0.01087893545627594,0.02851777710020542,-0.010550543665885925,0.0,0.0,0.0,0.9945111815939787,-0.1046303478181562,0.0,0.1046303478181562,0.9945111815939787,0.0,0.0,0.0,1.0,0.0,0.0,0.0
21,1774965537896190011,0.210122862,210,9.989034,0.44012099988322007,42.99082276237415,0.6934003671350669,-0.6934003671350669,0.013921206817030907,0.026923464611172676,-0.018730297684669495,0.008443676866590977,0.006633571349084377,-0.016273465007543564,0.9945068205394109,-0.10467123182004956,0.00015689198635304106,0.104671267435545,0.9945068004013705,-0.00023919467406990653,-0.00013099334164602596,0.00025430283507979056,0.9999999590854037,0.0004685776657424867,-0.0003836688119918108,-0.00027989287627860904,0.013921206817030907,0.026923464611172676,-0.018730297684669495,0.008443676866590977,0.006633571349084377,-0.016273465007543564,0.9945068205394109,-0.10467123182004956,0.00015689198635304106,0.104671267435545,0.9945068004013705,-0.00023919467406990653,-0.00013099334164602596,0.00025430283507979056,0.9999999590854037,0.0004685776657424867,-0.0003836688119918108,-0.00027989287627860904,42.99082276237415,0.0018313469716756685,-0.0014699904835030302,7.461312081046951e-05,42.99082276237415,0.0018313469716756685,-0.0014699904835030302,7.461312081046951e-05,0.01087893545627594,0.02851777710020542,-0.010550543665885925,0.0,0.0,0.0,0.9945111815939787,-0.1046303478181562,0.0,0.1046303478181562,0.9945111815939787,0.0,0.0,0.0,1.0,0.0,0.0,0.0
22,1774965537906145395,0.220078246,220,9.955384,0.42696499986050185,42.992014116070976,0.6934195825172738,-0.6934195825172738,0.013925670646131039,0.026849623769521713,-0.018777593970298767,0.008411325514316559,0.006424161605536938,-0.016245432198047638,0.9945065883062468,-0.10467406594312467,0.00015871098777024174,0.10467409968035013,0.9945065727109793,-0.00022168794533651863,-0.00013463414344462273,0.00023708304487134006,0.9999999628326386,0.0004337604914326221,-6.921757449163124e-05,5.17401349497959e-06,0.013925670646131039,0.026849623769521713,-0.018777593970298767,0.008411325514316559,0.006424161605536938,-0.016245432198047638,0.9945065883062468,-0.10467406594312467,0.00015871098777024174,0.10467409968035013,0.9945065727109793,-0.00022168794533651863,-0.00013463414344462273,0.00023708304487134006,0.9999999628326386,0.0004337604914326221,-6.921757449163124e-05,5.17401349497959e-06,42.992014116070976,0.0017443064009044957,-0.0015434711330983544,3.413981007067689e-05,42.992014116070976,0.0017443064009044957,-0.0015434711330983544,3.413981007067689e-05,0.01087893545627594,0.02851777710020542,-0.010550543665885925,0.0,0.0,0.0,0.9945111815939787,-0.1046303478181562,0.0,0.1046303478181562,0.9945111815939787,0.0,0.0,0.0,1.0,0.0,0.0,0.0
23,1774965537916135589,0.23006844,230,9.990194,0.2870819998861407,42.99499014821384,0.6934675830357071,-0.6934675830357071,0.013937217183411121,0.026700591668486595,-0.01887558400630951,0.00830094888806343,0.006059183273464441,-0.016261029988527298,0.9945079310546415,-0.10466130760826275,0.00014715330198835763,0.1046613354014061,0.9945079197233614,-0.0001958939940305839,-0.00012584260381114662,0.00021021938599796643,0.9999999699857245,0.0005026038852520287,0.00040717661613598466,0.000419662770582363,0.013937217183411121,0.026700591668486595,-0.01887558400630951,0.00830094888806343,0.006059183273464441,-0.016261029988527298,0.9945079310546415,-0.10466130760826275,0.00014715330198835763,0.1046613354014061,0.9945079197233614,-0.0001958939940305839,-0.00012584260381114662,0.00021021938599796643,0.9999999699857245,0.0005026038852520287,0.00040717661613598466,0.000419662770582363,42.99499014821384,0.0015683550932214345,-0.0016803103538174551,-3.827277805030256e-05,42.99499014821384,0.0015683550932214345,-0.0016803103538174551,-3.827277805030256e-05,0.01087893545627594,0.02851777710020542,-0.010550543665885925,0.0,0.0,0.0,0.9945111815939787,-0.1046303478181562,0.0,0.1046303478181562,0.9945111815939787,0.0,0.0,0.0,1.0,0.0,0.0,0.0
24,1774965537926159448,0.240092299,240,10.023859,0.44879899996885797,42.99678675987068,0.6934965606430755,-0.6934965606430755,0.013944290578365326,0.0266256183385849,-0.01892651617527008,0.008241233415901661,0.005865982733666897,-0.016272014006972313,0.9945081420511384,-0.1046605983712221,0.00014872674974934904,0.10466062469128423,0.9945081337823114,-0.0001818162188636978,-0.00012888097544640014,0.0001963834965084438,0.9999999724116116,0.0002326700632693246,-0.0004663607105612755,0.0003332042833790183,0.013944290578365326,0.0266256183385849,-0.01892651617527008,0.008241233415901661,0.005865982733666897,-0.016272014006972313,0.9945081420511384,-0.1046605983712221,0.00014872674974934904,0.10466062469128423,0.9945081337823114,-0.0001818162188636978,-0.00012888097544640014,0.0001963834965084438,0.9999999724116116,0.0002326700632693246,-0.0004663607105612755,0.0003332042833790183,42.99678675987068,0.001551211597194826,-0.0014518734272925375,-2.587539980048142e-05,42.99678675987068,0.001551211597194826,-0.0014518734272925375,-2.587539980048142e-05,0.01087893545627594,0.02851777710020542,-0.010550543665885925,0.0,0.0,0.0,0.9945111815939787,-0.1046303478181562,0.0,0.1046303478181562,0.9945111815939787,0.0,0.0,0.0,1.0,0.0,0.0,0.0
25,1774965537936117055,0.250049906,250,9.957607,0.30762000005779555,42.997563073249175,0.6935090818265996,-0.6935090818265996,0.013925507664680481,0.026549234986305237,-0.0189724862575531,0.00817675981670618,0.005610235501080751,-0.016213780269026756,0.99450849494903,-0.10465705432352745,0.00015029986313519483,0.10465707976060878,0.9945084886326477,-0.00017271104731324944,-0.00013139906528120842,0.00018749250749222623,0.9999999737904255,-0.0001249095657840371,-0.00011246425856370479,0.00012885633623227477,0.013925507664680481,0.026549234986305237,-0.0189724862575531,0.00817675981670618,0.005610235501080751,-0.016213780269026756,0.99450849494903,-0.10465705432352745,0.00015029986313519483,0.10465707976060878,0.9945084886326477,-0.00017271104731324944,-0.00013139906528120842,0.00018749250749222623,0.9999999737904255,-0.0001249095657840371,-0.00011246425856370479,0.00012885633623227477,42.997563073249175,0.0015552871477111936,-0.00152748579025751,1.9401317589950465e-06,42.997563073249175,0.0015552871477111936,-0.00152748579025751,1.9401317589950465e-06,0.01087893545627594,0.02851777710020542,-0.010550543665885925,0.0,0.0,0.0,0.9945111815939787,-0.1046303478181562,0.0,0.1046303478181562,0.9945111815939787,0.0,0.0,0.0,1.0,0.0,0.0,0.0
26,1774965537946201784,0.260134635,260,10.084729,0.3022009996129782,42.998617878754914,0.6935260948186276,-0.6935260948186276,0.013907872140407562,0.026472369208931923,-0.019019320607185364,0.008105329237878323,0.005467101465910673,-0.01617473177611828,0.994509316414257,-0.10464943491939716,0.0001534431356686565,0.10464945923325297,0.9945093128162291,-0.0001600390076022997,-0.0001358526390736834,0.00017521797937105135,0.9999999754213632,-0.00047153158811852336,0.00019349688955117017,0.0005973405786789954,0.013907872140407562,0.026472369208931923,-0.019019320607185364,0.008105329237878323,0.005467101465910673,-0.01617473177611828,0.994509316414257,-0.10464943491939716,0.0001534431356686565,0.10464945923325297,0.9945093128162291,-0.0001600390076022997,-0.0001358526390736834,0.00017521797937105135,0.9999999754213632,-0.00047153158811852336,0.00019349688955117017,0.0005973405786789954,42.998617878754914,0.0015701121925904805,-0.0015835431589723767,-7.445367040121493e-05,42.998617878754914,0.0015701121925904805,-0.0015835431589723767,-7.445367040121493e-05,0.01087893545627594,0.02851777710020542,-0.010550543665885925,0.0,0.0,0.0,0.9945111815939787,-0.1046303478181562,0.0,0.1046303478181562,0.9945111815939787,0.0,0.0,0.0,1.0,0.0,0.0,0.0
27,1774965537956114280,0.270047131,270,9.912496,0.4344359995229752,43.00056134577472,0.6935574410608826,-0.6935574410608826,0.013875719159841537,0.02631785348057747,-0.01911245286464691,0.007944363169372082,0.005114423111081123,-0.01611926220357418,0.9945102348468988,-0.10463986659249591,0.00015388587446419608,0.10463988852263184,0.9945102342928185,-0.00014210351318008844,-0.0001381713846422164,0.00015742598033293792,0.9999999780628657,0.00021307397400960326,0.0009690554579719901,0.0007265866152010858,0.013875719159841537,0.02631785348057747,-0.01911245286464691,0.007944363169372082,0.005114423111081123,-0.01611926220357418,0.9945102348468988,-0.10463986659249591,0.00015388587446419608,0.10463988852263184,0.9945102342928185,-0.00014210351318008844,-0.0001381713846422164,0.00015742598033293792,0.9999999780628657,0.00021307397400960326,0.0009690554579719901,0.0007265866152010858,43.00056134577472,0.0012600836186029897,-0.0017494072888727336,-0.00010150886375754303,43.00056134577472,0.0012600836186029897,-0.0017494072888727336,-0.00010150886375754303,0.01087893545627594,0.02851777710020542,-0.010550543665885925,0.0,0.0,0.0,0.9945111815939787,-0.1046303478181562,0.0,0.1046303478181562,0.9945111815939787,0.0,0.0,0.0,1.0,0.0,0.0,0.0
28,1774965537966206630,0.280139481,280,10.09235,0.2963440001622075,43.001259403466904,0.6935687000559178,-0.6935687000559178,0.01386104803532362,0.026240017265081406,-0.019158750772476196,0.00785035826265812,0.0049689109437167645,-0.016053220257163048,0.9945109503046414,-0.10463260190457935,0.00015021559996159254,0.10463262089690994,0.994510951836548,-0.00012467275935255185,-0.0001363462239199966,0.00013970587181345905,0.9999999809459884,0.0005124942981638014,0.0006952130934223533,0.0009687244892120361,0.01386104803532362,0.026240017265081406,-0.019158750772476196,0.00785035826265812,0.0049689109437167645,-0.016053220257163048,0.9945109503046414,-0.10463260190457935,0.00015021559996159254,0.10463262089690994,0.994510951836548,-0.00012467275935255185,-0.0001363462239199966,0.00013970587181345905,0.9999999809459884,0.0005124942981638014,0.0006952130934223533,0.0009687244892120361,43.001259403466904,0.0011004702083722549,-0.0016735017255563854,-0.000143657040465771,43.001259403466904,0.0011004702083722549,-0.0016735017255563854,-0.000143657040465771,0.01087893545627594,0.02851777710020542,-0.010550543665885925,0.0,0.0,0.0,0.9945111815939787,-0.1046303478181562,0.0,0.1046303478181562,0.9945111815939787,0.0,0.0,0.0,1.0,0.0,0.0,0.0
29,1774965537976153188,0.290086039,290,9.946558,0.454670999715745,43.003074400110805,0.6935979741953355,-0.6935979741953355,0.01378512941300869,0.026069214567542076,-0.019233211874961853,0.007582934573292732,0.004607720300555229,-0.01602153293788433,0.9945117278062519,-0.10462586893273951,0.00015375140241498592,0.10462588668196449,0.9945117314828771,-0.00011230559303051504,-0.00014115750091968913,0.00012777558414900152,0.9999999818739813,-0.0008482190896756947,5.444104317575693e-05,-0.0008341011125594378,0.01378512941300869,0.026069214567542076,-0.019233211874961853,0.007582934573292732,0.004607720300555229,-0.01602153293788433,0.9945117278062519,-0.10462586893273951,0.00015375140241498592,0.10462588668196449,0.9945117314828771,-0.00011230559303051504,-0.00014115750091968913,0.00012777558414900152,0.9999999818739813,-0.0008482190896756947,5.444104317575693e-05,-0.0008341011125594378,43.003074400110805,0.001309062463535802,-0.0014510794128575497,0.00012136481039654632,43.003074400110805,0.001309062463535802,-0.0014510794128575497,0.00012136481039654632,0.01087893545627594,0.02851777710020542,-0.010550543665885925,0.0,0.0,0.0,0.9945111815939787,-0.1046303478181562,0.0,0.1046303478181562,0.9945111815939787,0.0,0.0,0.0,1.0,0.0,0.0,0.0
30,1774965537986184321,0.300117172,300,10.031133,0.3029710005648667,43.003951642817384,0.6936121232712481,-0.6936121232712481,0.013748075813055038,0.025983434170484543,-0.019272208213806152,0.007386607583612204,0.004443715792149305,-0.015982387587428093,0.9945123986483883,-0.10461949064753395,0.0001608338549563416,0.10461950698186806,0.9945124052319666,-9.67204803805201e-05,-0.00014983241234148097,0.00011301605389097834,0.9999999823888112,0.0005210822564549744,-0.0004173254710622132,0.0011500960681587458,0.013748075813055038,0.025983434170484543,-0.019272208213806152,0.007386607583612204,0.004443715792149305,-0.015982387587428093,0.9945123986483883,-0.10461949064753395,0.0001608338549563416,0.10461950698186806,0.9945124052319666,-9.67204803805201e-05,-0.00014983241234148097,0.00011301605389097834,0.9999999823888112,0.0005210822564549744,-0.0004173254710622132,0.0011500960681587458,43.003951642817384,0.000879409194369575,-0.001275927806552789,-0.00018138360141602754,43.003951642817384,0.000879409194369575,-0.001275927806552789,-0.00018138360141602754,0.01087893545627594,0.02851777710020542,-0.010550543665885925,0.0,0.0,0.0,0.9945111815939787,-0.1046303478181562,0.0,0.1046303478181562,0.9945111815939787,0.0,0.0,0.0,1.0,0.0,0.0,0.0
