step,timestamp_ns,experiment_time_s,reference_index,tick_dt_ms,solver_ms,px4_collective_command_newton,px4_collective_normalized,px4_thrust_body_z,state_raw_0,state_raw_1,state_raw_2,state_raw_3,state_raw_4,state_raw_5,state_raw_6,state_raw_7,state_raw_8,state_raw_9,state_raw_10,state_raw_11,state_raw_12,state_raw_13,state_raw_14,state_raw_15,state_raw_16,state_raw_17,state_used_0,state_used_1,state_used_2,state_used_3,state_used_4,state_used_5,state_used_6,state_used_7,state_used_8,state_used_9,state_used_10,state_used_11,state_used_12,state_used_13,state_used_14,state_used_15,state_used_16,state_used_17,control_raw_0,control_raw_1,control_raw_2,control_raw_3,control_used_0,control_used_1,control_used_2,control_used_3,reference_0,reference_1,reference_2,reference_3,reference_4,reference_5,reference_6,reference_7,reference_8,reference_9,reference_10,reference_11,reference_12,reference_13,reference_14,reference_15,reference_16,reference_17
0,1775071149377809837,0.0,0,0.0,0.4431729976204224,42.804116001509996,0.6903889677662902,-0.6903889677662902,0.007509133312851191,0.01527415495365858,0.0033430755138397217,-0.009361843578517437,0.01625915616750717,-0.008457152172923088,0.9945128471492711,-0.10461412642874812,0.0005594700531566625,0.10461365164336978,0.9945127167401137,0.0008195926296577349,-0.0006421408962406661,-0.0007565671737153508,0.9999995076305209,0.00021487881895154715,-0.0005756838945671916,-0.001391372294165194,0.007509133312851191,0.01527415495365858,0.0033430755138397217,-0.009361843578517437,0.01625915616750717,-0.008457152172923088,0.9945128471492711,-0.10461412642874812,0.0005594700531566625,0.10461365164336978,0.9945127167401137,0.0008195926296577349,-0.0006421408962406661,-0.0007565671737153508,0.9999995076305209,0.00021487881895154715,-0.0005756838945671916,-0.001391372294165194,42.804116001509996,0.0012706892306951062,0.004183526017962338,9.701827707763315e-05,42.804116001509996,0.0012706892306951062,0.004183526017962338,9.701827707763315e-05,0.010467729531228542,0.012636573985219002,0.008300960063934326,0.0,0.0,0.0,0.9944983070841081,-0.10475264773189752,0.0,0.10475264773189752,0.9944983070841081,0.0,0.0,0.0,1.0,0.0,0.0,0.0
1,1775071149387782947,0.00997311,9,9.97311,0.3076630018767901,42.80437351369295,0.690393121188596,-0.690393121188596,0.007509133312851191,0.01527415495365858,0.0033430755138397217,-0.009361843578517437,0.01625915616750717,-0.008457152172923088,0.9945128471492711,-0.10461412642874812,0.0005594700531566625,0.10461365164336978,0.9945127167401137,0.0008195926296577349,-0.0006421408962406661,-0.0007565671737153508,0.9999995076305209,0.00021487881895154715,-0.0005756838945671916,-0.001391372294165194,0.007509133312851191,0.01527415495365858,0.0033430755138397217,-0.009361843578517437,0.01625915616750717,-0.008457152172923088,0.9945128471492711,-0.10461412642874812,0.0005594700531566625,0.10461365164336978,0.9945127167401137,0.0008195926296577349,-0.0006421408962406661,-0.0007565671737153508,0.9999995076305209,0.00021487881895154715,-0.0005756838945671916,-0.001391372294165194,42.80437351369295,0.0012706689359862245,0.004183510129353693,9.701827411601922e-05,42.80437351369295,0.0012706689359862245,0.004183510129353693,9.701827411601922e-05,0.010467729531228542,0.012636573985219002,0.008300960063934326,0.0,0.0,0.0,0.9944983070841081,-0.10475264773189752,0.0,0.10475264773189752,0.9944983070841081,0.0,0.0,0.0,1.0,0.0,0.0,0.0
2,1775071149397786719,0.019976882,19,10.003772,0.4775359993800521,42.81851674257989,0.6906212377835466,-0.6906212377835466,0.007325822487473488,0.01547910738736391,0.0028824955224990845,-0.009493287652730942,0.01610221154987812,-0.008677409961819649,0.9945143088784467,-0.10459908001508866,0.0005669614036595896,0.10459859125501336,0.9945141735583471,0.0008323750567810415,-0.0006509168172694688,-0.0007685055402446225,0.999999492853137,-0.0003234374744351953,-0.0006871651276014745,0.00031105600646696985,0.007325822487473488,0.01547910738736391,0.0028824955224990845,-0.009493287652730942,0.01610221154987812,-0.008677409961819649,0.9945143088784467,-0.10459908001508866,0.0005669614036595896,0.10459859125501336,0.9945141735583471,0.0008323750567810415,-0.0006509168172694688,-0.0007685055402446225,0.999999492853137,-0.0003234374744351953,-0.0006871651276014745,0.00031105600646696985,42.81851674257989,0.0013610951770615784,0.004278166636264785,-0.00017045032042760933,42.81851674257989,0.0013610951770615784,0.004278166636264785,-0.00017045032042760933,0.010467729531228542,0.012636573985219002,0.008300960063934326,0.0,0.0,0.0,0.9944983070841081,-0.10475264773189752,0.0,0.10475264773189752,0.9944983070841081,0.0,0.0,0.0,1.0,0.0,0.0,0.0
3,1775071149407747553,0.029937716,29,9.960834,0.3050190061912872,42.83242753124941,0.6908456053427324,-0.6908456053427324,0.0071442448534071445,0.015680482611060143,0.0024348199367523193,-0.009626330807805061,0.015967359766364098,-0.008901715278625488,0.9945151633348092,-0.10459093267651642,0.0005614289521381505,0.10459044220233182,0.99451501727532,0.0008416158682564862,-0.0006463749203943058,-0.0007782796414434311,0.9999994882399974,9.012490045279264e-05,-0.00011841299419756979,-0.000575804675463587,0.0071442448534071445,0.015680482611060143,0.0024348199367523193,-0.009626330807805061,0.015967359766364098,-0.008901715278625488,0.9945151633348092,-0.10459093267651642,0.0005614289521381505,0.10459044220233182,0.99451501727532,0.0008416158682564862,-0.0006463749203943058,-0.0007782796414434311,0.9999994882399974,9.012490045279264e-05,-0.00011841299419756979,-0.000575804675463587,42.83242753124941,0.0012264906584526336,0.004170741130433426,-4.397342845956138e-05,42.83242753124941,0.0012264906584526336,0.004170741130433426,-4.397342845956138e-05,0.010467729531228542,0.012636573985219002,0.008300960063934326,0.0,0.0,0.0,0.9944983070841081,-0.10475264773189752,0.0,0.10475264773189752,0.9944983070841081,0.0,0.0,0.0,1.0,0.0,0.0,0.0
4,1775071149417746691,0.039936854,39,9.999138,0.27568799850996584,42.8394648361882,0.6909591102611,-0.6909591102611,0.007052819710224867,0.01579456403851509,0.0021963268518447876,-0.009722129441797733,0.015845751389861107,-0.008980587124824524,0.9945158480551928,-0.10458438522606928,0.0005624324040941348,0.10458388730110268,0.9945156945767561,0.0008519118347477955,-0.000648444540741297,-0.0007884184554798751,0.9999994789578683,0.0004203470307402313,-0.0010957673657685518,0.000453638203907758,0.007052819710224867,0.01579456403851509,0.0021963268518447876,-0.009722129441797733,0.015845751389861107,-0.008980587124824524,0.9945158480551928,-0.10458438522606928,0.0005624324040941348,0.10458388730110268,0.9945156945767561,0.0008519118347477955,-0.000648444540741297,-0.0007884184554798751,0.9999994789578683,0.0004203470307402313,-0.0010957673657685518,0.000453638203907758,42.8394648361882,0.0011042378587535872,0.004446855858236803,-0.00020366412713998077,42.8394648361882,0.0011042378587535872,0.004446855858236803,-0.00020366412713998077,0.010467729531228542,0.012636573985219002,0.008300960063934326,0.0,0.0,0.0,0.9944983070841081,-0.10475264773189752,0.0,0.10475264773189752,0.9944983070841081,0.0,0.0,0.0,1.0,0.0,0.0,0.0
5,1775071149427857577,0.05004774,50,10.110886,0.2899779938161373,42.839786290709206,0.6909642950114389,-0.6909642950114389,0.007052819710224867,0.01579456403851509,0.0021963268518447876,-0.009722129441797733,0.015845751389861107,-0.008980587124824524,0.9945158480551928,-0.10458438522606928,0.0005624324040941348,0.10458388730110268,0.9945156945767561,0.0008519118347477955,-0.000648444540741297,-0.0007884184554798751,0.9999994789578683,0.0004203470307402313,-0.0010957673657685518,0.000453638203907758,0.007052819710224867,0.01579456403851509,0.0021963268518447876,-0.009722129441797733,0.015845751389861107,-0.008980587124824524,0.9945158480551928,-0.10458438522606928,0.0005624324040941348,0.10458388730110268,0.9945156945767561,0.0008519118347477955,-0.000648444540741297,-0.0007884184554798751,0.9999994789578683,0.0004203470307402313,-0.0010957673657685518,0.000453638203907758,42.839786290709206,0.0011042128022390617,0.00444683509554218,-0.00020366413093122926,42.839786290709206,0.0011042128022390617,0.00444683509554218,-0.00020366413093122926,0.010467729531228542,0.012636573985219002,0.008300960063934326,0.0,0.0,0.0,0.9944983070841081,-0.10475264773189752,0.0,0.10475264773189752,0.9944983070841081,0.0,0.0,0.0,1.0,0.0,0.0,0.0
6,1775071149437962655,0.060152818,60,10.105078,0.33354599872836843,42.85288697682379,0.6911755964003837,-0.6911755964003837,0.006871156860142946,0.016019342467188835,0.001750171184539795,-0.009887968190014362,0.015744294971227646,-0.009142393246293068,0.9945177605727984,-0.10456738158368495,0.0005640880322540787,0.10456687817734722,0.994517603075699,0.0008583367723265789,-0.0006507493483642601,-0.0007946462159123258,0.9999994725312548,-0.00035374064464122057,0.0002937574463430792,0.001063840463757515,0.006871156860142946,0.016019342467188835,0.001750171184539795,-0.009887968190014362,0.015744294971227646,-0.009142393246293068,0.9945177605727984,-0.10456738158368495,0.0005640880322540787,0.10456687817734722,0.994517603075699,0.0008583367723265789,-0.0006507493483642601,-0.0007946462159123258,0.9999994725312548,-0.00035374064464122057,0.0002937574463430792,0.001063840463757515,42.85288697682379,0.0012826455278956985,0.004159835507232607,-0.0003088832579691218,42.85288697682379,0.0012826455278956985,0.004159835507232607,-0.0003088832579691218,0.010467729531228542,0.012636573985219002,0.008300960063934326,0.0,0.0,0.0,0.9944983070841081,-0.10475264773189752,0.0,0.10475264773189752,0.9944983070841081,0.0,0.0,0.0,1.0,0.0,0.0,0.0
7,1775071149447737938,0.069928101,69,9.775283,0.28633399779209867,42.86608267822689,0.6913884302939821,-0.6913884302939821,0.0066913398914039135,0.016244936734437943,0.001304030418395996,-0.010063841938972473,0.01567329280078411,-0.00931059755384922,0.9945187208689663,-0.10455887978634726,0.0005589223503745921,0.10455837495854348,0.9945185531773018,0.00086689515277006,-0.0006464999881164099,-0.0008037034061206694,0.9999994680492449,-0.0003031351661775261,0.0006026875926181674,-7.041345816105604e-05,0.0066913398914039135,0.016244936734437943,0.001304030418395996,-0.010063841938972473,0.01567329280078411,-0.00931059755384922,0.9945187208689663,-0.10455887978634726,0.0005589223503745921,0.10455837495854348,0.9945185531773018,0.00086689515277006,-0.0006464999881164099,-0.0008037034061206694,0.9999994680492449,-0.0003031351661775261,0.0006026875926181674,-7.041345816105604e-05,42.86608267822689,0.001255545056382857,0.004128304386061461,-0.00014558602236560962,42.86608267822689,0.001255545056382857,0.004128304386061461,-0.00014558602236560962,0.010467729531228542,0.012636573985219002,0.008300960063934326,0.0,0.0,0.0,0.9944983070841081,-0.10475264773189752,0.0,0.10475264773189752,0.9944983070841081,0.0,0.0,0.0,1.0,0.0,0.0,0.0
8,1775071149457841975,0.080032138,80,10.104037,0.31764899904374033,42.87324721545661,0.6915039873460743,-0.6915039873460743,0.006602176930755377,0.016358790919184685,0.001079365611076355,-0.010215884074568748,0.01565476506948471,-0.009419797919690609,0.9945198981372637,-0.10454771390529283,0.0005545757619859135,0.10454721299041192,0.9945197281608732,0.0008662462982323982,-0.0006421003605272257,-0.0008035197894230087,0.9999994710314838,-0.0006482000462710857,-6.487411155831069e-05,0.0011667574290186167,0.006602176930755377,0.016358790919184685,0.001079365611076355,-0.010215884074568748,0.01565476506948471,-0.009419797919690609,0.9945198981372637,-0.10454771390529283,0.0005545757619859135,0.10454721299041192,0.9945197281608732,0.0008662462982323982,-0.0006421003605272257,-0.0008035197894230087,0.9999994710314838,-0.0006482000462710857,-6.487411155831069e-05,0.0011667574290186167,42.87324721545661,0.001349076747438243,0.004326807593069809,-0.0003401352563560091,42.87324721545661,0.001349076747438243,0.004326807593069809,-0.0003401352563560091,0.010467729531228542,0.012636573985219002,0.008300960063934326,0.0,0.0,0.0,0.9944983070841081,-0.10475264773189752,0.0,0.10475264773189752,0.9944983070841081,0.0,0.0,0.0,1.0,0.0,0.0,0.0
9,1775071149467804343,0.089994506,89,9.962368,0.31375300022773445,42.8736219005556,0.6915100306541225,-0.6915100306541225,0.006602176930755377,0.016358790919184685,0.001079365611076355,-0.010215884074568748,0.01565476506948471,-0.009419797919690609,0.9945198981372637,-0.10454771390529283,0.0005545757619859135,0.10454721299041192,0.9945197281608732,0.0008662462982323982,-0.0006421003605272257,-0.0008035197894230087,0.9999994710314838,-0.0006482000462710857,-6.487411155831069e-05,0.0011667574290186167,0.006602176930755377,0.016358790919184685,0.001079365611076355,-0.010215884074568748,0.01565476506948471,-0.009419797919690609,0.9945198981372637,-0.10454771390529283,0.0005545757619859135,0.10454721299041192,0.9945197281608732,0.0008662462982323982,-0.0006421003605272257,-0.0008035197894230087,0.9999994710314838,-0.0006482000462710857,-6.487411155831069e-05,0.0011667574290186167,42.8736219005556,0.0013490474464668504,0.004326782036575,-0.00034013526118409517,42.8736219005556,0.0013490474464668504,0.004326782036575,-0.00034013526118409517,0.010467729531228542,0.012636573985219002,0.008300960063934326,0.0,0.0,0.0,0.9944983070841081,-0.10475264773189752,0.0,0.10475264773189752,0.9944983070841081,0.0,0.0,0.0,1.0,0.0,0.0,0.0
10,1775071149477832197,0.10002236,100,10.027854,0.45044199941912666,42.88014710015241,0.6916152758089099,-0.6916152758089099,0.006512756925076246,0.01647205278277397,0.0008580684661865234,-0.010373413562774658,0.01563529297709465,-0.009485384449362755,0.9945207075013811,-0.10453868081022066,0.0005497685307744235,0.10453817836588719,0.9945205276083287,0.0008747054278126255,-0.0006381965889793138,-0.000812440851194661,0.9999994663223645,0.000992812099866569,0.0002618792641442269,6.977694283705205e-05,0.006512756925076246,0.01647205278277397,0.0008580684661865234,-0.010373413562774658,0.01563529297709465,-0.009485384449362755,0.9945207075013811,-0.10453868081022066,0.0005497685307744235,0.10453817836588719,0.9945205276083287,0.0008747054278126255,-0.0006381965889793138,-0.000812440851194661,0.9999994663223645,0.000992812099866569,0.0002618792641442269,6.977694283705205e-05,42.88014710015241,0.0009229595179381406,0.00427660813456779,-0.0001828399828722477,42.88014710015241,0.0009229595179381406,0.00427660813456779,-0.0001828399828722477,0.010467729531228542,0.012636573985219002,0.008300960063934326,0.0,0.0,0.0,0.9944983070841081,-0.10475264773189752,0.0,0.10475264773189752,0.9944983070841081,0.0,0.0,0.0,1.0,0.0,0.0,0.0
11,1775071149487728542,0.109918705,109,9.896345,0.29745899519184604,42.900240041301,0.6919393555048547,-0.6919393555048547,0.006200557108968496,0.016831373795866966,0.0001894533634185791,-0.010746060870587826,0.015569983050227165,-0.009770755656063557,0.9945229269539556,-0.10451743848624573,0.0005517409981096004,0.10451691944072161,0.9945227290387987,0.0008980972864615685,-0.0006425857550647011,-0.0008355120659407252,0.9999994445014262,7.358512084465474e-05,-0.00028303777799010277,0.0006287181167863309,0.006200557108968496,0.016831373795866966,0.0001894533634185791,-0.010746060870587826,0.015569983050227165,-0.009770755656063557,0.9945229269539556,-0.10451743848624573,0.0005517409981096004,0.10451691944072161,0.9945227290387987,0.0008980972864615685,-0.0006425857550647011,-0.0008355120659407252,0.9999994445014262,7.358512084465474e-05,-0.00028303777799010277,0.0006287181167863309,42.900240041301,0.001112746853187298,0.0045339315942219205,-0.0002837759314011739,42.900240041301,0.001112746853187298,0.0045339315942219205,-0.0002837759314011739,0.010467729531228542,0.012636573985219002,0.008300960063934326,0.0,0.0,0.0,0.9944983070841081,-0.10475264773189752,0.0,0.10475264773189752,0.9944983070841081,0.0,0.0,0.0,1.0,0.0,0.0,0.0
12,1775071149497744061,0.119934224,119,10.015519,0.46137900062603876,42.90718581498809,0.6920513841127112,-0.6920513841127112,0.006090119015425444,0.01695357821881771,-1.7896294593811035e-05,-0.010822800919413567,0.015536428429186344,-0.009890767745673656,0.9945237156681281,-0.10451053196264071,0.0005519581187477781,0.10451001000267945,0.9945235143269378,0.000902349805985499,-0.0006432402624336597,-0.000839723110315496,0.9999994405534197,0.0001920498616527766,-0.000292112585157156,0.00022348824131768197,0.006090119015425444,0.01695357821881771,-1.7896294593811035e-05,-0.010822800919413567,0.015536428429186344,-0.009890767745673656,0.9945237156681281,-0.10451053196264071,0.0005519581187477781,0.10451001000267945,0.9945235143269378,0.000902349805985499,-0.0006432402624336597,-0.000839723110315496,0.9999994405534197,0.0001920498616527766,-0.000292112585157156,0.00022348824131768197,42.90718581498809,0.0010774947502010697,0.004566455122889188,-0.00022855298341297755,42.90718581498809,0.0010774947502010697,0.004566455122889188,-0.00022855298341297755,0.010467729531228542,0.012636573985219002,0.008300960063934326,0.0,0.0,0.0,0.9944983070841081,-0.10475264773189752,0.0,0.10475264773189752,0.9944983070841081,0.0,0.0,0.0,1.0,0.0,0.0,0.0
13,1775071149507840962,0.130031125,130,10.096901,0.5251309994491749,42.90762325897996,0.6920584396609671,-0.6920584396609671,0.006090119015425444,0.01695357821881771,-1.7896294593811035e-05,-0.010822800919413567,0.015536428429186344,-0.009890767745673656,0.9945237156681281,-0.10451053196264071,0.0005519581187477781,0.10451001000267945,0.9945235143269378,0.000902349805985499,-0.0006432402624336597,-0.000839723110315496,0.9999994405534197,0.0001920498616527766,-0.000292112585157156,0.00022348824131768197,0.006090119015425444,0.01695357821881771,-1.7896294593811035e-05,-0.010822800919413567,0.015536428429186344,-0.009890767745673656,0.9945237156681281,-0.10451053196264071,0.0005519581187477781,0.10451001000267945,0.9945235143269378,0.000902349805985499,-0.0006432402624336597,-0.000839723110315496,0.9999994405534197,0.0001920498616527766,-0.000292112585157156,0.00022348824131768197,42.90762325897996,0.001077460275246135,0.004566423377666599,-0.00022855298952902272,42.90762325897996,0.001077460275246135,0.004566423377666599,-0.00022855298952902272,0.010467729531228542,0.012636573985219002,0.008300960063934326,0.0,0.0,0.0,0.9944983070841081,-0.10475264773189752,0.0,0.10475264773189752,0.9944983070841081,0.0,0.0,0.0,1.0,0.0,0.0,0.0
14,1775071149517780658,0.139970821,139,9.939696,0.3405249954084866,42.91517430733485,0.6921802307634654,-0.6921802307634654,0.0059801917523145676,0.017075182870030403,-0.00022299587726593018,-0.010934158228337765,0.01552664302289486,-0.010060842148959637,0.9945244472442502,-0.10450290918791127,0.0005517521816194859,0.10450239072560685,0.9945242500950636,0.000897179555020302,-0.0006424887713050199,-0.0008346075740222197,0.999999445319044,-0.0009907366475090384,-0.0003442782035563141,0.0008766732644289732,0.0059801917523145676,0.017075182870030403,-0.00022299587726593018,-0.010934158228337765,0.01552664302289486,-0.010060842148959637,0.9945244472442502,-0.10450290918791127,0.0005517521816194859,0.10450239072560685,0.9945242500950636,0.000897179555020302,-0.0006424887713050199,-0.0008346075740222197,0.999999445319044,-0.0009907366475090384,-0.0003442782035563141,0.0008766732644289732,42.91517430733485,0.0013949907184905178,0.0046160534031290555,-0.0003326481185060305,42.91517430733485,0.0013949907184905178,0.0046160534031290555,-0.0003326481185060305,0.010467729531228542,0.012636573985219002,0.008300960063934326,0.0,0.0,0.0,0.9944983070841081,-0.10475264773189752,0.0,0.10475264773189752,0.9944983070841081,0.0,0.0,0.0,1.0,0.0,0.0,0.0
15,1775071149527739892,0.149930055,149,9.959234,0.28635800117626786,42.936824115992806,0.6925294212256904,-0.6925294212256904,0.005617757327854633,0.017468053847551346,-0.0009103864431381226,-0.0112833883613348,0.015506020747125149,-0.010426781140267849,0.9945251476054264,-0.104497772720892,0.0005507397993122099,0.10449725312615699,0.9945249472249205,0.000900263149258446,-0.0006417997145638978,-0.0008377834987900439,0.9999994431059027,-0.0001316912384936586,-0.0004649532784242183,-0.0002812507445923984,0.005617757327854633,0.017468053847551346,-0.0009103864431381226,-0.0112833883613348,0.015506020747125149,-0.010426781140267849,0.9945251476054264,-0.104497772720892,0.0005507397993122099,0.10449725312615699,0.9945249472249205,0.000900263149258446,-0.0006417997145638978,-0.0008377834987900439,0.9999994431059027,-0.0001316912384936586,-0.0004649532784242183,-0.0002812507445923984,42.936824115992806,0.0012038812579534257,0.004762546544243456,-0.00016309428402510825,42.936824115992806,0.0012038812579534257,0.004762546544243456,-0.00016309428402510825,0.010467729531228542,0.012636573985219002,0.008300960063934326,0.0,0.0,0.0,0.9944983070841081,-0.10475264773189752,0.0,0.10475264773189752,0.9944983070841081,0.0,0.0,0.0,1.0,0.0,0.0,0.0
16,1775071149537747903,0.159938066,159,10.008011,0.34656599746085703,42.944219380508535,0.6926486996856215,-0.6926486996856215,0.005497882608324289,0.01759808138012886,-0.0011336356401443481,-0.01139230839908123,0.015527154318988323,-0.010547713376581669,0.9945253372657359,-0.10449583233177506,0.0005516139721997368,0.10449530540073204,0.9945251287918555,0.0009105310560275151,-0.0006437404253168064,-0.0008479050908736727,0.9999994333275348,0.001516171614639461,-0.00021187856327742338,-0.00035542735713534057,0.005497882608324289,0.01759808138012886,-0.0011336356401443481,-0.01139230839908123,0.015527154318988323,-0.010547713376581669,0.9945253372657359,-0.10449583233177506,0.0005516139721997368,0.10449530540073204,0.9945251287918555,0.0009105310560275151,-0.0006437404253168064,-0.0008479050908736727,0.9999994333275348,0.001516171614639461,-0.00021187856327742338,-0.00035542735713534057,42.944219380508535,0.0007823513392039309,0.0047400433756219626,-0.00015353202731619185,42.944219380508535,0.0007823513392039309,0.0047400433756219626,-0.00015353202731619185,0.010467729531228542,0.012636573985219002,0.008300960063934326,0.0,0.0,0.0,0.9944983070841081,-0.10475264773189752,0.0,0.10475264773189752,0.9944983070841081,0.0,0.0,0.0,1.0,0.0,0.0,0.0
17,1775071149547811616,0.170001779,170,10.063713,0.3741589971468784,42.94471386453471,0.6926566752344309,-0.6926566752344309,0.005497882608324289,0.01759808138012886,-0.0011336356401443481,-0.01139230839908123,0.015527154318988323,-0.010547713376581669,0.9945253372657359,-0.10449583233177506,0.0005516139721997368,0.10449530540073204,0.9945251287918555,0.0009105310560275151,-0.0006437404253168064,-0.0008479050908736727,0.9999994333275348,0.001516171614639461,-0.00021187856327742338,-0.00035542735713534057,0.005497882608324289,0.01759808138012886,-0.0011336356401443481,-0.01139230839908123,0.015527154318988323,-0.010547713376581669,0.9945253372657359,-0.10449583233177506,0.0005516139721997368,0.10449530540073204,0.9945251287918555,0.0009105310560275151,-0.0006437404253168064,-0.0008479050908736727,0.9999994333275348,0.001516171614639461,-0.00021187856327742338,-0.00035542735713534057,42.94471386453471,0.0007823117538338937,0.004740005282538106,-0.0001535320350398882,42.94471386453471,0.0007823117538338937,0.004740005282538106,-0.0001535320350398882,0.010467729531228542,0.012636573985219002,0.008300960063934326,0.0,0.0,0.0,0.9944983070841081,-0.10475264773189752,0.0,0.10475264773189752,0.9944983070841081,0.0,0.0,0.0,1.0,0.0,0.0,0.0
18,1775071149557851082,0.180041245,180,10.039466,0.33144099870696664,42.95203750732499,0.6927747985052417,-0.6927747985052417,0.005372823216021061,0.017717812210321426,-0.0013636201620101929,-0.011463748291134834,0.01550427358597517,-0.010649808682501316,0.9945252292912509,-0.10449619170450042,0.0005579622195931618,0.1044956589199586,0.9945250243078382,0.0009112582947360809,-0.0006501302721464569,-0.0008479647088513835,0.9999994291431289,-0.00014299267786554992,-0.000994828063994646,-0.00033009800245054066,0.005372823216021061,0.017717812210321426,-0.0013636201620101929,-0.011463748291134834,0.01550427358597517,-0.010649808682501316,0.9945252292912509,-0.10449619170450042,0.0005579622195931618,0.1044956589199586,0.9945250243078382,0.0009112582947360809,-0.0006501302721464569,-0.0008479647088513835,0.9999994291431289,-0.00014299267786554992,-0.000994828063994646,-0.00033009800245054066,42.95203750732499,0.0012019874024732087,0.00498218216836472,-0.00015703857506315128,42.95203750732499,0.0012019874024732087,0.00498218216836472,-0.00015703857506315128,0.010467729531228542,0.012636573985219002,0.008300960063934326,0.0,0.0,0.0,0.9944983070841081,-0.10475264773189752,0.0,0.10475264773189752,0.9944983070841081,0.0,0.0,0.0,1.0,0.0,0.0,0.0
19,1775071149567734725,0.189924888,189,9.883643,0.26440899819135666,42.973460669629745,0.6931203333811249,-0.6931203333811249,0.0050005801022052765,0.018076341599225998,-0.0020369738340377808,-0.011842398904263973,0.015542513690888882,-0.011019831523299217,0.9945248521905592,-0.10450025588352596,0.0005453191074750252,0.10449973550977609,0.9945246413071578,0.0009086189672776633,-0.0006372840066573822,-0.0008466584030958407,0.9999994385192358,0.00040382653241977096,0.0002877016959246248,0.0008581422735005617,0.0050005801022052765,0.018076341599225998,-0.0020369738340377808,-0.011842398904263973,0.015542513690888882,-0.011019831523299217,0.9945248521905592,-0.10450025588352596,0.0005453191074750252,0.10449973550977609,0.9945246413071578,0.0009086189672776633,-0.0006372840066573822,-0.0008466584030958407,0.9999994385192358,0.00040382653241977096,0.0002877016959246248,0.0008581422735005617,42.973460669629745,0.0011099348746794974,0.004756612598078659,-0.00033198142242782586,42.973460669629745,0.0011099348746794974,0.004756612598078659,-0.00033198142242782586,0.010467729531228542,0.012636573985219002,0.008300960063934326,0.0,0.0,0.0,0.9944983070841081,-0.10475264773189752,0.0,0.10475264773189752,0.9944983070841081,0.0,0.0,0.0,1.0,0.0,0.0,0.0
20,1775071149577794163,0.199984326,199,10.059438,0.3920679955626838,42.98103030880652,0.693242424335589,-0.693242424335589,0.004877667408436537,0.018196113407611847,-0.002256065607070923,-0.011885431595146656,0.015538016334176064,-0.011157078668475151,0.9945252089090424,-0.10449672197165993,0.0005483800113196997,0.10449619282491773,0.9945249917673884,0.00091826689173315,-0.0006413333250324359,-0.0008559359131798915,0.9999994280325423,0.0017079683020710945,-0.000709120009560138,-0.0001762192987371236,0.004877667408436537,0.018196113407611847,-0.002256065607070923,-0.011885431595146656,0.015538016334176064,-0.011157078668475151,0.9945252089090424,-0.10449672197165993,0.0005483800113196997,0.10449619282491773,0.9945249917673884,0.00091826689173315,-0.0006413333250324359,-0.0008559359131798915,0.9999994280325423,0.0017079683020710945,-0.000709120009560138,-0.0001762192987371236,42.98103030880652,0.0007707613334676887,0.005038440608291254,-0.00017967887042534412,42.98103030880652,0.0007707613334676887,0.005038440608291254,-0.00017967887042534412,0.010467729531228542,0.012636573985219002,0.008300960063934326,0.0,0.0,0.0,0.9944983070841081,-0.10475264773189752,0.0,0.10475264773189752,0.9944983070841081,0.0,0.0,0.0,1.0,0.0,0.0,0.0
21,1775071149587767782,0.209957945,209,9.973619,0.29196800460340455,42.98157866793634,0.693251268837683,-0.693251268837683,0.004877667408436537,0.018196113407611847,-0.002256065607070923,-0.011885431595146656,0.015538016334176064,-0.011157078668475151,0.9945252089090424,-0.10449672197165993,0.0005483800113196997,0.10449619282491773,0.9945249917673884,0.00091826689173315,-0.0006413333250324359,-0.0008559359131798915,0.9999994280325423,0.0017079683020710945,-0.000709120009560138,-0.0001762192987371236,0.004877667408436537,0.018196113407611847,-0.002256065607070923,-0.011885431595146656,0.015538016334176064,-0.011157078668475151,0.9945252089090424,-0.10449672197165993,0.0005483800113196997,0.10449619282491773,0.9945249917673884,0.00091826689173315,-0.0006413333250324359,-0.0008559359131798915,0.9999994280325423,0.0017079683020710945,-0.000709120009560138,-0.0001762192987371236,42.98157866793634,0.0007707167622930771,0.00503839607680243,-0.00017967887989025818,42.98157866793634,0.0007707167622930771,0.00503839607680243,-0.00017967887989025818,0.010467729531228542,0.012636573985219002,0.008300960063934326,0.0,0.0,0.0,0.9944983070841081,-0.10475264773189752,0.0,0.10475264773189752,0.9944983070841081,0.0,0.0,0.0,1.0,0.0,0.0,0.0
22,1775071149597782957,0.21997312,219,10.015175,0.3078579975408502,42.989790605173326,0.6933837194382795,-0.6933837194382795,0.004748351406306028,0.018291892483830452,-0.0024895668029785156,-0.012017492204904556,0.01548398844897747,-0.011316533200442791,0.9945254399792312,-0.10449389448834134,0.0005521576421635681,0.10449335824488326,0.9945252201251371,0.0009242548225466864,-0.000645713594394106,-0.0008614981095829994,0.9999994204373467,0.0005702152266167104,-0.0005374751053750515,0.0005296226590871811,0.004748351406306028,0.018291892483830452,-0.0024895668029785156,-0.012017492204904556,0.01548398844897747,-0.011316533200442791,0.9945254399792312,-0.10449389448834134,0.0005521576421635681,0.10449335824488326,0.9945252201251371,0.0009242548225466864,-0.000645713594394106,-0.0008614981095829994,0.9999994204373467,0.0005702152266167104,-0.0005374751053750515,0.0005296226590871811,42.989790605173326,0.001036172242813611,0.005047088504971948,-0.0002878273487709184,42.989790605173326,0.001036172242813611,0.005047088504971948,-0.0002878273487709184,0.010467729531228542,0.012636573985219002,0.008300960063934326,0.0,0.0,0.0,0.9944983070841081,-0.10475264773189752,0.0,0.10475264773189752,0.9944983070841081,0.0,0.0,0.0,1.0,0.0,0.0,0.0
23,1775071149607787129,0.229977292,229,10.004172,0.48026400327216834,43.010030934164014,0.6937101763574841,-0.6937101763574841,0.004362697247415781,0.018582116812467575,-0.003155753016471863,-0.012354220263659954,0.015507753007113934,-0.011603928171098232,0.9945255061342019,-0.10449265953431386,0.0005500427689478435,0.10449211956265048,0.9945252774526884,0.0009328730082706583,-0.0006445098184729202,-0.0008702908658165739,0.9999994136002797,0.0006198498886078596,0.0004387281078379601,-0.0006624833331443369,0.004362697247415781,0.018582116812467575,-0.003155753016471863,-0.012354220263659954,0.015507753007113934,-0.011603928171098232,0.9945255061342019,-0.10449265953431386,0.0005500427689478435,0.10449211956265048,0.9945252774526884,0.0009328730082706583,-0.0006445098184729202,-0.0008702908658165739,0.9999994136002797,0.0006198498886078596,0.0004387281078379601,-0.0006624833331443369,43.010030934164014,0.0010295542527112914,0.004916412650867491,-0.00010999011932467758,43.010030934164014,0.0010295542527112914,0.004916412650867491,-0.00010999011932467758,0.010467729531228542,0.012636573985219002,0.008300960063934326,0.0,0.0,0.0,0.9944983070841081,-0.10475264773189752,0.0,0.10475264773189752,0.9944983070841081,0.0,0.0,0.0,1.0,0.0,0.0,0.0
24,1775071149617739140,0.239929303,239,9.952011,0.2681839978322387,43.01686070618532,0.693820333970731,-0.693820333970731,0.0042497944086790085,0.01866081729531288,-0.0033630579710006714,-0.012434436939656734,0.01540416106581688,-0.011702025309205055,0.994525515678555,-0.10449248181358795,0.0005486075848009902,0.1044919427037807,0.9945252855485819,0.0009334752548561705,-0.0006431452745367765,-0.0008710398896554523,0.9999994138266564,3.3911404898390174e-05,-0.0006607160321436822,-0.0003830894420389086,0.0042497944086790085,0.01866081729531288,-0.0033630579710006714,-0.012434436939656734,0.01540416106581688,-0.011702025309205055,0.994525515678555,-0.10449248181358795,0.0005486075848009902,0.1044919427037807,0.9945252855485819,0.0009334752548561705,-0.0006431452745367765,-0.0008710398896554523,0.9999994138266564,3.3911404898390174e-05,-0.0006607160321436822,-0.0003830894420389086,43.01686070618532,0.0011599038701167316,0.005216192323884721,-0.000152041282148313,43.01686070618532,0.0011599038701167316,0.005216192323884721,-0.000152041282148313,0.010467729531228542,0.012636573985219002,0.008300960063934326,0.0,0.0,0.0,0.9944983070841081,-0.10475264773189752,0.0,0.10475264773189752,0.9944983070841081,0.0,0.0,0.0,1.0,0.0,0.0,0.0
25,1775071149627823042,0.250013205,250,10.083902,0.549413998669479,43.01747326461368,0.6938302139453819,-0.6938302139453819,0.0042497944086790085,0.01866081729531288,-0.0033630579710006714,-0.012434436939656734,0.01540416106581688,-0.011702025309205055,0.994525515678555,-0.10449248181358795,0.0005486075848009902,0.1044919427037807,0.9945252855485819,0.0009334752548561705,-0.0006431452745367765,-0.0008710398896554523,0.9999994138266564,3.3911404898390174e-05,-0.0006607160321436822,-0.0003830894420389086,0.0042497944086790085,0.01866081729531288,-0.0033630579710006714,-0.012434436939656734,0.01540416106581688,-0.011702025309205055,0.994525515678555,-0.10449248181358795,0.0005486075848009902,0.1044919427037807,0.9945252855485819,0.0009334752548561705,-0.0006431452745367765,-0.0008710398896554523,0.9999994138266564,3.3911404898390174e-05,-0.0006607160321436822,-0.0003830894420389086,43.01747326461368,0.0011598539991995542,0.005216139924671486,-0.0001520412934398491,43.01747326461368,0.0011598539991995542,0.005216139924671486,-0.0001520412934398491,0.010467729531228542,0.012636573985219002,0.008300960063934326,0.0,0.0,0.0,0.9944983070841081,-0.10475264773189752,0.0,0.10475264773189752,0.9944983070841081,0.0,0.0,0.0,1.0,0.0,0.0,0.0
26,1775071149637785181,0.259975344,259,9.962139,0.2853010009857826,43.03090021338561,0.6940467776352517,-0.6940467776352517,0.004024305380880833,0.018819550052285194,-0.0037710368633270264,-0.012654813937842846,0.015362477861344814,-0.011937328614294529,0.9945254433175028,-0.10449390946012738,0.0005589782476781791,0.10449335897941348,0.9945252167868655,0.0009370597539411479,-0.0006538348941868572,-0.0008735202315786816,0.9999994047310306,0.0005662008188664913,-0.00043988070683553815,-0.0005592948291450739,0.004024305380880833,0.018819550052285194,-0.0037710368633270264,-0.012654813937842846,0.015362477861344814,-0.011937328614294529,0.9945254433175028,-0.10449390946012738,0.0005589782476781791,0.10449335897941348,0.9945252167868655,0.0009370597539411479,-0.0006538348941868572,-0.0008735202315786816,0.9999994047310306,0.0005662008188664913,-0.00043988070683553815,-0.0005592948291450739,43.03090021338561,0.0010206369982340938,0.005259424112075447,-0.0001244759232980723,43.03090021338561,0.0010206369982340938,0.005259424112075447,-0.0001244759232980723,0.010467729531228542,0.012636573985219002,0.008300960063934326,0.0,0.0,0.0,0.9944983070841081,-0.10475264773189752,0.0,0.10475264773189752,0.9944983070841081,0.0,0.0,0.0,1.0,0.0,0.0,0.0
27,1775071149647693207,0.26988337,269,9.908026,0.2975910028908402,43.04369360920205,0.6942531227290654,-0.6942531227290654,0.003816364798694849,0.01896902173757553,-0.004173502326011658,-0.012818992137908936,0.015244727954268456,-0.012132702395319939,0.9945264796560679,-0.10448381877278723,0.0005624587441755719,0.10448326042592893,0.9945262489637713,0.0009444019488212491,-0.0006580546320417218,-0.0008804652071975182,0.9999993958724059,0.0003866726183332503,-0.0010702847503125668,0.001327494508586824,0.003816364798694849,0.01896902173757553,-0.004173502326011658,-0.012818992137908936,0.015244727954268456,-0.012132702395319939,0.9945264796560679,-0.10448381877278723,0.0005624587441755719,0.10448326042592893,0.9945262489637713,0.0009444019488212491,-0.0006580546320417218,-0.0008804652071975182,0.9999993958724059,0.0003866726183332503,-0.0010702847503125668,0.001327494508586824,43.04369360920205,0.0010349590230909025,0.005483008784331133,-0.0004156166970324811,43.04369360920205,0.0010349590230909025,0.005483008784331133,-0.0004156166970324811,0.010467729531228542,0.012636573985219002,0.008300960063934326,0.0,0.0,0.0,0.9944983070841081,-0.10475264773189752,0.0,0.10475264773189752,0.9944983070841081,0.0,0.0,0.0,1.0,0.0,0.0,0.0
28,1775071149657766052,0.279956215,279,10.072845,0.32432300213258713,43.05077180537078,0.6943672871833997,-0.6943672871833997,0.003721247659996152,0.019038623198866844,-0.004373177886009216,-0.012857893481850624,0.015229417942464352,-0.012259271927177906,0.9945274474416849,-0.10447496054803529,0.0005693450059275282,0.10447439980436157,0.9945272261315224,0.0009388922657132866,-0.0006643197074253319,-0.000874272125094451,0.9999993971636576,-0.0011290432885289192,-0.0012656759936362505,0.0007927606930024922,0.003721247659996152,0.019038623198866844,-0.004373177886009216,-0.012857893481850624,0.015229417942464352,-0.012259271927177906,0.9945274474416849,-0.10447496054803529,0.0005693450059275282,0.10447439980436157,0.9945272261315224,0.0009388922657132866,-0.0006643197074253319,-0.000874272125094451,0.9999993971636576,-0.0011290432885289192,-0.0012656759936362505,0.0007927606930024922,43.05077180537078,0.0014306966567521609,0.00556881513577066,-0.00034253062343952116,43.05077180537078,0.0014306966567521609,0.00556881513577066,-0.00034253062343952116,0.010467729531228542,0.012636573985219002,0.008300960063934326,0.0,0.0,0.0,0.9944983070841081,-0.10475264773189752,0.0,0.10475264773189752,0.9944983070841081,0.0,0.0,0.0,1.0,0.0,0.0,0.0
29,1775071149667777590,0.289967753,289,10.011538,0.36149299558019266,43.05143263566456,0.6943779457365252,-0.6943779457365252,0.003721247659996152,0.019038623198866844,-0.004373177886009216,-0.012857893481850624,0.015229417942464352,-0.012259271927177906,0.9945274474416849,-0.10447496054803529,0.0005693450059275282,0.10447439980436157,0.9945272261315224,0.0009388922657132866,-0.0006643197074253319,-0.000874272125094451,0.9999993971636576,-0.0011290432885289192,-0.0012656759936362505,0.0007927606930024922,0.003721247659996152,0.019038623198866844,-0.004373177886009216,-0.012857893481850624,0.015229417942464352,-0.012259271927177906,0.9945274474416849,-0.10447496054803529,0.0005693450059275282,0.10447439980436157,0.9945272261315224,0.0009388922657132866,-0.0006643197074253319,-0.000874272125094451,0.9999993971636576,-0.0011290432885289192,-0.0012656759936362505,0.0007927606930024922,43.05143263566456,0.001430642995235051,0.005568756356932217,-0.00034253063602971253,43.05143263566456,0.001430642995235051,0.005568756356932217,-0.00034253063602971253,0.010467729531228542,0.012636573985219002,0.008300960063934326,0.0,0.0,0.0,0.9944983070841081,-0.10475264773189752,0.0,0.10475264773189752,0.9944983070841081,0.0,0.0,0.0,1.0,0.0,0.0,0.0
30,1775071149677776891,0.299967054,299,9.999301,0.27831600164063275,43.056800983072165,0.6944645319850349,-0.6944645319850349,0.0036262860521674156,0.019109109416604042,-0.004551589488983154,-0.012899634428322315,0.015168769285082817,-0.012293127365410328,0.9945282886169036,-0.10446699424473604,0.0005723247846008365,0.10446642723578492,0.9945280644764711,0.0009443784352599679,-0.0006678492928383437,-0.0008794223161301875,0.9999993902967246,0.0014106642920523882,-3.5500997910276055e-05,0.0003915109555236995,0.0036262860521674156,0.019109109416604042,-0.004551589488983154,-0.012899634428322315,0.015168769285082817,-0.012293127365410328,0.9945282886169036,-0.10446699424473604,0.0005723247846008365,0.10446642723578492,0.9945280644764711,0.0009443784352599679,-0.0006678492928383437,-0.0008794223161301875,0.9999993902967246,0.0014106642920523882,-3.5500997910276055e-05,0.0003915109555236995,43.056800983072165,0.0007761670516000866,0.005287996230096849,-0.0002887622390115462,43.056800983072165,0.0007761670516000866,0.005287996230096849,-0.0002887622390115462,0.010467729531228542,0.012636573985219002,0.008300960063934326,0.0,0.0,0.0,0.9944983070841081,-0.10475264773189752,0.0,0.10475264773189752,0.9944983070841081,0.0,0.0,0.0,1.0,0.0,0.0,0.0
