step,timestamp_ns,experiment_time_s,reference_index,tick_dt_ms,solver_ms,px4_collective_command_newton,px4_collective_normalized,px4_thrust_body_z,state_raw_0,state_raw_1,state_raw_2,state_raw_3,state_raw_4,state_raw_5,state_raw_6,state_raw_7,state_raw_8,state_raw_9,state_raw_10,state_raw_11,state_raw_12,state_raw_13,state_raw_14,state_raw_15,state_raw_16,state_raw_17,state_used_0,state_used_1,state_used_2,state_used_3,state_used_4,state_used_5,state_used_6,state_used_7,state_used_8,state_used_9,state_used_10,state_used_11,state_used_12,state_used_13,state_used_14,state_used_15,state_used_16,state_used_17,control_raw_0,control_raw_1,control_raw_2,control_raw_3,control_used_0,control_used_1,control_used_2,control_used_3,reference_0,reference_1,reference_2,reference_3,reference_4,reference_5,reference_6,reference_7,reference_8,reference_9,reference_10,reference_11,reference_12,reference_13,reference_14,reference_15,reference_16,reference_17
0,1774890249933646262,0.0,0,0.0,0.6499249993794365,42.8172323936698,0.6906005224785451,-0.6906005224785451,0.015504194423556328,-0.04304638132452965,0.015123039484024048,0.008120923303067684,0.0013868095120415092,-0.015301434323191643,0.9944656188930941,-0.1050612935828632,0.0006923152981044289,0.10506150697259597,0.9944657981050903,-0.00027932435841691167,-0.0006591376689165304,0.00035051405479627484,0.9999997213387045,0.0002557836123742163,0.00013665779260918498,-0.0011695382418110967,0.015504194423556328,-0.04304638132452965,0.015123039484024048,0.008120923303067684,0.0013868095120415092,-0.015301434323191643,0.9944656188930941,-0.1050612935828632,0.0006923152981044289,0.10506150697259597,0.9944657981050903,-0.00027932435841691167,-0.0006591376689165304,0.00035051405479627484,0.9999997213387045,0.0002557836123742163,0.00013665779260918498,-0.0011695382418110967,42.8172323936698,0.0012030499792052144,0.00013372659133513383,0.00016150934050638782,42.8172323936698,0.0012030499792052144,0.00013372659133513383,0.00016150934050638782,0.01575886830687523,-0.04399513080716133,0.016903981566429138,0.0,0.0,0.0,0.9944638946836393,-0.10507846886723282,0.0006632382469963765,0.10507871430661586,0.9944640294973595,-0.00034665462743818827,-0.000623140596820641,0.00041442755651277703,0.9999997199728052,0.0,0.0,0.0
1,1774890249943745397,0.010099135,10,10.099135,0.7078089993228787,42.82137873379587,0.6906673989321914,-0.6906673989321914,0.015475493855774403,-0.04298390448093414,0.014995545148849487,0.00802916195243597,0.0013935200404375792,-0.01537844818085432,0.9944662114299649,-0.1050547383185183,0.000690419863944431,0.10505494326686238,0.9944663934669802,-0.00026750440362376116,-0.0006584967433442973,0.0003385561009524203,0.9999997258808677,0.0011580610880628228,0.00042941159335896373,0.0007320614531636238,0.015475493855774403,-0.04298390448093414,0.014995545148849487,0.00802916195243597,0.0013935200404375792,-0.01537844818085432,0.9944662114299649,-0.1050547383185183,0.000690419863944431,0.10505494326686238,0.9944663934669802,-0.00026750440362376116,-0.0006584967433442973,0.0003385561009524203,0.9999997258808677,0.0011580610880628228,0.00042941159335896373,0.0007320614531636238,42.82137873379587,0.0009547779512538777,7.897488916407915e-05,-0.00012899438403071565,42.82137873379587,0.0009547779512538777,7.897488916407915e-05,-0.00012899438403071565,0.01575886830687523,-0.04399513080716133,0.016903981566429138,0.0,0.0,0.0,0.9944638946836393,-0.10507846886723282,0.0006632382469963765,0.10507871430661586,0.9944640294973595,-0.00034665462743818827,-0.000623140596820641,0.00041442755651277703,0.9999997199728052,0.0,0.0,0.0
2,1774890249953559001,0.019912739,19,9.813604,0.4691009999078233,42.82706859904221,0.6907591709522937,-0.6907591709522937,0.015392995439469814,-0.04285440966486931,0.01478680968284607,0.007795692887157202,0.0014649619115516543,-0.015424510464072227,0.9944670780645717,-0.1050462340463374,0.0006908700641733417,0.10504643160184268,0.9944672642076304,-0.00025606669663399105,-0.0006601488281848065,0.00032722335390700415,0.9999997285641586,-0.0002286233939230442,-0.0004695239767897874,0.0009432720253244042,0.015392995439469814,-0.04285440966486931,0.01478680968284607,0.007795692887157202,0.0014649619115516543,-0.015424510464072227,0.9944670780645717,-0.1050462340463374,0.0006908700641733417,0.10504643160184268,0.9944672642076304,-0.00025606669663399105,-0.0006601488281848065,0.00032722335390700415,0.9999997285641586,-0.0002286233939230442,-0.0004695239767897874,0.0009432720253244042,42.82706859904221,0.0012973667780715305,0.0003657916773018371,-0.00016751618932537337,42.82706859904221,0.0012973667780715305,0.0003657916773018371,-0.00016751618932537337,0.01575886830687523,-0.04399513080716133,0.016903981566429138,0.0,0.0,0.0,0.9944638946836393,-0.10507846886723282,0.0006632382469963765,0.10507871430661586,0.9944640294973595,-0.00034665462743818827,-0.000623140596820641,0.00041442755651277703,0.9999997199728052,0.0,0.0,0.0
3,1774890249963673424,0.030027162,30,10.114423,0.4921440004181932,42.82975130555874,0.6908024404122377,-0.6908024404122377,0.015353907831013203,-0.042792584747076035,0.014677375555038452,0.00768879521638155,0.0014390285359695554,-0.0154209453612566,0.9944664774621116,-0.10505296692684718,0.000685729083212145,0.10505316478182158,0.9944666592313355,-0.0002590888465264594,-0.0006547166279054408,0.00032969310441910774,0.9999997313242817,-0.001027205609716475,0.000642730388790369,-0.0017683313926681876,0.015353907831013203,-0.042792584747076035,0.014677375555038452,0.00768879521638155,0.0014390285359695554,-0.0154209453612566,0.9944664774621116,-0.10505296692684718,0.000685729083212145,0.10505316478182158,0.9944666592313355,-0.0002590888465264594,-0.0006547166279054408,0.00032969310441910774,0.9999997313242817,-0.001027205609716475,0.000642730388790369,-0.0017683313926681876,42.82975130555874,0.0015042687732841073,0.00010159343086722486,0.00024463165962319605,42.82975130555874,0.0015042687732841073,0.00010159343086722486,0.00024463165962319605,0.01575886830687523,-0.04399513080716133,0.016903981566429138,0.0,0.0,0.0,0.9944638946836393,-0.10507846886723282,0.0006632382469963765,0.10507871430661586,0.9944640294973595,-0.00034665462743818827,-0.000623140596820641,0.00041442755651277703,0.9999997199728052,0.0,0.0,0.0
4,1774890249973587330,0.039941068,39,9.913906,1.154291000602825,42.8318719029232,0.6908366435955354,-0.6908366435955354,0.015316160395741463,-0.04273306578397751,0.014566987752914429,0.007601053919643164,0.0014225925551727414,-0.015372202731668949,0.9944661209397434,-0.10505651203071986,0.0006934434209506096,0.10505671479939527,0.9944663066010453,-0.00026266262255039176,-0.0006620116594427319,0.00033405986605190147,0.9999997250722735,-0.0008011719910427928,-0.0011398674687370658,-0.0002083143190247938,0.015316160395741463,-0.04273306578397751,0.014566987752914429,0.007601053919643164,0.0014225925551727414,-0.015372202731668949,0.9944661209397434,-0.10505651203071986,0.0006934434209506096,0.10505671479939527,0.9944663066010453,-0.00026266262255039176,-0.0006620116594427319,0.00033405986605190147,0.9999997250722735,-0.0008011719910427928,-0.0011398674687370658,-0.0002083143190247938,42.8318719029232,0.0014585575371261349,0.0005895717710990618,1.3485089595276406e-05,42.8318719029232,0.0014585575371261349,0.0005895717710990618,1.3485089595276406e-05,0.01575886830687523,-0.04399513080716133,0.016903981566429138,0.0,0.0,0.0,0.9944638946836393,-0.10507846886723282,0.0006632382469963765,0.10507871430661586,0.9944640294973595,-0.00034665462743818827,-0.000623140596820641,0.00041442755651277703,0.9999997199728052,0.0,0.0,0.0
5,1774890249983604924,0.049958662,49,10.017594,0.5001259996788576,42.83480465242848,0.6908839460069109,-0.6908839460069109,0.015274234116077423,-0.04267701879143715,0.014475524425506592,0.007535224314779043,0.0014253798872232437,-0.01542006153613329,0.9944663262806338,-0.10505420707405388,0.0006904271499992079,0.10505441061627607,0.9944665090442973,-0.00026536587625707736,-0.0006587288514715642,0.00033642978164346443,0.9999997264456307,-0.00019524771778378636,0.0009156637825071812,0.00026348658138886094,0.015274234116077423,-0.04267701879143715,0.014475524425506592,0.007535224314779043,0.0014253798872232437,-0.01542006153613329,0.9944663262806338,-0.10505420707405388,0.0006904271499992079,0.10505441061627607,0.9944665090442973,-0.00026536587625707736,-0.0006587288514715642,0.00033642978164346443,0.9999997264456307,-0.00019524771778378636,0.0009156637825071812,0.00026348658138886094,42.83480465242848,0.0013194513685457052,8.76099479314737e-05,-5.913824580592726e-05,42.83480465242848,0.0013194513685457052,8.76099479314737e-05,-5.913824580592726e-05,0.01575886830687523,-0.04399513080716133,0.016903981566429138,0.0,0.0,0.0,0.9944638946836393,-0.10507846886723282,0.0006632382469963765,0.10507871430661586,0.9944640294973595,-0.00034665462743818827,-0.000623140596820641,0.00041442755651277703,0.9999997199728052,0.0,0.0,0.0
6,1774890249993783699,0.060137437,60,10.178775,0.7833810004740371,42.84175229621611,0.6909960047776792,-0.6909960047776792,0.015194796025753021,-0.04257025197148323,0.014285877346992493,0.007275045849382877,0.0015085522318258882,-0.015595401637256145,0.9944669899352413,-0.10504800477428411,0.0006946976725685471,0.10504821078808702,0.9944671749951574,-0.00026692728664566914,-0.0006628138243758748,0.000338427048039016,0.9999997230724654,-0.0002653412811923772,-0.0004898020415566862,-0.00036103458842262626,0.015194796025753021,-0.04257025197148323,0.014285877346992493,0.007275045849382877,0.0015085522318258882,-0.015595401637256145,0.9944669899352413,-0.10504800477428411,0.0006946976725685471,0.10504821078808702,0.9944671749951574,-0.00026692728664566914,-0.0006628138243758748,0.000338427048039016,0.9999997230724654,-0.0002653412811923772,-0.0004898020415566862,-0.00036103458842262626,42.84175229621611,0.0013643741778891,0.000515489689938298,2.955139920217418e-05,42.84175229621611,0.0013643741778891,0.000515489689938298,2.955139920217418e-05,0.01575886830687523,-0.04399513080716133,0.016903981566429138,0.0,0.0,0.0,0.9944638946836393,-0.10507846886723282,0.0006632382469963765,0.10507871430661586,0.9944640294973595,-0.00034665462743818827,-0.000623140596820641,0.00041442755651277703,0.9999997199728052,0.0,0.0,0.0
7,1774890250003597146,0.069950884,69,9.813447,0.6024739996064454,42.84475879597731,0.6910444967093115,-0.6910444967093115,0.0151570038869977,-0.04251941293478012,0.014187827706336975,0.007203357294201851,0.0015254521276801825,-0.015635931864380836,0.9944677963388073,-0.10504073806973091,0.0006989131752571827,0.10504095023160986,0.99446798177799,-0.00027401044182698286,-0.0006662644726433686,0.0003459089493949956,0.9999997182193169,-0.0013975105248391628,-0.0009316810755990446,0.000839992193505168,0.0151570038869977,-0.04251941293478012,0.014187827706336975,0.007203357294201851,0.0015254521276801825,-0.015635931864380836,0.9944677963388073,-0.10504073806973091,0.0006989131752571827,0.10504095023160986,0.99446798177799,-0.00027401044182698286,-0.0006662644726433686,0.0003459089493949956,0.9999997182193169,-0.0013975105248391628,-0.0009316810755990446,0.000839992193505168,42.84475879597731,0.0016727954345725582,0.000656901570382686,-0.00015644798085956324,42.84475879597731,0.0016727954345725582,0.000656901570382686,-0.00015644798085956324,0.01575886830687523,-0.04399513080716133,0.016903981566429138,0.0,0.0,0.0,0.9944638946836393,-0.10507846886723282,0.0006632382469963765,0.10507871430661586,0.9944640294973595,-0.00034665462743818827,-0.000623140596820641,0.00041442755651277703,0.9999997199728052,0.0,0.0,0.0
8,1774890250013651308,0.080005046,80,10.054162,0.6897009998283465,42.84744375180446,0.691087802448459,-0.691087802448459,0.015106778591871262,-0.042456626892089844,0.014103963971138,0.007109548430889845,0.0015655291499570012,-0.015677155926823616,0.9944678057899882,-0.10504056112297788,0.0006942819757309003,0.10504076800268591,0.9944679900598811,-0.0002684491619903938,-0.0006622431114414913,0.0003398918588999149,0.9999997229537818,0.000999798416160047,0.0010713149094954133,0.00014002877287566662,0.015106778591871262,-0.042456626892089844,0.014103963971138,0.007109548430889845,0.0015655291499570012,-0.015677155926823616,0.9944678057899882,-0.10504056112297788,0.0006942819757309003,0.10504076800268591,0.9944679900598811,-0.0002684491619903938,-0.0006622431114414913,0.0003398918588999149,0.9999997229537818,0.000999798416160047,0.0010713149094954133,0.00014002877287566662,42.84744375180446,0.001072889265730418,0.00017149466931256445,-5.159632850936028e-05,42.84744375180446,0.001072889265730418,0.00017149466931256445,-5.159632850936028e-05,0.01575886830687523,-0.04399513080716133,0.016903981566429138,0.0,0.0,0.0,0.9944638946836393,-0.10507846886723282,0.0006632382469963765,0.10507871430661586,0.9944640294973595,-0.00034665462743818827,-0.000623140596820641,0.00041442755651277703,0.9999997199728052,0.0,0.0,0.0
9,1774890250023728961,0.090082699,90,10.077653,0.4105400003027171,42.85050691273026,0.6911372082698429,-0.6911372082698429,0.01505836471915245,-0.04239566624164581,0.014019608497619629,0.007022659294307232,0.0016225791769102216,-0.015746155753731728,0.9944680099634151,-0.1050382579307334,0.0006894122992107815,0.10503845803184264,0.9944681936342168,-0.0002606592631389619,-0.0006582193848904579,0.00033163204175361283,0.9999997283836947,0.0004045876848977059,0.0005099073168821633,-0.0004617651866283268,0.01505836471915245,-0.04239566624164581,0.014019608497619629,0.007022659294307232,0.0016225791769102216,-0.015746155753731728,0.9944680099634151,-0.1050382579307334,0.0006894122992107815,0.10503845803184264,0.9944681936342168,-0.0002606592631389619,-0.0006582193848904579,0.00033163204175361283,0.9999997283836947,0.0004045876848977059,0.0005099073168821633,-0.0004617651866283268,42.85050691273026,0.0012188213036001445,0.0003254064973192439,3.6819497017337525e-05,42.85050691273026,0.0012188213036001445,0.0003254064973192439,3.6819497017337525e-05,0.01575886830687523,-0.04399513080716133,0.016903981566429138,0.0,0.0,0.0,0.9944638946836393,-0.10507846886723282,0.0006632382469963765,0.10507871430661586,0.9944640294973595,-0.00034665462743818827,-0.000623140596820641,0.00041442755651277703,0.9999997199728052,0.0,0.0,0.0
10,1774890250033550277,0.099904015,99,9.821316,0.6099680003899266,42.854970205398885,0.6912091968612724,-0.6912091968612724,0.014967231079936028,-0.04227937012910843,0.013844698667526245,0.006873244885355234,0.0016446769004687667,-0.01575630158185959,0.9944658984092904,-0.10505739993157426,0.0006907867791361658,0.10505759438643159,0.994466086008456,-0.00025140903897090047,-0.0006605516524158979,0.00032259013251526546,0.9999997298035188,0.00012712209718301892,9.369068720843643e-05,-0.0019535759929567575,0.014967231079936028,-0.04227937012910843,0.013844698667526245,0.006873244885355234,0.0016446769004687667,-0.01575630158185959,0.9944658984092904,-0.10505739993157426,0.0006907867791361658,0.10505759438643159,0.994466086008456,-0.00025140903897090047,-0.0006605516524158979,0.00032259013251526546,0.9999997298035188,0.00012712209718301892,9.369068720843643e-05,-0.0019535759929567575,42.854970205398885,0.0012797237981749061,0.0004766177998366149,0.00027599714029096086,42.854970205398885,0.0012797237981749061,0.0004766177998366149,0.00027599714029096086,0.01575886830687523,-0.04399513080716133,0.016903981566429138,0.0,0.0,0.0,0.9944638946836393,-0.10507846886723282,0.0006632382469963765,0.10507871430661586,0.9944640294973595,-0.00034665462743818827,-0.000623140596820641,0.00041442755651277703,0.9999997199728052,0.0,0.0,0.0
11,1774890250043683520,0.110037258,110,10.133243,0.5357639993235352,42.85719761128486,0.691245122762659,-0.691245122762659,0.014908511191606522,-0.04217683523893356,0.01379084587097168,0.006757088005542755,0.0016915351152420044,-0.015816068276762962,0.9944659433072941,-0.10505651328172894,0.0006900842539403138,0.10505670884165785,0.9944661297897385,-0.0002534277242026914,-0.0006596412099768925,0.00032452328580725304,0.9999997297790019,-0.0008005881099961698,0.0002922859275713563,0.0005574952811002731,0.014908511191606522,-0.04217683523893356,0.01379084587097168,0.006757088005542755,0.0016915351152420044,-0.015816068276762962,0.9944659433072941,-0.10505651328172894,0.0006900842539403138,0.10505670884165785,0.9944661297897385,-0.0002534277242026914,-0.0006596412099768925,0.00032452328580725304,0.9999997297790019,-0.0008005881099961698,0.0002922859275713563,0.0005574952811002731,42.85719761128486,0.0015357721452604288,0.0004584355616220559,-0.00010137392821987104,42.85719761128486,0.0015357721452604288,0.0004584355616220559,-0.00010137392821987104,0.01575886830687523,-0.04399513080716133,0.016903981566429138,0.0,0.0,0.0,0.9944638946836393,-0.10507846886723282,0.0006632382469963765,0.10507871430661586,0.9944640294973595,-0.00034665462743818827,-0.000623140596820641,0.00041442755651277703,0.9999997199728052,0.0,0.0,0.0
12,1774890250053599186,0.119952924,119,9.915666,0.4128849996050121,42.86077372809917,0.6913028020661156,-0.6913028020661156,0.014797195792198181,-0.041979312896728516,0.013674437999725342,0.006583590526133776,0.0018395737279206514,-0.015864575281739235,0.9944665842421516,-0.1050526124940594,0.0006832559735337647,0.10505280804787498,0.9944667651431258,-0.00025681098569994495,-0.0006524966381218113,0.0003271677627540402,0.9999997336046974,-0.0004709318745881319,0.0007437842432409525,6.0124657466076314e-05,0.014797195792198181,-0.041979312896728516,0.013674437999725342,0.006583590526133776,0.0018395737279206514,-0.015864575281739235,0.9944665842421516,-0.1050526124940594,0.0006832559735337647,0.10505280804787498,0.9944667651431258,-0.00025681098569994495,-0.0006524966381218113,0.0003271677627540402,0.9999997336046974,-0.0004709318745881319,0.0007437842432409525,6.0124657466076314e-05,42.86077372809917,0.0015112504794903361,0.0003832961559597893,-2.9929793502929553e-05,42.86077372809917,0.0015112504794903361,0.0003832961559597893,-2.9929793502929553e-05,0.01575886830687523,-0.04399513080716133,0.016903981566429138,0.0,0.0,0.0,0.9944638946836393,-0.10507846886723282,0.0006632382469963765,0.10507871430661586,0.9944640294973595,-0.00034665462743818827,-0.000623140596820641,0.00041442755651277703,0.9999997199728052,0.0,0.0,0.0
13,1774890250063727243,0.130080981,130,10.128057,0.49858500005939277,42.86302829792237,0.691339166095522,-0.691339166095522,0.014744127169251442,-0.04188404604792595,0.01361227035522461,0.006522752344608307,0.0018329479498788714,-0.015910450369119644,0.994466097160333,-0.10505527049866759,0.0006826375316197758,0.10505546654535847,0.9944662773082851,-0.00025787666061552125,-0.0006517687213307734,0.0003281644489596669,0.999999733752766,5.824388063047081e-05,-9.211886208504438e-06,-0.0006626690737903118,0.014744127169251442,-0.04188404604792595,0.01361227035522461,0.006522752344608307,0.0018329479498788714,-0.015910450369119644,0.994466097160333,-0.10505527049866759,0.0006826375316197758,0.10505546654535847,0.9944662773082851,-0.00025787666061552125,-0.0006517687213307734,0.0003281644489596669,0.999999733752766,5.824388063047081e-05,-9.211886208504438e-06,-0.0006626690737903118,42.86302829792237,0.0013902395549074099,0.0005901171149607706,8.064606084993097e-05,42.86302829792237,0.0013902395549074099,0.0005901171149607706,8.064606084993097e-05,0.01575886830687523,-0.04399513080716133,0.016903981566429138,0.0,0.0,0.0,0.9944638946836393,-0.10507846886723282,0.0006632382469963765,0.10507871430661586,0.9944640294973595,-0.00034665462743818827,-0.000623140596820641,0.00041442755651277703,0.9999997199728052,0.0,0.0,0.0
14,1774890250073782858,0.140136596,140,10.055615,0.6268260003707837,42.86417618281891,0.6913576803680469,-0.6913576803680469,0.0146790137514472,-0.04174531623721123,0.01357606053352356,0.0063912528567016125,0.0018874875968322158,-0.01591889001429081,0.9944661065650524,-0.10505686488725097,0.0006821098293299035,0.10505706247019231,0.9944662855041639,-0.00026050170907024675,-0.0006509676917463535,0.00033072046202104605,0.9999997334325145,9.544292697682977e-05,0.00030143785988911986,-0.0004166567523498088,0.0146790137514472,-0.04174531623721123,0.01357606053352356,0.0063912528567016125,0.0018874875968322158,-0.01591889001429081,0.9944661065650524,-0.10505686488725097,0.0006821098293299035,0.10505706247019231,0.9944662855041639,-0.00026050170907024675,-0.0006509676917463535,0.00033072046202104605,0.9999997334325145,9.544292697682977e-05,0.00030143785988911986,-0.0004166567523498088,42.86417618281891,0.0014122573986377336,0.0005488472725003119,4.501119528973088e-05,42.86417618281891,0.0014122573986377336,0.0005488472725003119,4.501119528973088e-05,0.01575886830687523,-0.04399513080716133,0.016903981566429138,0.0,0.0,0.0,0.9944638946836393,-0.10507846886723282,0.0006632382469963765,0.10507871430661586,0.9944640294973595,-0.00034665462743818827,-0.000623140596820641,0.00041442755651277703,0.9999997199728052,0.0,0.0,0.0
15,1774890250083849840,0.150203578,150,10.066982,0.8241730001827818,42.86474371689693,0.6913668341434989,-0.6913668341434989,0.014615672640502453,-0.04160967841744423,0.013539150357246399,0.006298346444964409,0.0019720301497727633,-0.015881305560469627,0.9944657963530346,-0.10505952291691179,0.0006833915134467766,0.10505972268166164,0.9944659752315261,-0.0002631966215760548,-0.0006519582628803575,0.0003335368731072347,0.999999731851776,-0.0003973267739638686,0.0001310860679950565,-0.0005534202209673822,0.014615672640502453,-0.04160967841744423,0.013539150357246399,0.006298346444964409,0.0019720301497727633,-0.015881305560469627,0.9944657963530346,-0.10505952291691179,0.0006833915134467766,0.10505972268166164,0.9944659752315261,-0.0002631966215760548,-0.0006519582628803575,0.0003335368731072347,0.999999731851776,-0.0003973267739638686,0.0001310860679950565,-0.0005534202209673822,42.86474371689693,0.0015734605727635896,0.0006249232644511064,6.766376138622367e-05,42.86474371689693,0.0015734605727635896,0.0006249232644511064,6.766376138622367e-05,0.01575886830687523,-0.04399513080716133,0.016903981566429138,0.0,0.0,0.0,0.9944638946836393,-0.10507846886723282,0.0006632382469963765,0.10507871430661586,0.9944640294973595,-0.00034665462743818827,-0.000623140596820641,0.00041442755651277703,0.9999997199728052,0.0,0.0,0.0
16,1774890250093570529,0.159924267,159,9.720689,0.4950140000801184,42.86627507808844,0.6913915335175556,-0.6913915335175556,0.014554349705576897,-0.041476666927337646,0.013499319553375244,0.006214709021151066,0.0020800502970814705,-0.015912719070911407,0.9944669678530834,-0.10504853340112508,0.0006841650740736782,0.10504873990293873,0.99446714387422,-0.0002731336257534578,-0.0006516873639292597,0.0003434929486822169,0.9999997286580763,-0.0012739282101392746,-0.00019200655515305698,0.0018448783084750175,0.014554349705576897,-0.041476666927337646,0.013499319553375244,0.006214709021151066,0.0020800502970814705,-0.015912719070911407,0.9944669678530834,-0.10504853340112508,0.0006841650740736782,0.10504873990293873,0.99446714387422,-0.0002731336257534578,-0.0006516873639292597,0.0003434929486822169,0.9999997286580763,-0.0012739282101392746,-0.00019200655515305698,0.0018448783084750175,42.86627507808844,0.0018532915214140417,0.0007364370437702026,-0.000300924190111278,42.86627507808844,0.0018532915214140417,0.0007364370437702026,-0.000300924190111278,0.01575886830687523,-0.04399513080716133,0.016903981566429138,0.0,0.0,0.0,0.9944638946836393,-0.10507846886723282,0.0006632382469963765,0.10507871430661586,0.9944640294973595,-0.00034665462743818827,-0.000623140596820641,0.00041442755651277703,0.9999997199728052,0.0,0.0,0.0
17,1774890250103697744,0.170051482,170,10.127215,0.6234089996723924,42.86734553968728,0.6914087990272142,-0.6914087990272142,0.014494800008833408,-0.04134650155901909,0.01345650851726532,0.006121936719864607,0.002129428321495652,-0.015902532264590263,0.9944675877825037,-0.10504321655623072,0.0006883634848933867,0.10504342772176489,0.9944677648474906,-0.00027804762270214334,-0.0006553482225026136,0.00034881725170574085,0.9999997244226198,-0.0004157171933911741,-0.0004675577802117914,0.00023523459094576538,0.014494800008833408,-0.04134650155901909,0.01345650851726532,0.006121936719864607,0.002129428321495652,-0.015902532264590263,0.9944675877825037,-0.10504321655623072,0.0006883634848933867,0.10504342772176489,0.9944677648474906,-0.00027804762270214334,-0.0006553482225026136,0.00034881725170574085,0.9999997244226198,-0.0004157171933911741,-0.0004675577802117914,0.00023523459094576538,42.86734553968728,0.0016745672186842895,0.0008446773101235366,-6.376058029003509e-05,42.86734553968728,0.0016745672186842895,0.0008446773101235366,-6.376058029003509e-05,0.01575886830687523,-0.04399513080716133,0.016903981566429138,0.0,0.0,0.0,0.9944638946836393,-0.10507846886723282,0.0006632382469963765,0.10507871430661586,0.9944640294973595,-0.00034665462743818827,-0.000623140596820641,0.00041442755651277703,0.9999997199728052,0.0,0.0,0.0
18,1774890250114187364,0.180541102,180,10.48962,0.7476930004486348,42.868462226690106,0.691426810107905,-0.691426810107905,0.014334021136164665,-0.04101583734154701,0.013402029871940613,0.005924920551478863,0.0023656650446355343,-0.015873868018388748,0.9944679990074275,-0.1050384333455594,0.0007101578387528774,0.10503865922842115,0.9944681868575161,-0.0002885299612647007,-0.0006759226120076987,0.0003615277542129477,0.9999997062131333,-0.0009506446658633649,-0.0009238910279236734,3.449002542765811e-05,0.014334021136164665,-0.04101583734154701,0.013402029871940613,0.005924920551478863,0.0023656650446355343,-0.015873868018388748,0.9944679990074275,-0.1050384333455594,0.0007101578387528774,0.10503865922842115,0.9944681868575161,-0.0002885299612647007,-0.0006759226120076987,0.0003615277542129477,0.9999997062131333,-0.0009506446658633649,-0.0009238910279236734,3.449002542765811e-05,42.868462226690106,0.001917332546937826,0.0010825954258241966,-3.749367860262841e-05,42.868462226690106,0.001917332546937826,0.0010825954258241966,-3.749367860262841e-05,0.01575886830687523,-0.04399513080716133,0.016903981566429138,0.0,0.0,0.0,0.9944638946836393,-0.10507846886723282,0.0006632382469963765,0.10507871430661586,0.9944640294973595,-0.00034665462743818827,-0.000623140596820641,0.00041442755651277703,0.9999997199728052,0.0,0.0,0.0
19,1774890250123790443,0.190144181,190,9.603079,0.8276340004158556,42.86869688058728,0.6914305948481819,-0.6914305948481819,0.014256549999117851,-0.04085497185587883,0.013370245695114136,0.005763903725892305,0.0025208652950823307,-0.015820126980543137,0.9944674949142296,-0.10504321695477059,0.0007110195568880082,0.10504344842615443,0.9944676804949524,-0.00029633050759757945,-0.0006759584285627937,0.0003693789150251772,0.9999997033196903,-0.00020862437668256462,0.0003006241749972105,-0.0006384988664649427,0.014256549999117851,-0.04085497185587883,0.013370245695114136,0.005763903725892305,0.0025208652950823307,-0.015820126980543137,0.9944674949142296,-0.10504321695477059,0.0007110195568880082,0.10504344842615443,0.9944676804949524,-0.00029633050759757945,-0.0006759584285627937,0.0003693789150251772,0.9999997033196903,-0.00020862437668256462,0.0003006241749972105,-0.0006384988664649427,42.86869688058728,0.0017983618008963107,0.0008262296378631912,6.729860271284811e-05,42.86869688058728,0.0017983618008963107,0.0008262296378631912,6.729860271284811e-05,0.01575886830687523,-0.04399513080716133,0.016903981566429138,0.0,0.0,0.0,0.9944638946836393,-0.10507846886723282,0.0006632382469963765,0.10507871430661586,0.9944640294973595,-0.00034665462743818827,-0.000623140596820641,0.00041442755651277703,0.9999997199728052,0.0,0.0,0.0
20,1774890250133734012,0.20008775,200,9.943569,0.7480110007236362,42.86887987895818,0.6914335464348094,-0.6914335464348094,0.014256549999117851,-0.04085497185587883,0.013370245695114136,0.005763903725892305,0.0025208652950823307,-0.015820126980543137,0.9944674949142296,-0.10504321695477059,0.0007110195568880082,0.10504344842615443,0.9944676804949524,-0.00029633050759757945,-0.0006759584285627937,0.0003693789150251772,0.9999997033196903,-0.00020862437668256462,0.0003006241749972105,-0.0006384988664649427,0.014256549999117851,-0.04085497185587883,0.013370245695114136,0.005763903725892305,0.0025208652950823307,-0.015820126980543137,0.9944674949142296,-0.10504321695477059,0.0007110195568880082,0.10504344842615443,0.9944676804949524,-0.00029633050759757945,-0.0006759584285627937,0.0003693789150251772,0.9999997033196903,-0.00020862437668256462,0.0003006241749972105,-0.0006384988664649427,42.86887987895818,0.0017983575089623519,0.0008262333780461445,6.729860385977268e-05,42.86887987895818,0.0017983575089623519,0.0008262333780461445,6.729860385977268e-05,0.01575886830687523,-0.04399513080716133,0.016903981566429138,0.0,0.0,0.0,0.9944638946836393,-0.10507846886723282,0.0006632382469963765,0.10507871430661586,0.9944640294973595,-0.00034665462743818827,-0.000623140596820641,0.00041442755651277703,0.9999997199728052,0.0,0.0,0.0
21,1774890250143657529,0.210011267,210,9.923517,0.6343340000967146,42.87077121153694,0.691464051798983,-0.691464051798983,0.014079002663493156,-0.04050631821155548,0.013301849365234375,0.00559617392718792,0.002774964552372694,-0.01582583785057068,0.9944688942791495,-0.10502939316842475,0.0007208479770193718,0.10502963653541819,0.994469082015174,-0.0003083911137847853,-0.0006844708817213066,0.0003823957336451314,0.9999996926365207,-0.0005245311185717583,0.0008751032873988152,0.0007624976569786668,0.014079002663493156,-0.04050631821155548,0.013301849365234375,0.00559617392718792,0.002774964552372694,-0.01582583785057068,0.9944688942791495,-0.10502939316842475,0.0007208479770193718,0.10502963653541819,0.994469082015174,-0.0003083911137847853,-0.0006844708817213066,0.0003823957336451314,0.9999996926365207,-0.0005245311185717583,0.0008751032873988152,0.0007624976569786668,42.87077121153694,0.001996578146056377,0.0007734068530807771,-0.00015397329938619992,42.87077121153694,0.001996578146056377,0.0007734068530807771,-0.00015397329938619992,0.01575886830687523,-0.04399513080716133,0.016903981566429138,0.0,0.0,0.0,0.9944638946836393,-0.10507846886723282,0.0006632382469963765,0.10507871430661586,0.9944640294973595,-0.00034665462743818827,-0.000623140596820641,0.00041442755651277703,0.9999997199728052,0.0,0.0,0.0
22,1774890250153676008,0.220029746,220,10.018479,0.9163289996649837,42.87095915718849,0.6914670831804595,-0.6914670831804595,0.014079002663493156,-0.04050631821155548,0.013301849365234375,0.00559617392718792,0.002774964552372694,-0.01582583785057068,0.9944688942791495,-0.10502939316842475,0.0007208479770193718,0.10502963653541819,0.994469082015174,-0.0003083911137847853,-0.0006844708817213066,0.0003823957336451314,0.9999996926365207,-0.0005245311185717583,0.0008751032873988152,0.0007624976569786668,0.014079002663493156,-0.04050631821155548,0.013301849365234375,0.00559617392718792,0.002774964552372694,-0.01582583785057068,0.9944688942791495,-0.10502939316842475,0.0007208479770193718,0.10502963653541819,0.994469082015174,-0.0003083911137847853,-0.0006844708817213066,0.0003823957336451314,0.9999996926365207,-0.0005245311185717583,0.0008751032873988152,0.0007624976569786668,42.87095915718849,0.0019965733478887818,0.0007734104040140478,-0.00015397329816014814,42.87095915718849,0.0019965733478887818,0.0007734104040140478,-0.00015397329816014814,0.01575886830687523,-0.04399513080716133,0.016903981566429138,0.0,0.0,0.0,0.9944638946836393,-0.10507846886723282,0.0006632382469963765,0.10507871430661586,0.9944640294973595,-0.00034665462743818827,-0.000623140596820641,0.00041442755651277703,0.9999997199728052,0.0,0.0,0.0
23,1774890250163628033,0.229981771,229,9.952025,0.8937319998949533,42.87438720727791,0.6915223743109341,-0.6915223743109341,0.013787923380732536,-0.03995370492339134,0.01318308711051941,0.005308813881129026,0.00320929242298007,-0.015856845304369926,0.9944716689568559,-0.10500404813379549,0.0007345834690605079,0.10500431584477199,0.9944718553062933,-0.00033578697482262825,-0.0006952635465005148,0.0004110649174826637,0.9999996738171069,-0.0007874591974541545,0.0006675127660855651,0.00014904387353453785,0.013787923380732536,-0.03995370492339134,0.01318308711051941,0.005308813881129026,0.00320929242298007,-0.015856845304369926,0.9944716689568559,-0.10500404813379549,0.0007345834690605079,0.10500431584477199,0.9944718553062933,-0.00033578697482262825,-0.0006952635465005148,0.0004110649174826637,0.9999996738171069,-0.0007874591974541545,0.0006675127660855651,0.00014904387353453785,42.87438720727791,0.0022776433581111126,0.0009707572998506988,-8.235870884603988e-05,42.87438720727791,0.0022776433581111126,0.0009707572998506988,-8.235870884603988e-05,0.01575886830687523,-0.04399513080716133,0.016903981566429138,0.0,0.0,0.0,0.9944638946836393,-0.10507846886723282,0.0006632382469963765,0.10507871430661586,0.9944640294973595,-0.00034665462743818827,-0.000623140596820641,0.00041442755651277703,0.9999997199728052,0.0,0.0,0.0
24,1774890250173752508,0.240106246,240,10.124475,0.5598090001512901,42.8745834035258,0.6915255387665451,-0.6915255387665451,0.013787923380732536,-0.03995370492339134,0.01318308711051941,0.005308813881129026,0.00320929242298007,-0.015856845304369926,0.9944716689568559,-0.10500404813379549,0.0007345834690605079,0.10500431584477199,0.9944718553062933,-0.00033578697482262825,-0.0006952635465005148,0.0004110649174826637,0.9999996738171069,-0.0007874591974541545,0.0006675127660855651,0.00014904387353453785,0.013787923380732536,-0.03995370492339134,0.01318308711051941,0.005308813881129026,0.00320929242298007,-0.015856845304369926,0.9944716689568559,-0.10500404813379549,0.0007345834690605079,0.10500431584477199,0.9944718553062933,-0.00033578697482262825,-0.0006952635465005148,0.0004110649174826637,0.9999996738171069,-0.0007874591974541545,0.0006675127660855651,0.00014904387353453785,42.8745834035258,0.0022776376775205005,0.0009707604978729865,-8.235870749846747e-05,42.8745834035258,0.0022776376775205005,0.0009707604978729865,-8.235870749846747e-05,0.01575886830687523,-0.04399513080716133,0.016903981566429138,0.0,0.0,0.0,0.9944638946836393,-0.10507846886723282,0.0006632382469963765,0.10507871430661586,0.9944640294973595,-0.00034665462743818827,-0.000623140596820641,0.00041442755651277703,0.9999997199728052,0.0,0.0,0.0
25,1774890250183600926,0.249954664,249,9.848418,0.5095670003356645,42.87747769043882,0.6915722208135294,-0.6915722208135294,0.013492210768163204,-0.0393565408885479,0.013087257742881775,0.005065839271992445,0.0036915563978254795,-0.015888651832938194,0.9944726134762393,-0.10499394755629443,0.000751589675235663,0.10499422999412178,0.9944728072569772,-0.00034663978831124195,-0.0007110404024675658,0.0004236363166916571,0.9999996574768613,-6.0847203712910414e-05,-0.0011097043752670288,-5.790343493572436e-07,0.013492210768163204,-0.0393565408885479,0.013087257742881775,0.005065839271992445,0.0036915563978254795,-0.015888651832938194,0.9944726134762393,-0.10499394755629443,0.000751589675235663,0.10499422999412178,0.9944728072569772,-0.00034663978831124195,-0.0007110404024675658,0.0004236363166916571,0.9999996574768613,-6.0847203712910414e-05,-0.0011097043752670288,-5.790343493572436e-07,42.87747769043882,0.002286141923709898,0.0015619332111420265,-6.803969435983332e-05,42.87747769043882,0.002286141923709898,0.0015619332111420265,-6.803969435983332e-05,0.01575886830687523,-0.04399513080716133,0.016903981566429138,0.0,0.0,0.0,0.9944638946836393,-0.10507846886723282,0.0006632382469963765,0.10507871430661586,0.9944640294973595,-0.00034665462743818827,-0.000623140596820641,0.00041442755651277703,0.9999997199728052,0.0,0.0,0.0
26,1774890250193714758,0.260068496,260,10.113832,0.5563830000028247,42.877678728042014,0.6915754633555163,-0.6915754633555163,0.013492210768163204,-0.0393565408885479,0.013087257742881775,0.005065839271992445,0.0036915563978254795,-0.015888651832938194,0.9944726134762393,-0.10499394755629443,0.000751589675235663,0.10499422999412178,0.9944728072569772,-0.00034663978831124195,-0.0007110404024675658,0.0004236363166916571,0.9999996574768613,-6.0847203712910414e-05,-0.0011097043752670288,-5.790343493572436e-07,0.013492210768163204,-0.0393565408885479,0.013087257742881775,0.005065839271992445,0.0036915563978254795,-0.015888651832938194,0.9944726134762393,-0.10499394755629443,0.000751589675235663,0.10499422999412178,0.9944728072569772,-0.00034663978831124195,-0.0007110404024675658,0.0004236363166916571,0.9999996574768613,-6.0847203712910414e-05,-0.0011097043752670288,-5.790343493572436e-07,42.877678728042014,0.0022861353389513053,0.0015619359985500076,-6.803969291242155e-05,42.877678728042014,0.0022861353389513053,0.0015619359985500076,-6.803969291242155e-05,0.01575886830687523,-0.04399513080716133,0.016903981566429138,0.0,0.0,0.0,0.9944638946836393,-0.10507846886723282,0.0006632382469963765,0.10507871430661586,0.9944640294973595,-0.00034665462743818827,-0.000623140596820641,0.00041442755651277703,0.9999997199728052,0.0,0.0,0.0
27,1774890250203646081,0.269999819,269,9.931323,0.735896000151115,42.87925160375964,0.6916008323187038,-0.6916008323187038,0.01329840812832117,-0.03895018249750137,0.013021543622016907,0.004850812256336212,0.003980947658419609,-0.015873800963163376,0.9944730381799534,-0.10499075576967942,0.0007697589219052975,0.10499106547417014,0.994473233251804,-0.00037350921283915706,-0.0007262895854514423,0.00045226249899069093,0.9999996339810135,0.00014354892482515424,-0.0006253949832171202,-0.0007682092254981399,0.01329840812832117,-0.03895018249750137,0.013021543622016907,0.004850812256336212,0.003980947658419609,-0.015873800963163376,0.9944730381799534,-0.10499075576967942,0.0007697589219052975,0.10499106547417014,0.994473233251804,-0.00037350921283915706,-0.0007262895854514423,0.00045226249899069093,0.9999996339810135,0.00014354892482515424,-0.0006253949832171202,-0.0007682092254981399,42.87925160375964,0.0024044145991575774,0.0015655355998259114,4.45295144659759e-05,42.87925160375964,0.0024044145991575774,0.0015655355998259114,4.45295144659759e-05,0.01575886830687523,-0.04399513080716133,0.016903981566429138,0.0,0.0,0.0,0.9944638946836393,-0.10507846886723282,0.0006632382469963765,0.10507871430661586,0.9944640294973595,-0.00034665462743818827,-0.000623140596820641,0.00041442755651277703,0.9999997199728052,0.0,0.0,0.0
28,1774890250213812141,0.280165879,280,10.16606,0.6271949996516923,42.87945715874204,0.6916041477216458,-0.6916041477216458,0.01329840812832117,-0.03895018249750137,0.013021543622016907,0.004850812256336212,0.003980947658419609,-0.015873800963163376,0.9944730381799534,-0.10499075576967942,0.0007697589219052975,0.10499106547417014,0.994473233251804,-0.00037350921283915706,-0.0007262895854514423,0.00045226249899069093,0.9999996339810135,0.00014354892482515424,-0.0006253949832171202,-0.0007682092254981399,0.01329840812832117,-0.03895018249750137,0.013021543622016907,0.004850812256336212,0.003980947658419609,-0.015873800963163376,0.9944730381799534,-0.10499075576967942,0.0007697589219052975,0.10499106547417014,0.994473233251804,-0.00037350921283915706,-0.0007262895854514423,0.00045226249899069093,0.9999996339810135,0.00014354892482515424,-0.0006253949832171202,-0.0007682092254981399,42.87945715874204,0.0024044073768991173,0.0015655380698603178,4.452951597929832e-05,42.87945715874204,0.0024044073768991173,0.0015655380698603178,4.452951597929832e-05,0.01575886830687523,-0.04399513080716133,0.016903981566429138,0.0,0.0,0.0,0.9944638946836393,-0.10507846886723282,0.0006632382469963765,0.10507871430661586,0.9944640294973595,-0.00034665462743818827,-0.000623140596820641,0.00041442755651277703,0.9999997199728052,0.0,0.0,0.0
