step,timestamp_ns,experiment_time_s,reference_index,tick_dt_ms,solver_ms,px4_collective_command_newton,px4_collective_normalized,px4_thrust_body_z,state_raw_0,state_raw_1,state_raw_2,state_raw_3,state_raw_4,state_raw_5,state_raw_6,state_raw_7,state_raw_8,state_raw_9,state_raw_10,state_raw_11,state_raw_12,state_raw_13,state_raw_14,state_raw_15,state_raw_16,state_raw_17,state_used_0,state_used_1,state_used_2,state_used_3,state_used_4,state_used_5,state_used_6,state_used_7,state_used_8,state_used_9,state_used_10,state_used_11,state_used_12,state_used_13,state_used_14,state_used_15,state_used_16,state_used_17,control_raw_0,control_raw_1,control_raw_2,control_raw_3,control_used_0,control_used_1,control_used_2,control_used_3,reference_0,reference_1,reference_2,reference_3,reference_4,reference_5,reference_6,reference_7,reference_8,reference_9,reference_10,reference_11,reference_12,reference_13,reference_14,reference_15,reference_16,reference_17
0,1774036340027717452,0.0,0,0.0,30.40892700664699,79.99998684991382,0.9999998356239228,-0.9999998356239228,-0.01766258478164673,0.006614191923290491,0.02531014382839203,-0.01113382913172245,0.013642962090671062,-0.0011593931121751666,0.9945909121834065,-0.10386910817196338,-2.4986261384935676e-06,0.10386909700079983,0.9945908158109715,-0.00044048746693119666,4.823817880074931e-05,0.00043784532629917265,0.9999999029822639,9.983462950913236e-05,-0.00028299581026658416,7.313698006328195e-05,-0.01766258478164673,0.006614191923290491,0.02531014382839203,-0.01113382913172245,0.013642962090671062,-0.0011593931121751666,0.9945909121834065,-0.10386910817196338,-2.4986261384935676e-06,0.10386909700079983,0.9945908158109715,-0.00044048746693119666,4.823817880074931e-05,0.00043784532629917265,0.9999999029822639,9.983462950913236e-05,-0.00028299581026658416,7.313698006328195e-05,39.999986849913824,0.17709581139076458,0.0137479552750851,-0.000923954435016203,39.999986849913824,0.17709581139076458,0.0137479552750851,-0.000923954435016203,-0.018412411212921143,0.003407567972317338,0.02659796178340912,0.0,0.0,0.0,0.994587335621209,-0.10390465727457765,0.00024791146293873224,0.10390472194305089,0.9945873247225264,-0.00026400904073643153,-0.00021913783401318523,0.00028833916964401984,0.9999999344195705,0.0,0.0,0.0
1,1774036340084738039,0.057020587,57,57.020587,24.11928999936208,79.99998684991382,0.9999998356239228,-0.9999998356239228,-0.01766258478164673,0.006614191923290491,0.02531014382839203,-0.01113382913172245,0.013642962090671062,-0.0011593931121751666,0.9945909121834065,-0.10386910817196338,-2.4986261384935676e-06,0.10386909700079983,0.9945908158109715,-0.00044048746693119666,4.823817880074931e-05,0.00043784532629917265,0.9999999029822639,9.983462950913236e-05,-0.00028299581026658416,7.313698006328195e-05,-0.01766258478164673,0.006614191923290491,0.02531014382839203,-0.01113382913172245,0.013642962090671062,-0.0011593931121751666,0.9945909121834065,-0.10386910817196338,-2.4986261384935676e-06,0.10386909700079983,0.9945908158109715,-0.00044048746693119666,4.823817880074931e-05,0.00043784532629917265,0.9999999029822639,9.983462950913236e-05,-0.00028299581026658416,7.313698006328195e-05,39.999986849913824,0.17709581139076458,0.0137479552750851,-0.000923954435016203,39.999986849913824,0.17709581139076458,0.0137479552750851,-0.000923954435016203,-0.018412411212921143,0.003407567972317338,0.02659796178340912,0.0,0.0,0.0,0.994587335621209,-0.10390465727457765,0.00024791146293873224,0.10390472194305089,0.9945873247225264,-0.00026400904073643153,-0.00021913783401318523,0.00028833916964401984,0.9999999344195705,0.0,0.0,0.0
2,1774036340113348369,0.085630917,85,28.61033,17.165402008686215,80.0,1.0,-1.0,-0.01759786531329155,0.00670914351940155,0.025146976113319397,-0.011015289463102818,0.0136686647310853,-0.001264632330276072,0.9945911332433625,-0.10386822428260034,-9.014904184612496e-06,0.10386821019444814,0.9945910366775891,-0.00044169537480221073,5.4844227819724964e-05,0.00043836991604577664,0.9999999024119647,0.0002207537618232891,-0.00017130772175733,9.601541387382895e-05,-0.01759786531329155,0.00670914351940155,0.025146976113319397,-0.011015289463102818,0.0136686647310853,-0.001264632330276072,0.9945911332433625,-0.10386822428260034,-9.014904184612496e-06,0.10386821019444814,0.9945910366775891,-0.00044169537480221073,5.4844227819724964e-05,0.00043836991604577664,0.9999999024119647,0.0002207537618232891,-0.00017130772175733,9.601541387382895e-05,40.00001347458472,0.17712483587522518,0.012462077287845397,-0.001166548998131204,40.00001347458472,0.17712483587522518,0.012462077287845397,-0.001166548998131204,-0.018412411212921143,0.003407567972317338,0.02659796178340912,0.0,0.0,0.0,0.994587335621209,-0.10390465727457765,0.00024791146293873224,0.10390472194305089,0.9945873247225264,-0.00026400904073643153,-0.00021913783401318523,0.00028833916964401984,0.9999999344195705,0.0,0.0,0.0
3,1774036340135783354,0.108065902,108,22.434985,15.82571500330232,80.0,1.0,-1.0,-0.017429867759346962,0.006878297310322523,0.024762973189353943,-0.010765493847429752,0.013696708716452122,-0.0015747126890346408,0.9945912329688876,-0.10386805857181747,-4.018236095537815e-05,0.10386802950525764,0.9945911316131902,-0.00045745792553410734,8.748021341851465e-05,0.00045080992449830597,0.9999998945588207,-0.00021148612722754478,0.0007939169881865382,-0.00013102217053528875,-0.017429867759346962,0.006878297310322523,0.024762973189353943,-0.010765493847429752,0.013696708716452122,-0.0015747126890346408,0.9945912329688876,-0.10386805857181747,-4.018236095537815e-05,0.10386802950525764,0.9945911316131902,-0.00045745792553410734,8.748021341851465e-05,0.00045080992449830597,0.9999998945588207,-0.00021148612722754478,0.0007939169881865382,-0.00013102217053528875,40.00009129280248,0.18491829190109166,0.0008239396508710126,0.0012113759976576538,40.00009129280248,0.18491829190109166,0.0008239396508710126,0.0012113759976576538,-0.018412411212921143,0.003407567972317338,0.02659796178340912,0.0,0.0,0.0,0.994587335621209,-0.10390465727457765,0.00024791146293873224,0.10390472194305089,0.9945873247225264,-0.00026400904073643153,-0.00021913783401318523,0.00028833916964401984,0.9999999344195705,0.0,0.0,0.0
4,1774036340156544005,0.128826553,128,20.760651,21.17666500271298,80.0,1.0,-1.0,-0.017348483204841614,0.006964670494198799,0.02457490563392639,-0.010628270916640759,0.013659876771271229,-0.0017671809764578938,0.9945921204935665,-0.10385902481772313,-4.887052313674693e-05,0.1038589926998068,0.9945920239425426,-0.0004484613232974971,9.518294252720133e-05,0.0004409604222345414,0.9999998982470601,0.0012388764880597591,-0.00044545275159180164,0.0014277040027081966,-0.017348483204841614,0.006964670494198799,0.02457490563392639,-0.010628270916640759,0.013659876771271229,-0.0017671809764578938,0.9945921204935665,-0.10385902481772313,-4.887052313674693e-05,0.1038589926998068,0.9945920239425426,-0.0004484613232974971,9.518294252720133e-05,0.0004409604222345414,0.9999998982470601,0.0012388764880597591,-0.00044545275159180164,0.0014277040027081966,40.00012217407988,0.1684760585067691,0.01597920875425203,-0.015149329053339197,40.00012217407988,0.1684760585067691,0.01597920875425203,-0.015149329053339197,-0.018412411212921143,0.003407567972317338,0.02659796178340912,0.0,0.0,0.0,0.994587335621209,-0.10390465727457765,0.00024791146293873224,0.10390472194305089,0.9945873247225264,-0.00026400904073643153,-0.00021913783401318523,0.00028833916964401984,0.9999999344195705,0.0,0.0,0.0
5,1774036340182702905,0.154985453,154,26.1589,18.935366009827703,80.0,1.0,-1.0,-0.0169803649187088,0.0072876582853496075,0.023828133940696716,-0.010053091682493687,0.013710473664104939,-0.002300721127539873,0.9945911540331366,-0.10386771457480148,-0.00010214208919012615,0.10386766066629938,0.9945910684914537,-0.0004379380096976547,0.00014707720961457116,0.0004249599994517817,0.999999898888645,0.00015133252600207925,0.0006320590036921203,0.0007365046185441315,-0.0169803649187088,0.0072876582853496075,0.023828133940696716,-0.010053091682493687,0.013710473664104939,-0.002300721127539873,0.9945911540331366,-0.10386771457480148,-0.00010214208919012615,0.10386766066629938,0.9945910684914537,-0.0004379380096976547,0.00014707720961457116,0.0004249599994517817,0.999999898888645,0.00015133252600207925,0.0006320590036921203,0.0007365046185441315,40.00022518444543,0.18638853142713455,0.0031062807601238297,-0.007903935469041463,40.00022518444543,0.18638853142713455,0.0031062807601238297,-0.007903935469041463,-0.018412411212921143,0.003407567972317338,0.02659796178340912,0.0,0.0,0.0,0.994587335621209,-0.10390465727457765,0.00024791146293873224,0.10390472194305089,0.9945873247225264,-0.00026400904073643153,-0.00021913783401318523,0.00028833916964401984,0.9999999344195705,0.0,0.0,0.0
6,1774036340204452473,0.176735021,176,21.749568,17.26410699484404,80.0,1.0,-1.0,-0.016780797392129898,0.007441445719450712,0.023440465331077576,-0.009745231829583645,0.0136655168607831,-0.002662495942786336,0.9945916900427714,-0.10386222867678407,-0.00012085350500030956,0.10386216683105975,0.9945916074160228,-0.0004379636776989382,0.0001656877635168169,0.00042304292651601516,0.9999998967911187,0.0005569708882831037,0.0002864718553610146,-0.00010796952119562775,-0.016780797392129898,0.007441445719450712,0.023440465331077576,-0.009745231829583645,0.0136655168607831,-0.002662495942786336,0.9945916900427714,-0.10386222867678407,-0.00012085350500030956,0.10386216683105975,0.9945916074160228,-0.0004379636776989382,0.0001656877635168169,0.00042304292651601516,0.9999998967911187,0.0005569708882831037,0.0002864718553610146,-0.00010796952119562775,40.00028497417128,0.1835737537307283,0.007419566795457739,0.0009549281006193209,40.00028497417128,0.1835737537307283,0.007419566795457739,0.0009549281006193209,-0.018412411212921143,0.003407567972317338,0.02659796178340912,0.0,0.0,0.0,0.994587335621209,-0.10390465727457765,0.00024791146293873224,0.10390472194305089,0.9945873247225264,-0.00026400904073643153,-0.00021913783401318523,0.00028833916964401984,0.9999999344195705,0.0,0.0,0.0
7,1774036340226551226,0.198833774,198,22.098753,19.961447003879584,79.1197165021728,0.98899645627716,-0.98899645627716,-0.016471175476908684,0.007657278329133987,0.022862255573272705,-0.00921181496232748,0.012378185987472534,0.003416630905121565,0.9945916077422225,-0.10386306898470776,-0.00016708625858510775,0.10386303199792546,0.9945916020483168,-0.00021662677274309893,0.0001886821053184031,0.00019810108432230945,0.9999999625775116,0.03940710797905922,0.002649204107001424,-0.0005908288876526058,-0.016471175476908684,0.007657278329133987,0.022862255573272705,-0.00921181496232748,0.012378185987472534,0.003416630905121565,0.9945916077422225,-0.10386306898470776,-0.00016708625858510775,0.10386303199792546,0.9945916020483168,-0.00021662677274309893,0.0001886821053184031,0.00019810108432230945,0.9999999625775116,0.03940710797905922,0.002649204107001424,-0.0005908288876526058,39.11971650217281,-0.2878944825059577,-0.02184660213881112,0.006013979241575579,39.11971650217281,-0.2878944825059577,-0.02184660213881112,0.006013979241575579,-0.018412411212921143,0.003407567972317338,0.02659796178340912,0.0,0.0,0.0,0.994587335621209,-0.10390465727457765,0.00024791146293873224,0.10390472194305089,0.9945873247225264,-0.00026400904073643153,-0.00021913783401318523,0.00028833916964401984,0.9999999344195705,0.0,0.0,0.0
8,1774036340250795935,0.223078483,223,24.244709,17.852507007773966,0.0001779666396544144,2.22458299568018e-06,-2.22458299568018e-06,-0.016247600317001343,0.007761789485812187,0.022786766290664673,-0.008931491523981094,0.012304198928177357,0.03746366873383522,0.9945904145697154,-0.1038751544830605,-0.0003813576775924983,0.10387563493669472,0.9945891581539842,0.0015952603825958693,0.0002135864717579851,-0.001626244196183537,0.9999986548545862,0.15869185328483582,0.017936915159225464,-0.0010342480381950736,-0.016247600317001343,0.007761789485812187,0.022786766290664673,-0.008931491523981094,0.012304198928177357,0.03746366873383522,0.9945904145697154,-0.1038751544830605,-0.0003813576775924983,0.10387563493669472,0.9945891581539842,0.0015952603825958693,0.0002135864717579851,-0.001626244196183537,0.9999986548545862,0.15869185328483582,0.017936915159225464,-0.0010342480381950736,-39.999822033360346,-1.7487411550266325,-0.2091388628550757,0.010669346578084275,-39.999822033360346,-1.7487411550266325,-0.2091388628550757,0.010669346578084275,-0.018412411212921143,0.003407567972317338,0.02659796178340912,0.0,0.0,0.0,0.994587335621209,-0.10390465727457765,0.00024791146293873224,0.10390472194305089,0.9945873247225264,-0.00026400904073643153,-0.00021913783401318523,0.00028833916964401984,0.9999999344195705,0.0,0.0,0.0
9,1774036340273621381,0.245903929,245,22.825446,19.584234003559686,0.0,0.0,-0.0,-0.015777328982949257,0.007919520139694214,0.024737179279327393,-0.008271249011158943,0.010133284144103527,0.1322801113128662,0.9945861084589168,-0.10390638161647692,-0.0014847532599646662,0.10391652006637675,0.9945230254351444,0.01120609260201777,0.0003122380910399736,-0.011299712873452883,0.9999361074647971,0.413114458322525,0.0435357391834259,-0.0013983654789626598,-0.015777328982949257,0.007919520139694214,0.024737179279327393,-0.008271249011158943,0.010133284144103527,0.1322801113128662,0.9945861084589168,-0.10390638161647692,-0.0014847532599646662,0.10391652006637675,0.9945230254351444,0.01120609260201777,0.0003122380910399736,-0.011299712873452883,0.9999361074647971,0.413114458322525,0.0435357391834259,-0.0013983654789626598,-40.000039484633916,-2.000519630863154,-0.5198824165723597,0.01448974619317741,-40.000039484633916,-2.000519630863154,-0.5198824165723597,0.01448974619317741,-0.018412411212921143,0.003407567972317338,0.02659796178340912,0.0,0.0,0.0,0.994587335621209,-0.10390465727457765,0.00024791146293873224,0.10390472194305089,0.9945873247225264,-0.00026400904073643153,-0.00021913783401318523,0.00028833916964401984,0.9999999344195705,0.0,0.0,0.0
10,1774036340297855413,0.270137961,270,24.234032,19.093362003332004,5.574720644574427e-05,6.968400805718033e-07,-6.968400805718033e-07,-0.015530763193964958,0.007942578755319118,0.026893511414527893,-0.007866496220231056,0.007184857502579689,0.18300795555114746,0.9945845094542788,-0.1039071984125508,-0.0022687965751101435,0.10393162070797879,0.9944003912019556,0.019138442075642192,0.0002674720112590956,-0.019270595779714128,0.9998142690673245,0.5455825924873352,0.050648849457502365,-0.00022123564849607646,-0.015530763193964958,0.007942578755319118,0.026893511414527893,-0.007866496220231056,0.007184857502579689,0.18300795555114746,0.9945845094542788,-0.1039071984125508,-0.0022687965751101435,0.10393162070797879,0.9944003912019556,0.019138442075642192,0.0002674720112590956,-0.019270595779714128,0.9998142690673245,0.5455825924873352,0.050648849457502365,-0.00022123564849607646,-39.999944252793554,-2.0005996174704577,-0.6041606497009058,0.0021149179991523125,-39.999944252793554,-2.0005996174704577,-0.6041606497009058,0.0021149179991523125,-0.018412411212921143,0.003407567972317338,0.02659796178340912,0.0,0.0,0.0,0.994587335621209,-0.10390465727457765,0.00024791146293873224,0.10390472194305089,0.9945873247225264,-0.00026400904073643153,-0.00021913783401318523,0.00028833916964401984,0.9999999344195705,0.0,0.0,0.0
11,1774036340322421490,0.294704038,294,24.566077,20.83697599300649,9.197259842608219e-05,1.1496574803260273e-06,-1.1496574803260273e-06,-0.015041832812130451,0.00768979312852025,0.033959612250328064,-0.007120740599930286,-0.004619179293513298,0.2823770344257355,0.994579163880534,-0.10390146370867193,-0.0041324475903017355,0.10398344426233441,0.9937207361573249,0.041313997411214,-0.00018608021725508017,-0.04151974083894472,0.9991376665568628,0.8059869408607483,0.06498672813177109,-0.0022441090550273657,-0.015041832812130451,0.00768979312852025,0.033959612250328064,-0.007120740599930286,-0.004619179293513298,0.2823770344257355,0.994579163880534,-0.10390146370867193,-0.0041324475903017355,0.10398344426233441,0.9937207361573249,0.041313997411214,-0.00018608021725508017,-0.04151974083894472,0.9991376665568628,0.8059869408607483,0.06498672813177109,-0.0022441090550273657,-39.999908027401574,-2.000369627895263,-0.7700386924602262,0.023272685757533433,-39.999908027401574,-2.000369627895263,-0.7700386924602262,0.023272685757533433,-0.018412411212921143,0.003407567972317338,0.02659796178340912,0.0,0.0,0.0,0.994587335621209,-0.10390465727457765,0.00024791146293873224,0.10390472194305089,0.9945873247225264,-0.00026400904073643153,-0.00021913783401318523,0.00028833916964401984,0.9999999344195705,0.0,0.0,0.0
12,1774036340347859533,0.320142081,320,25.438043,20.86886399774812,0.0,0.0,-0.0,-0.014689105562865734,0.0070547922514379025,0.04186035692691803,-0.006924290210008621,-0.020434029400348663,0.35630661249160767,0.9945711766285201,-0.10389209126829613,-0.0059002552354634474,0.10405689996529377,0.9925454379870955,0.06345013909684738,-0.0007356902646655783,-0.06371963530252955,0.9979675682176351,1.0054253339767456,0.07616427540779114,-0.0027364634443074465,-0.014689105562865734,0.0070547922514379025,0.04186035692691803,-0.006924290210008621,-0.020434029400348663,0.35630661249160767,0.9945711766285201,-0.10389209126829613,-0.0059002552354634474,0.10405689996529377,0.9925454379870955,0.06345013909684738,-0.0007356902646655783,-0.06371963530252955,0.9979675682176351,1.0054253339767456,0.07616427540779114,-0.0027364634443074465,-40.00004413366429,-2.000265013679361,-0.8964495796653216,0.028368506628526677,-40.00004413366429,-2.000265013679361,-0.8964495796653216,0.028368506628526677,-0.018412411212921143,0.003407567972317338,0.02659796178340912,0.0,0.0,0.0,0.994587335621209,-0.10390465727457765,0.00024791146293873224,0.10390472194305089,0.9945873247225264,-0.00026400904073643153,-0.00021913783401318523,0.00028833916964401984,0.9999999344195705,0.0,0.0,0.0
13,1774036340373745447,0.346027995,346,25.885914,22.785934997955337,9.626805440632324e-05,1.2033506800790405e-06,-1.2033506800790405e-06,-0.014362826943397522,0.005914471112191677,0.05181887745857239,-0.006889742333441973,-0.04383111372590065,0.43172523379325867,0.9945640493500825,-0.10382913647822711,-0.007872524125857039,0.10411580814216315,0.9904927552046481,0.08991170607490218,-0.001537771947116573,-0.09024259960157655,0.995918625640602,1.139464259147644,0.08237290382385254,-0.003947112243622541,-0.014362826943397522,0.005914471112191677,0.05181887745857239,-0.006889742333441973,-0.04383111372590065,0.43172523379325867,0.9945640493500825,-0.10382913647822711,-0.007872524125857039,0.10411580814216315,0.9904927552046481,0.08991170607490218,-0.001537771947116573,-0.09024259960157655,0.995918625640602,1.139464259147644,0.08237290382385254,-0.003947112243622541,-39.999903731945594,-2.000360361533846,-0.9584147596339401,0.04099155655532871,-39.999903731945594,-2.000360361533846,-0.9584147596339401,0.04099155655532871,-0.018412411212921143,0.003407567972317338,0.02659796178340912,0.0,0.0,0.0,0.994587335621209,-0.10390465727457765,0.00024791146293873224,0.10390472194305089,0.9945873247225264,-0.00026400904073643153,-0.00021913783401318523,0.00028833916964401984,0.9999999344195705,0.0,0.0,0.0
14,1774036340400672498,0.372955046,372,26.927051,17.485229996964335,0.00011946412806196349,1.4933016007745437e-06,-1.4933016007745437e-06,-0.01406889222562313,0.004061173647642136,0.06360690295696259,-0.006953949574381113,-0.06736554950475693,0.4275874197483063,0.9945571835184028,-0.10374520128462228,-0.009654791568926235,0.104163766784513,0.9877828589195514,0.11591033817317875,-0.0024882891000013174,-0.11628512335210761,0.9932127567563627,1.0585707426071167,0.06909861415624619,-0.0031418148428201675,-0.01406889222562313,0.004061173647642136,0.06360690295696259,-0.006953949574381113,-0.06736554950475693,0.4275874197483063,0.9945571835184028,-0.10374520128462228,-0.009654791568926235,0.104163766784513,0.9877828589195514,0.11591033817317875,-0.0024882891000013174,-0.11628512335210761,0.9932127567563627,1.0585707426071167,0.06909861415624619,-0.0031418148428201675,-39.99988053587194,-2.0003940205212256,-0.7797351430332836,0.03245754057628358,-39.99988053587194,-2.0003940205212256,-0.7797351430332836,0.03245754057628358,-0.018412411212921143,0.003407567972317338,0.02659796178340912,0.0,0.0,0.0,0.994587335621209,-0.10390465727457765,0.00024791146293873224,0.10390472194305089,0.9945873247225264,-0.00026400904073643153,-0.00021913783401318523,0.00028833916964401984,0.9999999344195705,0.0,0.0,0.0
15,1774036340423103885,0.395386433,395,22.431387,21.519610003451817,0.0011336720457393312,1.417090057174164e-05,-1.417090057174164e-05,-0.013741757720708847,0.000805382092949003,0.07617871463298798,-0.00674829026684165,-0.07757358253002167,0.1874261200428009,0.9945506380297117,-0.10358156278279607,-0.011836394814193074,0.1041865494878107,0.9833323406042597,0.14900631845602863,-0.003795182836783262,-0.14942750673571537,0.9887654013850451,1.0358930826187134,0.06701236963272095,-0.0032009172718971968,-0.013741757720708847,0.000805382092949003,0.07617871463298798,-0.00674829026684165,-0.07757358253002167,0.1874261200428009,0.9945506380297117,-0.10358156278279607,-0.011836394814193074,0.1041865494878107,0.9833323406042597,0.14900631845602863,-0.003795182836783262,-0.14942750673571537,0.9887654013850451,1.0358930826187134,0.06701236963272095,-0.0032009172718971968,-39.99886632795426,-2.0002529068093446,-0.736431579521492,0.03296429866434804,-39.99886632795426,-2.0002529068093446,-0.736431579521492,0.03296429866434804,-0.018412411212921143,0.003407567972317338,0.02659796178340912,0.0,0.0,0.0,0.994587335621209,-0.10390465727457765,0.00024791146293873224,0.10390472194305089,0.9945873247225264,-0.00026400904073643153,-0.00021913783401318523,0.00028833916964401984,0.9999999344195705,0.0,0.0,0.0
16,1774036340449151549,0.421434097,421,26.047664,22.838788005174138,40.05296477128551,0.5006620596410689,-0.5006620596410689,-0.01358803641051054,-0.0010685703018680215,0.07964877784252167,-0.006592005956918001,-0.08021372556686401,0.0445437915623188,0.9945475404454924,-0.10348405285220186,-0.012903774593171935,0.10419014538875104,0.9807137153719652,0.1653641105426229,-0.004457619101965182,-0.16580689396477455,0.986148166805974,1.0313612222671509,0.06653367727994919,-0.003447701456025243,-0.01358803641051054,-0.0010685703018680215,0.07964877784252167,-0.006592005956918001,-0.08021372556686401,0.0445437915623188,0.9945475404454924,-0.10348405285220186,-0.012903774593171935,0.10419014538875104,0.9807137153719652,0.1653641105426229,-0.004457619101965182,-0.16580689396477455,0.986148166805974,1.0313612222671509,0.06653367727994919,-0.003447701456025243,0.05296477128551136,-2.0001301572729737,-0.7221584827875689,0.03548746526423393,0.05296477128551136,-2.0001301572729737,-0.7221584827875689,0.03548746526423393,-0.018412411212921143,0.003407567972317338,0.02659796178340912,0.0,0.0,0.0,0.994587335621209,-0.10390465727457765,0.00024791146293873224,0.10390472194305089,0.9945873247225264,-0.00026400904073643153,-0.00021913783401318523,0.00028833916964401984,0.9999999344195705,0.0,0.0,0.0
17,1774036340476768817,0.449051365,449,27.617268,16.083798996987753,79.9999482452711,0.9999993530658887,-0.9999993530658887,-0.013323389925062656,-0.005023390054702759,0.0793333500623703,-0.006394947413355112,-0.08443370461463928,-0.25140002369880676,0.9945424705354373,-0.10324675361185776,-0.01502061360731588,0.10417289034470656,0.9746762979191583,0.19787460689477943,-0.005789652876310392,-0.1983594182449515,0.980112251417827,1.0307258367538452,0.06493391841650009,-0.0037612442392855883,-0.013323389925062656,-0.005023390054702759,0.0793333500623703,-0.006394947413355112,-0.08443370461463928,-0.25140002369880676,0.9945424705354373,-0.10324675361185776,-0.01502061360731588,0.10417289034470656,0.9746762979191583,0.19787460689477943,-0.005789652876310392,-0.1983594182449515,0.980112251417827,1.0307258367538452,0.06493391841650009,-0.0037612442392855883,39.9999482452711,-1.9995974948495325,-0.6864946984188987,0.038739427239976525,39.9999482452711,-1.9995974948495325,-0.6864946984188987,0.038739427239976525,-0.018412411212921143,0.003407567972317338,0.02659796178340912,0.0,0.0,0.0,0.994587335621209,-0.10390465727457765,0.00024791146293873224,0.10390472194305089,0.9945873247225264,-0.00026400904073643153,-0.00021913783401318523,0.00028833916964401984,0.9999999344195705,0.0,0.0,0.0
18,1774036340497146113,0.469428661,469,20.377296,19.370807000086643,79.99997994321541,0.9999997492901926,-0.9999997492901926,-0.013217001222074032,-0.007089435122907162,0.07550506293773651,-0.006383545231074095,-0.08639007806777954,-0.4012220501899719,0.9945399789612659,-0.10311097477227849,-0.016076360533025635,0.10415677319462846,0.9712537597352671,0.21405044527865336,-0.006456715233495558,-0.2145561775395226,0.9766903088784629,1.02976655960083,0.06460422277450562,-0.003559132106602192,-0.013217001222074032,-0.007089435122907162,0.07550506293773651,-0.006383545231074095,-0.08639007806777954,-0.4012220501899719,0.9945399789612659,-0.10311097477227849,-0.016076360533025635,0.10415677319462846,0.9712537597352671,0.21405044527865336,-0.006456715233495558,-0.2145561775395226,0.9766903088784629,1.02976655960083,0.06460422277450562,-0.003559132106602192,39.999979943215415,-1.9993732141867837,-0.6740032392319636,0.03662727716140369,39.999979943215415,-1.9993732141867837,-0.6740032392319636,0.03662727716140369,-0.018412411212921143,0.003407567972317338,0.02659796178340912,0.0,0.0,0.0,0.994587335621209,-0.10390465727457765,0.00024791146293873224,0.10390472194305089,0.9945873247225264,-0.00026400904073643153,-0.00021913783401318523,0.00028833916964401984,0.9999999344195705,0.0,0.0,0.0
19,1774036340521627113,0.493909661,493,24.481,14.315267995698377,79.9999989936485,0.9999999874206063,-0.9999999874206063,-0.013114645145833492,-0.010430586524307728,0.06403763592243195,-0.006389819551259279,-0.08951044082641602,-0.6277979016304016,0.99453026715559,-0.10294795948641111,-0.01764891366149879,0.10418163559577565,0.9656122336033868,0.23820037818866258,-0.0074802115728251906,-0.23873615301725604,0.9710556633990487,1.0289770364761353,0.06383319199085236,-0.004226061515510082,-0.013114645145833492,-0.010430586524307728,0.06403763592243195,-0.006389819551259279,-0.08951044082641602,-0.6277979016304016,0.99453026715559,-0.10294795948641111,-0.01764891366149879,0.10418163559577565,0.9656122336033868,0.23820037818866258,-0.0074802115728251906,-0.23873615301725604,0.9710556633990487,1.0289770364761353,0.06383319199085236,-0.004226061515510082,39.999998993648504,-1.9995774102003512,-0.6518192756834799,0.04368261074273639,39.999998993648504,-1.9995774102003512,-0.6518192756834799,0.04368261074273639,-0.018412411212921143,0.003407567972317338,0.02659796178340912,0.0,0.0,0.0,0.994587335621209,-0.10390465727457765,0.00024791146293873224,0.10390472194305089,0.9945873247225264,-0.00026400904073643153,-0.00021913783401318523,0.00028833916964401984,0.9999999344195705,0.0,0.0,0.0
20,1774036340541060952,0.5133435,513,19.433839,15.77643099881243,79.99987368890382,0.9999984211112978,-0.9999984211112978,-0.014746595174074173,-0.011550172232091427,0.05779664218425751,-0.2260330766439438,0.05920743942260742,-0.11221889406442642,0.9944427427379683,-0.10490213845078245,-0.008912934199837963,0.10389432990137948,0.9641392964286037,0.24421640543623901,-0.017025481427188183,-0.2437852047652207,0.9696797998638401,-0.021802840754389763,-0.9661387205123901,0.040231991559267044,-0.014746595174074173,-0.011550172232091427,0.05779664218425751,-0.2260330766439438,0.05920743942260742,-0.11221889406442642,0.9944427427379683,-0.10490213845078245,-0.008912934199837963,0.10389432990137948,0.9641392964286037,0.24421640543623901,-0.017025481427188183,-0.2437852047652207,0.9696797998638401,-0.021802840754389763,-0.9661387205123901,0.040231991559267044,39.99987368890382,-0.03473337110187768,1.999839434614455,-0.4165680253641595,39.99987368890382,-0.03473337110187768,1.999839434614455,-0.4165680253641595,-0.018412411212921143,0.003407567972317338,0.02659796178340912,0.0,0.0,0.0,0.994587335621209,-0.10390465727457765,0.00024791146293873224,0.10390472194305089,0.9945873247225264,-0.00026400904073643153,-0.00021913783401318523,0.00028833916964401984,0.9999999344195705,0.0,0.0,0.0
21,1774036340561161097,0.533443645,533,20.100145,14.363883004989475,40.14910047773143,0.5018637559716429,-0.5018637559716429,-0.017912380397319794,-0.010389832779765129,0.05699755251407623,-0.09431919455528259,0.12135910987854004,0.019630352035164833,0.9941195448259952,-0.10817917525377219,0.004854834355511706,0.10400848888843273,0.9663507906542146,0.23526231428729005,-0.03014195940534492,-0.2333739236153809,0.9719197875184177,-0.47920578718185425,-0.45739683508872986,-0.010360202752053738,-0.017912380397319794,-0.010389832779765129,0.05699755251407623,-0.09431919455528259,0.12135910987854004,0.019630352035164833,0.9941195448259952,-0.10817917525377219,0.004854834355511706,0.10400848888843273,0.9663507906542146,0.23526231428729005,-0.03014195940534492,-0.2333739236153809,0.9719197875184177,-0.47920578718185425,-0.45739683508872986,-0.010360202752053738,0.1491004777314283,1.9999993752259233,1.9999989670808322,0.1104653432563895,0.1491004777314283,1.9999993752259233,1.9999989670808322,0.1104653432563895,-0.018412411212921143,0.003407567972317338,0.02659796178340912,0.0,0.0,0.0,0.994587335621209,-0.10390465727457765,0.00024791146293873224,0.10390472194305089,0.9945873247225264,-0.00026400904073643153,-0.00021913783401318523,0.00028833916964401984,0.9999999344195705,0.0,0.0,0.0
22,1774036340580280515,0.552563063,552,19.119418,15.15682099852711,40.25603682987336,0.503200460373417,-0.503200460373417,-0.0193451177328825,-0.00883510336279869,0.05571912229061127,-0.0482817143201828,0.14549869298934937,-0.013843387365341187,0.9938699285481956,-0.11008880681812672,0.010153915619500964,0.10493575928080201,0.9682686499562412,0.22681355738946252,-0.034801342378557365,-0.22435765729460044,0.9738852653763285,-0.5887162089347839,-0.2836810052394867,-0.03920135274529457,-0.0193451177328825,-0.00883510336279869,0.05571912229061127,-0.0482817143201828,0.14549869298934937,-0.013843387365341187,0.9938699285481956,-0.11008880681812672,0.010153915619500964,0.10493575928080201,0.9682686499562412,0.22681355738946252,-0.034801342378557365,-0.22435765729460044,0.9738852653763285,-0.5887162089347839,-0.2836810052394867,-0.03920135274529457,0.2560368298733571,1.999997674942076,1.9999939718227404,0.411706798435166,0.2560368298733571,1.999997674942076,1.9999939718227404,0.411706798435166,-0.018412411212921143,0.003407567972317338,0.02659796178340912,0.0,0.0,0.0,0.994587335621209,-0.10390465727457765,0.00024791146293873224,0.10390472194305089,0.9945873247225264,-0.00026400904073643153,-0.00021913783401318523,0.00028833916964401984,0.9999999344195705,0.0,0.0,0.0
23,1774036340599977493,0.572260041,572,19.696978,15.838931998587213,79.99996302903025,0.9999995378628782,-0.9999995378628782,-0.02004094421863556,-0.006865209899842739,0.053963497281074524,-0.0033214413560926914,0.17021425068378448,-0.04723203927278519,0.9936358072561071,-0.11192031547946302,0.012724622631527183,0.10653301941897597,0.970432193114211,0.2165923911813934,-0.03658945051016005,-0.2138583457575436,0.9761791967371094,-0.7041638493537903,-0.11853620409965515,-0.06921892613172531,-0.02004094421863556,-0.006865209899842739,0.053963497281074524,-0.0033214413560926914,0.17021425068378448,-0.04723203927278519,0.9936358072561071,-0.11192031547946302,0.012724622631527183,0.10653301941897597,0.970432193114211,0.2165923911813934,-0.03658945051016005,-0.2138583457575436,0.9761791967371094,-0.7041638493537903,-0.11853620409965515,-0.06921892613172531,39.999963029030255,2.0001429565212656,1.5822091763968509,0.725629292490197,39.999963029030255,2.0001429565212656,1.5822091763968509,0.725629292490197,-0.018412411212921143,0.003407567972317338,0.02659796178340912,0.0,0.0,0.0,0.994587335621209,-0.10390465727457765,0.00024791146293873224,0.10390472194305089,0.9945873247225264,-0.00026400904073643153,-0.00021913783401318523,0.00028833916964401984,0.9999999344195705,0.0,0.0,0.0
24,1774036340620940489,0.593223037,593,20.962996,16.070757992565632,79.99994163957263,0.9999992704946579,-0.9999992704946579,-0.02039101906120777,-0.0026089102029800415,0.05058962106704712,0.025541920214891434,0.2054620236158371,-0.07855994999408722,0.9930487631163349,-0.11684422922661408,0.014197606565946597,0.11178959374382447,0.9740204150641172,0.19694494070269908,-0.03684063928845216,-0.19398878575167489,0.9803117453932498,-0.9572014808654785,-0.13029053807258606,-0.2648826539516449,-0.02039101906120777,-0.0026089102029800415,0.05058962106704712,0.025541920214891434,0.2054620236158371,-0.07855994999408722,0.9930487631163349,-0.11684422922661408,0.014197606565946597,0.11178959374382447,0.9740204150641172,0.19694494070269908,-0.03684063928845216,-0.19398878575167489,0.9803117453932498,-0.9572014808654785,-0.13029053807258606,-0.2648826539516449,39.99994163957262,2.000129041951783,1.7023448028898343,1.1999996570985263,39.99994163957262,2.000129041951783,1.7023448028898343,1.1999996570985263,-0.018412411212921143,0.003407567972317338,0.02659796178340912,0.0,0.0,0.0,0.994587335621209,-0.10390465727457765,0.00024791146293873224,0.10390472194305089,0.9945873247225264,-0.00026400904073643153,-0.00021913783401318523,0.00028833916964401984,0.9999999344195705,0.0,0.0,0.0
25,1774036340641675469,0.613958017,613,20.73498,14.843269003904425,40.24616121887711,0.5030770152359639,-0.5030770152359639,-0.02050657756626606,0.0027210847474634647,0.04690738022327423,0.02289489097893238,0.2321779429912567,-0.10879239439964294,0.9915659049095998,-0.12833238029115535,0.018109395687315732,0.12346868872599526,0.9778423770082506,0.16905579566894868,-0.03940345851842775,-0.16539401355009087,0.9854400991177783,-1.3880318403244019,-0.33183836936950684,-0.5342749357223511,-0.02050657756626606,0.0027210847474634647,0.04690738022327423,0.02289489097893238,0.2321779429912567,-0.10879239439964294,0.9915659049095998,-0.12833238029115535,0.018109395687315732,0.12346868872599526,0.9778423770082506,0.16905579566894868,-0.03940345851842775,-0.16539401355009087,0.9854400991177783,-1.3880318403244019,-0.33183836936950684,-0.5342749357223511,0.2461612188771125,2.0005221639751998,1.999621679238572,1.1999827145193362,0.2461612188771125,2.0005221639751998,1.999621679238572,1.1999827145193362,-0.018412411212921143,0.003407567972317338,0.02659796178340912,0.0,0.0,0.0,0.994587335621209,-0.10390465727457765,0.00024791146293873224,0.10390472194305089,0.9945873247225264,-0.00026400904073643153,-0.00021913783401318523,0.00028833916964401984,0.9999999344195705,0.0,0.0,0.0
26,1774036340661301327,0.633583875,633,19.625858,25.020537999807857,40.22438805129278,0.5028048506411598,-0.5028048506411598,-0.020700016990303993,0.006921206135302782,0.044335052371025085,0.014529397711157799,0.24487994611263275,-0.13774624466896057,0.9899232959882195,-0.1396532062126059,0.023432551900029797,0.1349040302495057,0.9803773913335053,0.1437404140866545,-0.043046534581912876,-0.1391308268890783,0.9893379660474475,-1.7596161365509033,-0.49611029028892517,-0.6954110860824585,-0.020700016990303993,0.006921206135302782,0.044335052371025085,0.014529397711157799,0.24487994611263275,-0.13774624466896057,0.9899232959882195,-0.1396532062126059,0.023432551900029797,0.1349040302495057,0.9803773913335053,0.1437404140866545,-0.043046534581912876,-0.1391308268890783,0.9893379660474475,-1.7596161365509033,-0.49611029028892517,-0.6954110860824585,0.22438805129278014,2.001097437117423,1.9998251027711258,1.2000897730243538,0.22438805129278014,2.001097437117423,1.9998251027711258,1.2000897730243538,-0.018412411212921143,0.003407567972317338,0.02659796178340912,0.0,0.0,0.0,0.994587335621209,-0.10390465727457765,0.00024791146293873224,0.10390472194305089,0.9945873247225264,-0.00026400904073643153,-0.00021913783401318523,0.00028833916964401984,0.9999999344195705,0.0,0.0,0.0
27,1774036340690965137,0.663247685,663,29.66381,14.793580005061813,40.47283555566267,0.5059104444457834,-0.5059104444457834,-0.02141558565199375,0.01649424247443676,0.038696467876434326,-0.0014905935386195779,0.24651284515857697,-0.23256927728652954,0.9851090538478382,-0.1674272473738796,0.03909280958517336,0.16421761260293732,0.9836098478118038,0.07445953232521296,-0.05091862815774062,-0.06693103183042826,0.9964574904232559,-2.479396343231201,-0.39169058203697205,-0.8272253274917603,-0.02141558565199375,0.01649424247443676,0.038696467876434326,-0.0014905935386195779,0.24651284515857697,-0.23256927728652954,0.9851090538478382,-0.1674272473738796,0.03909280958517336,0.16421761260293732,0.9836098478118038,0.07445953232521296,-0.05091862815774062,-0.06693103183042826,0.9964574904232559,-2.479396343231201,-0.39169058203697205,-0.8272253274917603,0.4728355556626706,2.000001796726445,1.999998687420145,1.2000019145556935,0.4728355556626706,2.000001796726445,1.999998687420145,1.2000019145556935,-0.018412411212921143,0.003407567972317338,0.02659796178340912,0.0,0.0,0.0,0.994587335621209,-0.10390465727457765,0.00024791146293873224,0.10390472194305089,0.9945873247225264,-0.00026400904073643153,-0.00021913783401318523,0.00028833916964401984,0.9999999344195705,0.0,0.0,0.0
28,1774036340710076873,0.682359421,682,19.111736,17.565818008733913,80.0,1.0,-1.0,-0.021978085860610008,0.0239085890352726,0.032377004623413086,-0.01111533772200346,0.24225154519081116,-0.2989147901535034,0.9817919729093479,-0.18722301713940337,0.03212879325789908,0.18687317080172194,0.982290097407117,0.0135933103038397,-0.03410477209819973,-0.00734179551303038,0.9993912960692859,-2.6044771671295166,0.7923485636711121,-0.8248628377914429,-0.021978085860610008,0.0239085890352726,0.032377004623413086,-0.01111533772200346,0.24225154519081116,-0.2989147901535034,0.9817919729093479,-0.18722301713940337,0.03212879325789908,0.18687317080172194,0.982290097407117,0.0135933103038397,-0.03410477209819973,-0.00734179551303038,0.9993912960692859,-2.6044771671295166,0.7923485636711121,-0.8248628377914429,40.00000030760518,2.00005399998942,-2.000005965616592,1.1999999375943737,40.00000030760518,2.00005399998942,-2.000005965616592,1.1999999375943737,-0.018412411212921143,0.003407567972317338,0.02659796178340912,0.0,0.0,0.0,0.994587335621209,-0.10390465727457765,0.00024791146293873224,0.10390472194305089,0.9945873247225264,-0.00026400904073643153,-0.00021913783401318523,0.00028833916964401984,0.9999999344195705,0.0,0.0,0.0
29,1774036340731934056,0.704216604,704,21.857183,13.617334989248775,40.231074059768744,0.5028884257471093,-0.5028884257471093,-0.02223389595746994,0.028782643377780914,0.027551278471946716,0.06590932607650757,0.18661987781524658,-0.17928674817085266,0.9794011793531133,-0.20163860765607633,0.010732424020792775,0.20185261115914277,0.9790843754855182,-0.02548121242167456,-0.005369952334668859,0.027122697575351462,0.9996176883603028,-1.994881272315979,1.6505528688430786,-1.0535931587219238,-0.02223389595746994,0.028782643377780914,0.027551278471946716,0.06590932607650757,0.18661987781524658,-0.17928674817085266,0.9794011793531133,-0.20163860765607633,0.010732424020792775,0.20185261115914277,0.9790843754855182,-0.02548121242167456,-0.005369952334668859,0.027122697575351462,0.9996176883603028,-1.994881272315979,1.6505528688430786,-1.0535931587219238,0.23107405976874246,2.00158919446406,-2.001303123425477,1.20045439089082,0.23107405976874246,2.00158919446406,-2.001303123425477,1.20045439089082,-0.018412411212921143,0.003407567972317338,0.02659796178340912,0.0,0.0,0.0,0.994587335621209,-0.10390465727457765,0.00024791146293873224,0.10390472194305089,0.9945873247225264,-0.00026400904073643153,-0.00021913783401318523,0.00028833916964401984,0.9999999344195705,0.0,0.0,0.0
