step,timestamp_ns,experiment_time_s,reference_index,tick_dt_ms,solver_ms,px4_collective_command_newton,px4_collective_normalized,px4_thrust_body_z,state_raw_0,state_raw_1,state_raw_2,state_raw_3,state_raw_4,state_raw_5,state_raw_6,state_raw_7,state_raw_8,state_raw_9,state_raw_10,state_raw_11,state_raw_12,state_raw_13,state_raw_14,state_raw_15,state_raw_16,state_raw_17,state_used_0,state_used_1,state_used_2,state_used_3,state_used_4,state_used_5,state_used_6,state_used_7,state_used_8,state_used_9,state_used_10,state_used_11,state_used_12,state_used_13,state_used_14,state_used_15,state_used_16,state_used_17,control_raw_0,control_raw_1,control_raw_2,control_raw_3,control_used_0,control_used_1,control_used_2,control_used_3,reference_0,reference_1,reference_2,reference_3,reference_4,reference_5,reference_6,reference_7,reference_8,reference_9,reference_10,reference_11,reference_12,reference_13,reference_14,reference_15,reference_16,reference_17
0,1774965344979749954,0.0,0,0.0,0.5950360000497312,42.42410698483089,0.6842597900779176,-0.6842597900779176,0.011062923818826675,0.014506216160953045,0.022265613079071045,0.009671284817159176,0.000963333179242909,0.005333547946065664,0.9945746724886562,-0.10402561206744432,0.00020776284890319276,0.10402548516005239,0.9945745558713355,0.0005491246304020697,-0.00026375861362579796,-0.0005245327967217852,0.9999998276483664,0.0007339102448895574,0.00030360266100615263,0.001183294807560742,0.011062923818826675,0.014506216160953045,0.022265613079071045,0.009671284817159176,0.000963333179242909,0.005333547946065664,0.9945746724886562,-0.10402561206744432,0.00020776284890319276,0.10402548516005239,0.9945745558713355,0.0005491246304020697,-0.00026375861362579796,-0.0005245327967217852,0.9999998276483664,0.0007339102448895574,0.00030360266100615263,0.001183294807560742,42.42410698483089,-0.0014140224563760396,-0.001730646443094087,-0.0001743417771347432,42.42410698483089,-0.0014140224563760396,-0.001730646443094087,-0.0001743417771347432,0.009511737152934074,0.016709787771105766,0.018844008445739746,0.0,0.0,0.0,0.994575013341589,-0.10402183826763459,0.0,0.10402183826763459,0.994575013341589,0.0,0.0,0.0,1.0,0.0,0.0,0.0
1,1774965344989843971,0.010094017,10,10.094017,0.5882770001335302,42.423927112336266,0.6842568889086494,-0.6842568889086494,0.011062923818826675,0.014506216160953045,0.022265613079071045,0.009671284817159176,0.000963333179242909,0.005333547946065664,0.9945746724886562,-0.10402561206744432,0.00020776284890319276,0.10402548516005239,0.9945745558713355,0.0005491246304020697,-0.00026375861362579796,-0.0005245327967217852,0.9999998276483664,0.0007339102448895574,0.00030360266100615263,0.001183294807560742,0.011062923818826675,0.014506216160953045,0.022265613079071045,0.009671284817159176,0.000963333179242909,0.005333547946065664,0.9945746724886562,-0.10402561206744432,0.00020776284890319276,0.10402548516005239,0.9945745558713355,0.0005491246304020697,-0.00026375861362579796,-0.0005245327967217852,0.9999998276483664,0.0007339102448895574,0.00030360266100615263,0.001183294807560742,42.423927112336266,-0.0014140218532662126,-0.0017306556610497863,-0.00017434177651274354,42.423927112336266,-0.0014140218532662126,-0.0017306556610497863,-0.00017434177651274354,0.009511737152934074,0.016709787771105766,0.018844008445739746,0.0,0.0,0.0,0.994575013341589,-0.10402183826763459,0.0,0.10402183826763459,0.994575013341589,0.0,0.0,0.0,1.0,0.0,0.0,0.0
2,1774965344999722681,0.019972727,19,9.87871,0.36842200006503845,42.41170966629458,0.6840598333273319,-0.6840598333273319,0.011145219206809998,0.014340893365442753,0.02261984348297119,0.009648998267948627,0.0006240315269678831,0.005607477389276028,0.9945765994641474,-0.10400648862628215,0.0002087563295154679,0.10400635659009749,0.994576473856006,0.0005664788147292099,-0.0002665416044469182,-0.0005416945871509551,0.9999998177612576,-0.0002876709622796625,-0.0005609270301647484,6.068424227123614e-06,0.011145219206809998,0.014340893365442753,0.02261984348297119,0.009648998267948627,0.0006240315269678831,0.005607477389276028,0.9945765994641474,-0.10400648862628215,0.0002087563295154679,0.10400635659009749,0.994576473856006,0.0005664788147292099,-0.0002665416044469182,-0.0005416945871509551,0.9999998177612576,-0.0002876709622796625,-0.0005609270301647484,6.068424227123614e-06,42.41170966629458,-0.0012914929122635132,-0.001527987682440763,-1.3112910763167644e-05,42.41170966629458,-0.0012914929122635132,-0.001527987682440763,-1.3112910763167644e-05,0.009511737152934074,0.016709787771105766,0.018844008445739746,0.0,0.0,0.0,0.994575013341589,-0.10402183826763459,0.0,0.10402183826763459,0.994575013341589,0.0,0.0,0.0,1.0,0.0,0.0,0.0
3,1774965345009876810,0.030126856,30,10.154129,0.388093000765366,42.41150998996497,0.6840566127413704,-0.6840566127413704,0.011145219206809998,0.014340893365442753,0.02261984348297119,0.009648998267948627,0.0006240315269678831,0.005607477389276028,0.9945765994641474,-0.10400648862628215,0.0002087563295154679,0.10400635659009749,0.994576473856006,0.0005664788147292099,-0.0002665416044469182,-0.0005416945871509551,0.9999998177612576,-0.0002876709622796625,-0.0005609270301647484,6.068424227123614e-06,0.011145219206809998,0.014340893365442753,0.02261984348297119,0.009648998267948627,0.0006240315269678831,0.005607477389276028,0.9945765994641474,-0.10400648862628215,0.0002087563295154679,0.10400635659009749,0.994576473856006,0.0005664788147292099,-0.0002665416044469182,-0.0005416945871509551,0.9999998177612576,-0.0002876709622796625,-0.0005609270301647484,6.068424227123614e-06,42.41150998996497,-0.0012914926637204464,-0.001527997993575632,-1.3112909906577638e-05,42.41150998996497,-0.0012914926637204464,-0.001527997993575632,-1.3112909906577638e-05,0.009511737152934074,0.016709787771105766,0.018844008445739746,0.0,0.0,0.0,0.994575013341589,-0.10402183826763459,0.0,0.10402183826763459,0.994575013341589,0.0,0.0,0.0,1.0,0.0,0.0,0.0
4,1774965345019756400,0.040006446,40,9.87959,0.3530690000843606,42.392690863122745,0.6837530784374636,-0.6837530784374636,0.011268111877143383,0.01411166600883007,0.023149073123931885,0.009618137031793594,0.00030044378945603967,0.006065525580197573,0.9945761463380618,-0.10401217072829261,0.00021899127503827165,0.10401202677150834,0.9945760108355162,0.0005894394084079296,-0.0002791122268524515,-0.0005634646036341978,0.9999998023020091,0.0007466889801435173,-0.0005128572229295969,-0.00019968432025052607,0.011268111877143383,0.01411166600883007,0.023149073123931885,0.009618137031793594,0.00030044378945603967,0.006065525580197573,0.9945761463380618,-0.10401217072829261,0.00021899127503827165,0.10401202677150834,0.9945760108355162,0.0005894394084079296,-0.0002791122268524515,-0.0005634646036341978,0.9999998023020091,0.0007466889801435173,-0.0005128572229295969,-0.00019968432025052607,42.392690863122745,-0.0017015398658831356,-0.0015346878346757782,2.2329446046720517e-05,42.392690863122745,-0.0017015398658831356,-0.0015346878346757782,2.2329446046720517e-05,0.009511737152934074,0.016709787771105766,0.018844008445739746,0.0,0.0,0.0,0.994575013341589,-0.10402183826763459,0.0,0.10402183826763459,0.994575013341589,0.0,0.0,0.0,1.0,0.0,0.0,0.0
5,1774965345029873833,0.050123879,50,10.117433,0.4357610005172319,42.39246402246006,0.6837494197170978,-0.6837494197170978,0.011268111877143383,0.01411166600883007,0.023149073123931885,0.009618137031793594,0.00030044378945603967,0.006065525580197573,0.9945761463380618,-0.10401217072829261,0.00021899127503827165,0.10401202677150834,0.9945760108355162,0.0005894394084079296,-0.0002791122268524515,-0.0005634646036341978,0.9999998023020091,0.0007466889801435173,-0.0005128572229295969,-0.00019968432025052607,0.011268111877143383,0.01411166600883007,0.023149073123931885,0.009618137031793594,0.00030044378945603967,0.006065525580197573,0.9945761463380618,-0.10401217072829261,0.00021899127503827165,0.10401202677150834,0.9945760108355162,0.0005894394084079296,-0.0002791122268524515,-0.0005634646036341978,0.9999998023020091,0.0007466889801435173,-0.0005128572229295969,-0.00019968432025052607,42.39246402246006,-0.0017015400867263094,-0.0015346996623463703,2.232944723241343e-05,42.39246402246006,-0.0017015400867263094,-0.0015346996623463703,2.232944723241343e-05,0.009511737152934074,0.016709787771105766,0.018844008445739746,0.0,0.0,0.0,0.994575013341589,-0.10402183826763459,0.0,0.10402183826763459,0.994575013341589,0.0,0.0,0.0,1.0,0.0,0.0,0.0
6,1774965345039728408,0.059978454,59,9.854575,0.30459299978247145,42.380847136061256,0.6835620505816331,-0.6835620505816331,0.01134474202990532,0.013983972370624542,0.023478776216506958,0.009511793963611126,7.008123793639243e-05,0.006334930658340454,0.9945767799393644,-0.10400492297589636,0.00022336881552891853,0.10400476810529136,0.9945766285391079,0.0006190852481642931,-0.00028654529852581434,-0.0005924963832279386,0.9999997834198948,0.001074092579074204,0.0003846157342195511,-3.5090390156256035e-05,0.01134474202990532,0.013983972370624542,0.023478776216506958,0.009511793963611126,7.008123793639243e-05,0.006334930658340454,0.9945767799393644,-0.10400492297589636,0.00022336881552891853,0.10400476810529136,0.9945766285391079,0.0006190852481642931,-0.00028654529852581434,-0.0005924963832279386,0.9999997834198948,0.001074092579074204,0.0003846157342195511,-3.5090390156256035e-05,42.380847136061256,-0.0019219597670937856,-0.0017434432968031594,-8.159369938919673e-06,42.380847136061256,-0.0019219597670937856,-0.0017434432968031594,-8.159369938919673e-06,0.009511737152934074,0.016709787771105766,0.018844008445739746,0.0,0.0,0.0,0.994575013341589,-0.10402183826763459,0.0,0.10402183826763459,0.994575013341589,0.0,0.0,0.0,1.0,0.0,0.0,0.0
7,1774965345049867906,0.070117952,70,10.139498,0.3215119995729765,42.3806023902241,0.6835581030681306,-0.6835581030681306,0.01134474202990532,0.013983972370624542,0.023478776216506958,0.009511793963611126,7.008123793639243e-05,0.006334930658340454,0.9945767799393644,-0.10400492297589636,0.00022336881552891853,0.10400476810529136,0.9945766285391079,0.0006190852481642931,-0.00028654529852581434,-0.0005924963832279386,0.9999997834198948,0.001074092579074204,0.0003846157342195511,-3.5090390156256035e-05,0.01134474202990532,0.013983972370624542,0.023478776216506958,0.009511793963611126,7.008123793639243e-05,0.006334930658340454,0.9945767799393644,-0.10400492297589636,0.00022336881552891853,0.10400476810529136,0.9945766285391079,0.0006190852481642931,-0.00028654529852581434,-0.0005924963832279386,0.9999997834198948,0.001074092579074204,0.0003846157342195511,-3.5090390156256035e-05,42.3806023902241,-0.0019219603776081723,-0.001743456034604043,-8.159368483015648e-06,42.3806023902241,-0.0019219603776081723,-0.001743456034604043,-8.159368483015648e-06,0.009511737152934074,0.016709787771105766,0.018844008445739746,0.0,0.0,0.0,0.994575013341589,-0.10402183826763459,0.0,0.10402183826763459,0.994575013341589,0.0,0.0,0.0,1.0,0.0,0.0,0.0
8,1774965345059759384,0.08000943,80,9.891478,0.2963779998026439,42.370223140909665,0.6833906958211237,-0.6833906958211237,0.011418746784329414,0.013884528540074825,0.02378174662590027,0.009407191537320614,-0.00011807474948000163,0.006557064596563578,0.994577216600491,-0.10400157257965237,0.0002371244842537222,0.10400140337884034,0.9945770568813675,0.0006396313283326127,-0.0003023611404976839,-0.0006115014292167077,0.9999997673218678,-6.673534517176449e-05,-0.000413774250773713,5.787731060991064e-05,0.011418746784329414,0.013884528540074825,0.02378174662590027,0.009407191537320614,-0.00011807474948000163,0.006557064596563578,0.994577216600491,-0.10400157257965237,0.0002371244842537222,0.10400140337884034,0.9945770568813675,0.0006396313283326127,-0.0003023611404976839,-0.0006115014292167077,0.9999997673218678,-6.673534517176449e-05,-0.000413774250773713,5.787731060991064e-05,42.370223140909665,-0.0017403935650456015,-0.0015034594393735928,-2.4796785231363284e-05,42.370223140909665,-0.0017403935650456015,-0.0015034594393735928,-2.4796785231363284e-05,0.009511737152934074,0.016709787771105766,0.018844008445739746,0.0,0.0,0.0,0.994575013341589,-0.10402183826763459,0.0,0.10402183826763459,0.994575013341589,0.0,0.0,0.0,1.0,0.0,0.0,0.0
9,1774965345069860730,0.090110776,90,10.101346,0.41025800055649597,42.36530026848088,0.6833112946529174,-0.6833112946529174,0.011454184539616108,0.013848970644176006,0.02392059564590454,0.00935410801321268,-0.00018850226479116827,0.006660069338977337,0.9945771205613839,-0.10400175174872439,0.00023715272603978994,0.10400158123616898,0.9945769582260523,0.0006439088225975026,-0.0003028342526794972,-0.0006157527122888345,0.9999997645699861,0.00010209842002950609,0.00029637859552167356,0.0002790205180644989,0.011454184539616108,0.013848970644176006,0.02392059564590454,0.00935410801321268,-0.00018850226479116827,0.006660069338977337,0.9945771205613839,-0.10400175174872439,0.00023715272603978994,0.10400158123616898,0.9945769582260523,0.0006439088225975026,-0.0003028342526794972,-0.0006157527122888345,0.9999997645699861,0.00010209842002950609,0.00029637859552167356,0.0002790205180644989,42.36530026848088,-0.0018128472780160367,-0.001676855047344694,-5.781358857145655e-05,42.36530026848088,-0.0018128472780160367,-0.001676855047344694,-5.781358857145655e-05,0.009511737152934074,0.016709787771105766,0.018844008445739746,0.0,0.0,0.0,0.994575013341589,-0.10402183826763459,0.0,0.10402183826763459,0.994575013341589,0.0,0.0,0.0,1.0,0.0,0.0,0.0
10,1774965345079786865,0.100036911,100,9.926135,0.5097829998703673,42.35652621335159,0.6831697776347031,-0.6831697776347031,0.011525723151862621,0.013775675557553768,0.02419605851173401,0.009206276386976242,-0.0004119915538467467,0.006807636935263872,0.9945768310297417,-0.10400582897877775,0.00023958314436007405,0.10400565566525377,0.994576666797348,0.0006481779641351118,-0.00030569794358283747,-0.0006197447244963225,0.9999997612326305,6.7747459979727864e-06,-0.000552868121303618,-0.0007275635143741965,0.011525723151862621,0.013775675557553768,0.02419605851173401,0.009206276386976242,-0.0004119915538467467,0.006807636935263872,0.9945768310297417,-0.10400582897877775,0.00023958314436007405,0.10400565566525377,0.994576666797348,0.0006481779641351118,-0.00030569794358283747,-0.0006197447244963225,0.9999997612326305,6.7747459979727864e-06,-0.000552868121303618,-0.0007275635143741965,42.35652621335159,-0.0018567885322159166,-0.0014436402498062227,9.645110539805141e-05,42.35652621335159,-0.0018567885322159166,-0.0014436402498062227,9.645110539805141e-05,0.009511737152934074,0.016709787771105766,0.018844008445739746,0.0,0.0,0.0,0.994575013341589,-0.10402183826763459,0.0,0.10402183826763459,0.994575013341589,0.0,0.0,0.0,1.0,0.0,0.0,0.0
11,1774965345089887942,0.110137988,110,10.101077,0.3662250001070788,42.35624466128397,0.6831652364723221,-0.6831652364723221,0.011525723151862621,0.013775675557553768,0.02419605851173401,0.009206276386976242,-0.0004119915538467467,0.006807636935263872,0.9945768310297417,-0.10400582897877775,0.00023958314436007405,0.10400565566525377,0.994576666797348,0.0006481779641351118,-0.00030569794358283747,-0.0006197447244963225,0.9999997612326305,6.7747459979727864e-06,-0.000552868121303618,-0.0007275635143741965,0.011525723151862621,0.013775675557553768,0.02419605851173401,0.009206276386976242,-0.0004119915538467467,0.006807636935263872,0.9945768310297417,-0.10400582897877775,0.00023958314436007405,0.10400565566525377,0.994576666797348,0.0006481779641351118,-0.00030569794358283747,-0.0006197447244963225,0.9999997612326305,6.7747459979727864e-06,-0.000552868121303618,-0.0007275635143741965,42.35624466128397,-0.0018567900920982055,-0.001443654746110439,9.645110739666533e-05,42.35624466128397,-0.0018567900920982055,-0.001443654746110439,9.645110739666533e-05,0.009511737152934074,0.016709787771105766,0.018844008445739746,0.0,0.0,0.0,0.994575013341589,-0.10402183826763459,0.0,0.10402183826763459,0.994575013341589,0.0,0.0,0.0,1.0,0.0,0.0,0.0
12,1774965345099830566,0.120080612,120,9.942624,0.2985869996336987,42.34827536192621,0.6830366993859066,-0.6830366993859066,0.011597498320043087,0.013747244141995907,0.024415314197540283,0.009092526510357857,-0.0005813117022626102,0.006995523814111948,0.9945772937991464,-0.10400017241220749,0.0002463676389010648,0.10399998914802877,0.9945771201389348,0.0006665230330311217,-0.0003143500872089533,-0.0006372864267583413,0.9999997475249949,0.00015931256348267198,-0.0005132043734192848,0.0011025196872651577,0.011597498320043087,0.013747244141995907,0.024415314197540283,0.009092526510357857,-0.0005813117022626102,0.006995523814111948,0.9945772937991464,-0.10400017241220749,0.0002463676389010648,0.10399998914802877,0.9945771201389348,0.0006665230330311217,-0.0003143500872089533,-0.0006372864267583413,0.9999997475249949,0.00015931256348267198,-0.0005132043734192848,0.0011025196872651577,42.34827536192621,-0.001980498901870176,-0.0014269790075614151,-0.00018259179369369176,42.34827536192621,-0.001980498901870176,-0.0014269790075614151,-0.00018259179369369176,0.009511737152934074,0.016709787771105766,0.018844008445739746,0.0,0.0,0.0,0.994575013341589,-0.10402183826763459,0.0,0.10402183826763459,0.994575013341589,0.0,0.0,0.0,1.0,0.0,0.0,0.0
13,1774965345109875566,0.130125612,130,10.045,0.3374600000825012,42.345207193255696,0.6829872127944467,-0.6829872127944467,0.011633745394647121,0.013731734827160835,0.024524450302124023,0.008996842429041862,-0.0006303403642959893,0.007008236832916737,0.9945775693481621,-0.1039982269751154,0.0002466987740965768,0.10399804162891746,0.99457739198822,0.0006724641047201486,-0.0003152959934743082,-0.0006431614834369933,0.9999997434658656,0.0008738134056329727,-0.00011824426474049687,-0.00030658068135380745,0.011633745394647121,0.013731734827160835,0.024524450302124023,0.008996842429041862,-0.0006303403642959893,0.007008236832916737,0.9945775693481621,-0.1039982269751154,0.0002466987740965768,0.10399804162891746,0.99457739198822,0.0006724641047201486,-0.0003152959934743082,-0.0006431614834369933,0.9999997434658656,0.0008738134056329727,-0.00011824426474049687,-0.00030658068135380745,42.345207193255696,-0.002187495995777714,-0.0015113888111656932,2.7204495285039638e-05,42.345207193255696,-0.002187495995777714,-0.0015113888111656932,2.7204495285039638e-05,0.009511737152934074,0.016709787771105766,0.018844008445739746,0.0,0.0,0.0,0.994575013341589,-0.10402183826763459,0.0,0.10402183826763459,0.994575013341589,0.0,0.0,0.0,1.0,0.0,0.0,0.0
14,1774965345119794139,0.140044185,140,9.918573,0.2939609994427883,42.3412590122087,0.682923532454979,-0.682923532454979,0.011669946834445,0.013715323060750961,0.024633169174194336,0.008922700770199299,-0.0007661329582333565,0.0070891352370381355,0.9945771575787704,-0.1040012427918835,0.00024616047854315176,0.10400105478949051,0.9945769738800904,0.0006819859912962339,-0.0003157529157584455,-0.0006526867316798621,0.9999997371500337,0.001010586740449071,0.000656039803288877,-0.0008025346323847771,0.011669946834445,0.013715323060750961,0.024633169174194336,0.008922700770199299,-0.0007661329582333565,0.0070891352370381355,0.9945771575787704,-0.1040012427918835,0.00024616047854315176,0.10400105478949051,0.9945769738800904,0.0006819859912962339,-0.0003157529157584455,-0.0006526867316798621,0.9999997371500337,0.001010586740449071,0.000656039803288877,-0.0008025346323847771,42.3412590122087,-0.0022764230520345005,-0.0016990851338387501,0.00010404035578907809,42.3412590122087,-0.0022764230520345005,-0.0016990851338387501,0.00010404035578907809,0.009511737152934074,0.016709787771105766,0.018844008445739746,0.0,0.0,0.0,0.994575013341589,-0.10402183826763459,0.0,0.10402183826763459,0.994575013341589,0.0,0.0,0.0,1.0,0.0,0.0,0.0
15,1774965345129867322,0.150117368,150,10.073183,0.30637599957117345,42.33851633191489,0.6828792956760465,-0.6828792956760465,0.011711384169757366,0.013711274601519108,0.02471214532852173,0.008987171575427055,-0.0008449677843600512,0.007131309248507023,0.9945770293764818,-0.10400213281187032,0.00024304912177770463,0.10400194325426826,0.9945768371592342,0.0006934344352191556,-0.00031384970069594023,-0.0006643963853887914,0.9999997300378641,0.0005026485887356102,0.0005976395332254469,-0.00033605535281822085,0.011711384169757366,0.013711274601519108,0.02471214532852173,0.008987171575427055,-0.0008449677843600512,0.007131309248507023,0.9945770293764818,-0.10400213281187032,0.00024304912177770463,0.10400194325426826,0.9945768371592342,0.0006934344352191556,-0.00031384970069594023,-0.0006643963853887914,0.9999997300378641,0.0005026485887356102,0.0005976395332254469,-0.00033605535281822085,42.33851633191489,-0.0021927251287948983,-0.0017125995831127625,3.479517259272502e-05,42.33851633191489,-0.0021927251287948983,-0.0017125995831127625,3.479517259272502e-05,0.009511737152934074,0.016709787771105766,0.018844008445739746,0.0,0.0,0.0,0.994575013341589,-0.10402183826763459,0.0,0.10402183826763459,0.994575013341589,0.0,0.0,0.0,1.0,0.0,0.0,0.0
16,1774965345139735309,0.159985355,159,9.867987,0.29242399978102185,42.33430616304904,0.6828113897265975,-0.6828113897265975,0.011795740574598312,0.013699850998818874,0.024869531393051147,0.008907304145395756,-0.0010338835418224335,0.007142337039113045,0.9945765951296038,-0.1040072731893984,0.0002534097067289874,0.10400707760451366,0.9945764079583456,0.0006908061818812761,-0.0003238841001123871,-0.0006607032239093792,0.9999997292851553,-0.000551321660168469,-0.0009644994279369712,0.00011565703607629985,0.011795740574598312,0.013699850998818874,0.024869531393051147,0.008907304145395756,-0.0010338835418224335,0.007142337039113045,0.9945765951296038,-0.1040072731893984,0.0002534097067289874,0.10400707760451366,0.9945764079583456,0.0006908061818812761,-0.0003238841001123871,-0.0006607032239093792,0.9999997292851553,-0.000551321660168469,-0.0009644994279369712,0.00011565703607629985,42.33430616304904,-0.0019632423233393675,-0.0012950273520938918,-2.8830812685820725e-05,42.33430616304904,-0.0019632423233393675,-0.0012950273520938918,-2.8830812685820725e-05,0.009511737152934074,0.016709787771105766,0.018844008445739746,0.0,0.0,0.0,0.994575013341589,-0.10402183826763459,0.0,0.10402183826763459,0.994575013341589,0.0,0.0,0.0,1.0,0.0,0.0,0.0
17,1774965345149860557,0.170110603,170,10.125248,0.3037289998246706,42.33250282412344,0.6827823036148941,-0.6827823036148941,0.011838627979159355,0.013692663982510567,0.024947911500930786,0.008879052475094795,-0.001077436376363039,0.007112408522516489,0.994577204059942,-0.10400036625341191,0.0002535754403901417,0.10400016969990933,0.9945770151840579,0.0006934601700788502,-0.0003243204368942286,-0.0006633277965437442,0.9999997274062016,5.113451334182173e-05,0.0007492256117984653,0.00013835050049237907,0.011838627979159355,0.013692663982510567,0.024947911500930786,0.008879052475094795,-0.001077436376363039,0.007112408522516489,0.994577204059942,-0.10400036625341191,0.0002535754403901417,0.10400016969990933,0.9945770151840579,0.0006934601700788502,-0.0003243204368942286,-0.0006633277965437442,0.9999997274062016,5.113451334182173e-05,0.0007492256117984653,0.00013835050049237907,42.33250282412344,-0.0021303342801544597,-0.0017238748127419512,-3.77798180347263e-05,42.33250282412344,-0.0021303342801544597,-0.0017238748127419512,-3.77798180347263e-05,0.009511737152934074,0.016709787771105766,0.018844008445739746,0.0,0.0,0.0,0.994575013341589,-0.10402183826763459,0.0,0.10402183826763459,0.994575013341589,0.0,0.0,0.0,1.0,0.0,0.0,0.0
18,1774965345159898316,0.180148362,180,10.037759,0.4132289996050531,42.33142877181349,0.6827649801905402,-0.6827649801905402,0.011874577030539513,0.013718584552407265,0.024985909461975098,0.00889731477946043,-0.0010834992863237858,0.0071005853824317455,0.9945773713913012,-0.10399877197751106,0.00025404343177369906,0.10399857527758294,0.9945771830011837,0.0006929561287577421,-0.000324732407072377,-0.0006627783380642842,0.9999997276368268,0.00034702164703048766,-0.00019583653192967176,0.0005985117168165743,0.011874577030539513,0.013718584552407265,0.024985909461975098,0.00889731477946043,-0.0010834992863237858,0.0071005853824317455,0.9945773713913012,-0.10399877197751106,0.00025404343177369906,0.10399857527758294,0.9945771830011837,0.0006929561287577421,-0.000324732407072377,-0.0006627783380642842,0.9999997276368268,0.00034702164703048766,-0.00019583653192967176,0.0005985117168165743,42.33142877181349,-0.0022001336529566214,-0.0014945968313085792,-0.00010808634092313798,42.33142877181349,-0.0022001336529566214,-0.0014945968313085792,-0.00010808634092313798,0.009511737152934074,0.016709787771105766,0.018844008445739746,0.0,0.0,0.0,0.994575013341589,-0.10402183826763459,0.0,0.10402183826763459,0.994575013341589,0.0,0.0,0.0,1.0,0.0,0.0,0.0
19,1774965345169825126,0.190075172,190,9.92681,0.48206399969785707,42.33043284264633,0.6827489168168763,-0.6827489168168763,0.011911319568753242,0.01374325156211853,0.025024384260177612,0.008853768929839134,-0.0011432486353442073,0.007081986870616674,0.9945774515596326,-0.10399894934322695,0.0002535463454557789,0.10399875268183911,0.9945772624131906,0.000693853281187793,-0.0003243313718921427,-0.0006637222960814322,0.9999997271409191,-0.0002514117513783276,4.71351231681183e-05,-0.0009385046432726085,0.011911319568753242,0.01374325156211853,0.025024384260177612,0.008853768929839134,-0.0011432486353442073,0.007081986870616674,0.9945774515596326,-0.10399894934322695,0.0002535463454557789,0.10399875268183911,0.9945772624131906,0.000693853281187793,-0.0003243313718921427,-0.0006637222960814322,0.9999997271409191,-0.0002514117513783276,4.71351231681183e-05,-0.0009385046432726085,42.33043284264633,-0.0020622531296684765,-0.0015533833406198977,0.00012260230852070673,42.33043284264633,-0.0020622531296684765,-0.0015533833406198977,0.00012260230852070673,0.009511737152934074,0.016709787771105766,0.018844008445739746,0.0,0.0,0.0,0.994575013341589,-0.10402183826763459,0.0,0.10402183826763459,0.994575013341589,0.0,0.0,0.0,1.0,0.0,0.0,0.0
20,1774965345179855244,0.20010529,200,10.030118,0.509892999616568,42.328100462864185,0.682711297788132,-0.682711297788132,0.011986281722784042,0.013789352029561996,0.02510303258895874,0.008806433528661728,-0.001166291069239378,0.007091807201504707,0.9945772418817065,-0.10400142788900091,0.00024770738580469874,0.10400123428969832,0.9945770491572794,0.0006964098626436616,-0.0003187915867147919,-0.000666871479379218,0.9999997268271705,-0.00046546937664970756,0.0007311655790545046,9.321112156612799e-05,0.011986281722784042,0.013789352029561996,0.02510303258895874,0.008806433528661728,-0.001166291069239378,0.007091807201504707,0.9945772418817065,-0.10400142788900091,0.00024770738580469874,0.10400123428969832,0.9945770491572794,0.0006964098626436616,-0.0003187915867147919,-0.000666871479379218,0.9999997268271705,-0.00046546937664970756,0.0007311655790545046,9.321112156612799e-05,42.328100462864185,-0.0020139754790195045,-0.0017388692942681592,-3.0164675088574192e-05,42.328100462864185,-0.0020139754790195045,-0.0017388692942681592,-3.0164675088574192e-05,0.009511737152934074,0.016709787771105766,0.018844008445739746,0.0,0.0,0.0,0.994575013341589,-0.10402183826763459,0.0,0.10402183826763459,0.994575013341589,0.0,0.0,0.0,1.0,0.0,0.0,0.0
21,1774965345189847602,0.210097648,210,9.992358,0.31716699959360994,42.328273660223786,0.682714091293932,-0.682714091293932,0.012025659903883934,0.01384202390909195,0.025097399950027466,0.008792406879365444,-0.0011003543622791767,0.007063878700137138,0.9945778038481038,-0.10399540728137868,0.0002553953424122655,0.10399520950385344,0.9945776155265648,0.0006935152768906098,-0.00032613283991695177,-0.0006631949871148315,0.9999997269048672,-0.00026019400684162974,-0.0010146681452170014,0.00022002315381541848,0.012025659903883934,0.01384202390909195,0.025097399950027466,0.008792406879365444,-0.0011003543622791767,0.007063878700137138,0.9945778038481038,-0.10399540728137868,0.0002553953424122655,0.10399520950385344,0.9945776155265648,0.0006935152768906098,-0.00032613283991695177,-0.0006631949871148315,0.9999997269048672,-0.00026019400684162974,-0.0010146681452170014,0.00022002315381541848,42.328273660223786,-0.0020376928058796614,-0.0012832355786027735,-5.4028131348196586e-05,42.328273660223786,-0.0020376928058796614,-0.0012832355786027735,-5.4028131348196586e-05,0.009511737152934074,0.016709787771105766,0.018844008445739746,0.0,0.0,0.0,0.994575013341589,-0.10402183826763459,0.0,0.10402183826763459,0.994575013341589,0.0,0.0,0.0,1.0,0.0,0.0,0.0
22,1774965345199803719,0.220053765,220,9.956117,0.33400399934180314,42.328343714773965,0.6827152212060317,-0.6827152212060317,0.012065860442817211,0.01389393862336874,0.025093019008636475,0.008808796294033527,-0.0010194687638431787,0.007041690871119499,0.9945781189220463,-0.10399257268133799,0.00026025231397561535,0.10399237339977119,0.9945779356197056,0.0006883282393374615,-0.0003304221609428462,-0.0006575319213216434,0.9999997292364666,-8.422219252679497e-06,-0.00048569749924354255,0.00022131323930807412,0.012065860442817211,0.01389393862336874,0.025093019008636475,0.008808796294033527,-0.0010194687638431787,0.007041690871119499,0.9945781189220463,-0.10399257268133799,0.00026025231397561535,0.10399237339977119,0.9945779356197056,0.0006883282393374615,-0.0003304221609428462,-0.0006575319213216434,0.9999997292364666,-8.422219252679497e-06,-0.00048569749924354255,0.00022131323930807412,42.328343714773965,-0.0020636658891925444,-0.001409386945602727,-5.650975790039691e-05,42.328343714773965,-0.0020636658891925444,-0.001409386945602727,-5.650975790039691e-05,0.009511737152934074,0.016709787771105766,0.018844008445739746,0.0,0.0,0.0,0.994575013341589,-0.10402183826763459,0.0,0.10402183826763459,0.994575013341589,0.0,0.0,0.0,1.0,0.0,0.0,0.0
23,1774965345209882852,0.230132898,230,10.079133,0.3254470002502785,42.32909087755208,0.682727272218582,-0.682727272218582,0.012106926180422306,0.013945079408586025,0.025089621543884277,0.008784212172031403,-0.0009787916205823421,0.006965383421629667,0.9945784434816101,-0.10398956125540249,0.00026400020027844,0.10398936070835885,0.9945782637741634,0.0006847422173419764,-0.00033377482111203796,-0.0006535766051115124,0.9999997307159806,5.4489937610924244e-05,6.099362508393824e-05,0.0001549895096104592,0.012106926180422306,0.013945079408586025,0.025089621543884277,0.008784212172031403,-0.0009787916205823421,0.006965383421629667,0.9945784434816101,-0.10398956125540249,0.00026400020027844,0.10398936070835885,0.9945782637741634,0.0006847422173419764,-0.00033377482111203796,-0.0006535766051115124,0.9999997307159806,5.4489937610924244e-05,6.099362508393824e-05,0.0001549895096104592,42.32909087755208,-0.0020555831453384758,-0.001535325502732754,-4.898885554190152e-05,42.32909087755208,-0.0020555831453384758,-0.001535325502732754,-4.898885554190152e-05,0.009511737152934074,0.016709787771105766,0.018844008445739746,0.0,0.0,0.0,0.994575013341589,-0.10402183826763459,0.0,0.10402183826763459,0.994575013341589,0.0,0.0,0.0,1.0,0.0,0.0,0.0
24,1774965345219756045,0.240006091,240,9.873193,0.3068589994654758,42.331537828171314,0.6827667391640534,-0.6827667391640534,0.01219276525080204,0.014063299633562565,0.025044679641723633,0.008788058534264565,-0.00097554741660133,0.006835419684648514,0.9945800788683249,-0.10397433076926532,0.0002794022673152201,0.10397412283685536,0.99457990937239,0.0006770962491302098,-0.0003482883843816346,-0.0006443757901038148,0.9999997317375183,-0.00023380154743790627,-0.0006202389486134052,0.0011007271241396666,0.01219276525080204,0.014063299633562565,0.025044679641723633,0.008788058534264565,-0.00097554741660133,0.006835419684648514,0.9945800788683249,-0.10397433076926532,0.0002794022673152201,0.10397412283685536,0.99457990937239,0.0006770962491302098,-0.0003482883843816346,-0.0006443757901038148,0.9999997317375183,-0.00023380154743790627,-0.0006202389486134052,0.0011007271241396666,42.331537828171314,-0.0019474797266937967,-0.0013364622710294836,-0.0002031105857718021,42.331537828171314,-0.0019474797266937967,-0.0013364622710294836,-0.0002031105857718021,0.009511737152934074,0.016709787771105766,0.018844008445739746,0.0,0.0,0.0,0.994575013341589,-0.10402183826763459,0.0,0.10402183826763459,0.994575013341589,0.0,0.0,0.0,1.0,0.0,0.0,0.0
25,1774965345229873228,0.250123274,250,10.117183,0.31449699963559397,42.333126959680214,0.6827923703174228,-0.6827923703174228,0.012237383984029293,0.014130007475614548,0.025004059076309204,0.008745582774281502,-0.000949272362049669,0.00676293158903718,0.9945799977422436,-0.10397415420034095,0.000283038467642778,0.10397394468974341,0.9945798309159304,0.0006749239148684666,-0.0003516789587980698,-0.0006418371872723289,0.999999732183441,0.0011671778047457337,5.871991015737876e-05,-0.00037688305019401014,0.012237383984029293,0.014130007475614548,0.025004059076309204,0.008745582774281502,-0.000949272362049669,0.00676293158903718,0.9945799977422436,-0.10397415420034095,0.000283038467642778,0.10397394468974341,0.9945798309159304,0.0006749239148684666,-0.0003516789587980698,-0.0006418371872723289,0.999999732183441,0.0011671778047457337,5.871991015737876e-05,-0.00037688305019401014,42.333126959680214,-0.0022786979491403905,-0.0014925945668447492,1.8392601802040756e-05,42.333126959680214,-0.0022786979491403905,-0.0014925945668447492,1.8392601802040756e-05,0.009511737152934074,0.016709787771105766,0.018844008445739746,0.0,0.0,0.0,0.994575013341589,-0.10402183826763459,0.0,0.10402183826763459,0.994575013341589,0.0,0.0,0.0,1.0,0.0,0.0,0.0
26,1774965345239811743,0.260061789,260,9.938515,0.35294000008434523,42.33478684111104,0.6828191425985651,-0.6828191425985651,0.01228266954421997,0.014195477589964867,0.02496480941772461,0.008748677559196949,-0.0009242283995263278,0.006683086045086384,0.9945795126047609,-0.10397858560303841,0.0002871309960242076,0.1039783726896315,0.9945793458255968,0.0006771050715037828,-0.00035597896917405683,-0.000643579412535681,0.9999997295422244,0.0005079463007859886,-0.0001437648752471432,-0.0009144265786744654,0.01228266954421997,0.014195477589964867,0.02496480941772461,0.008748677559196949,-0.0009242283995263278,0.006683086045086384,0.9945795126047609,-0.10397858560303841,0.0002871309960242076,0.1039783726896315,0.9945793458255968,0.0006771050715037828,-0.00035597896917405683,-0.000643579412535681,0.9999997295422244,0.0005079463007859886,-0.0001437648752471432,-0.0009144265786744654,42.33478684111104,-0.0021051961638130275,-0.0014366482026573109,0.00010258763624468122,42.33478684111104,-0.0021051961638130275,-0.0014366482026573109,0.00010258763624468122,0.009511737152934074,0.016709787771105766,0.018844008445739746,0.0,0.0,0.0,0.994575013341589,-0.10402183826763459,0.0,0.10402183826763459,0.994575013341589,0.0,0.0,0.0,1.0,0.0,0.0,0.0
27,1774965345249810316,0.270060362,270,9.998573,0.29667299986613216,42.33540401527645,0.6828290970205879,-0.6828290970205879,0.012328837998211384,0.014259949326515198,0.024926602840423584,0.008759211748838425,-0.0008645064663141966,0.006681411527097225,0.994579478668971,-0.10397929233250824,0.0002821989616167246,0.10397908226852381,0.9945793095481115,0.0006780332155051985,-0.0003511706099981124,-0.0006450151145046372,0.9999997303173297,0.0010150711750611663,0.00042264285730198026,-0.0001808248634915799,0.012328837998211384,0.014259949326515198,0.024926602840423584,0.008759211748838425,-0.0008645064663141966,0.006681411527097225,0.994579478668971,-0.10397929233250824,0.0002821989616167246,0.10397908226852381,0.9945793095481115,0.0006780332155051985,-0.0003511706099981124,-0.0006450151145046372,0.9999997303173297,0.0010150711750611663,0.00042264285730198026,-0.0001808248634915799,42.33540401527645,-0.0022130682578151394,-0.0015964630662974202,-6.888093988427028e-06,42.33540401527645,-0.0022130682578151394,-0.0015964630662974202,-6.888093988427028e-06,0.009511737152934074,0.016709787771105766,0.018844008445739746,0.0,0.0,0.0,0.994575013341589,-0.10402183826763459,0.0,0.10402183826763459,0.994575013341589,0.0,0.0,0.0,1.0,0.0,0.0,0.0
28,1774965345259867266,0.280117312,280,10.05695,0.5191419995753677,42.33922010808452,0.682890646904589,-0.682890646904589,0.012436212971806526,0.01437712088227272,0.02481520175933838,0.008768010884523392,-0.0008420427911914885,0.006568549666553736,0.9945804932521013,-0.10396954891979227,0.0002798396512959933,0.10396934030511695,0.9945803231657352,0.0006782465993802125,-0.0003488399559148439,-0.0006454760763696943,0.9999997308356363,0.00034705110010690987,0.00037490142858587205,0.0018791659967973828,0.012436212971806526,0.01437712088227272,0.02481520175933838,0.008768010884523392,-0.0008420427911914885,0.006568549666553736,0.9945804932521013,-0.10396954891979227,0.0002798396512959933,0.10396934030511695,0.9945803231657352,0.0006782465993802125,-0.0003488399559148439,-0.0006454760763696943,0.9999997308356363,0.00034705110010690987,0.00037490142858587205,0.0018791659967973828,42.33922010808452,-0.0020254147000092013,-0.001603719026162794,-0.0003237260295087666,42.33922010808452,-0.0020254147000092013,-0.001603719026162794,-0.0003237260295087666,0.009511737152934074,0.016709787771105766,0.018844008445739746,0.0,0.0,0.0,0.994575013341589,-0.10402183826763459,0.0,0.10402183826763459,0.994575013341589,0.0,0.0,0.0,1.0,0.0,0.0,0.0
29,1774965345269850514,0.29010056,290,9.983248,0.47335900035250233,42.343272966317116,0.6829560155857599,-0.6829560155857599,0.012496918439865112,0.014429952017962933,0.02474173903465271,0.008761121891438961,-0.0007678777328692377,0.0063684615306556225,0.9945816439532075,-0.1039587419701713,0.00028731518298884956,0.10395853215200068,0.9945814830038023,0.0006680789100148299,-0.0003552109347196297,-0.0006345901324777484,0.9999997355602607,-0.0010225322330370545,-0.001454295008443296,0.0009939302690327168,0.012496918439865112,0.014429952017962933,0.02474173903465271,0.008761121891438961,-0.0007678777328692377,0.0063684615306556225,0.9945816439532075,-0.1039587419701713,0.00028731518298884956,0.10395853215200068,0.9945814830038023,0.0006680789100148299,-0.0003552109347196297,-0.0006345901324777484,0.9999997355602607,-0.0010225322330370545,-0.001454295008443296,0.0009939302690327168,42.343272966317116,-0.0016351924739712834,-0.0011314798385954883,-0.00019963961280244157,42.343272966317116,-0.0016351924739712834,-0.0011314798385954883,-0.00019963961280244157,0.009511737152934074,0.016709787771105766,0.018844008445739746,0.0,0.0,0.0,0.994575013341589,-0.10402183826763459,0.0,0.10402183826763459,0.994575013341589,0.0,0.0,0.0,1.0,0.0,0.0,0.0
30,1774965345279870712,0.300120758,300,10.020198,0.3197489995727665,42.34594457602981,0.6829991060649969,-0.6829991060649969,0.012558475136756897,0.014482070691883564,0.024669617414474487,0.008822493255138397,-0.0007934280438348651,0.00627219770103693,0.9945821591422764,-0.10395360550749566,0.00029860036857984676,0.10395339196109799,0.9945820081499114,0.0006587173528423591,-0.0003654585458491462,-0.0006241079893075339,0.9999997384646137,-0.00039108103374019265,-0.0012970572570338845,8.345286914845929e-05,0.012558475136756897,0.014482070691883564,0.024669617414474487,0.008822493255138397,-0.0007934280438348651,0.00627219770103693,0.9945821591422764,-0.10395360550749566,0.00029860036857984676,0.10395339196109799,0.9945820081499114,0.0006587173528423591,-0.0003654585458491462,-0.0006241079893075339,0.9999997384646137,-0.00039108103374019265,-0.0012970572570338845,8.345286914845929e-05,42.34594457602981,-0.001766014748810693,-0.0011626996566915355,-6.720330124868111e-05,42.34594457602981,-0.001766014748810693,-0.0011626996566915355,-6.720330124868111e-05,0.009511737152934074,0.016709787771105766,0.018844008445739746,0.0,0.0,0.0,0.994575013341589,-0.10402183826763459,0.0,0.10402183826763459,0.994575013341589,0.0,0.0,0.0,1.0,0.0,0.0,0.0
