step,timestamp_ns,experiment_time_s,reference_index,tick_dt_ms,solver_ms,px4_collective_command_newton,px4_collective_normalized,px4_thrust_body_z,state_raw_0,state_raw_1,state_raw_2,state_raw_3,state_raw_4,state_raw_5,state_raw_6,state_raw_7,state_raw_8,state_raw_9,state_raw_10,state_raw_11,state_raw_12,state_raw_13,state_raw_14,state_raw_15,state_raw_16,state_raw_17,state_used_0,state_used_1,state_used_2,state_used_3,state_used_4,state_used_5,state_used_6,state_used_7,state_used_8,state_used_9,state_used_10,state_used_11,state_used_12,state_used_13,state_used_14,state_used_15,state_used_16,state_used_17,control_raw_0,control_raw_1,control_raw_2,control_raw_3,control_used_0,control_used_1,control_used_2,control_used_3,reference_0,reference_1,reference_2,reference_3,reference_4,reference_5,reference_6,reference_7,reference_8,reference_9,reference_10,reference_11,reference_12,reference_13,reference_14,reference_15,reference_16,reference_17
0,1774125057820693347,0.0,0,0.0,36.68475299491547,6.728152335637729e-05,8.41019041954716e-07,-8.41019041954716e-07,0.01091730035841465,0.0365111269056797,-0.04354014992713928,-0.005420539528131485,0.0062791150994598866,-0.003228791756555438,0.9946092760250995,-0.10369391026081298,0.00011353633805571799,0.1036938844899209,0.9946092623304732,0.00021325260121821425,-0.00013503728135053116,-0.00020032998934481697,0.9999999708164142,0.00021573121193796396,-7.68356621847488e-05,0.0010022936621680856,0.01091730035841465,0.0365111269056797,-0.04354014992713928,-0.005420539528131485,0.0062791150994598866,-0.003228791756555438,0.9946092760250995,-0.10369391026081298,0.00011353633805571799,0.1036938844899209,0.9946092623304732,0.00021325260121821425,-0.00013503728135053116,-0.00020032998934481697,0.9999999708164142,0.00021573121193796396,-7.68356621847488e-05,0.0010022936621680856,6.728152335637729e-05,-1.0000660875014107,-1.0000524640535657,-0.6000460351965656,6.728152335637729e-05,-1.0000660875014107,-1.0000524640535657,-0.6000460351965656,0.007286690641194582,0.04101872816681862,-0.04311498999595642,0.0,0.0,0.0,0.9946195486723198,-0.10359443498447729,0.00041792491519616545,0.10359436508723219,0.9946196264341708,0.0001856239185979991,-0.0004349059200623312,-0.0001413305154315085,0.9999998954412589,0.0,0.0,0.0
1,1774125057858550856,0.037857509,1,37.857509,14.684605004731566,6.728152335637729e-05,8.41019041954716e-07,-8.41019041954716e-07,0.01091730035841465,0.0365111269056797,-0.04354014992713928,-0.005420539528131485,0.0062791150994598866,-0.003228791756555438,0.9946092760250995,-0.10369391026081298,0.00011353633805571799,0.1036938844899209,0.9946092623304732,0.00021325260121821425,-0.00013503728135053116,-0.00020032998934481697,0.9999999708164142,0.00021573121193796396,-7.68356621847488e-05,0.0010022936621680856,0.01091730035841465,0.0365111269056797,-0.04354014992713928,-0.005420539528131485,0.0062791150994598866,-0.003228791756555438,0.9946092760250995,-0.10369391026081298,0.00011353633805571799,0.1036938844899209,0.9946092623304732,0.00021325260121821425,-0.00013503728135053116,-0.00020032998934481697,0.9999999708164142,0.00021573121193796396,-7.68356621847488e-05,0.0010022936621680856,6.728152335637729e-05,-1.0000660875014107,-1.0000524640535657,-0.6000460351965656,6.728152335637729e-05,-1.0000660875014107,-1.0000524640535657,-0.6000460351965656,0.007286690641194582,0.04101872816681862,-0.04311498999595642,0.0,0.0,0.0,0.9946195486723198,-0.10359443498447729,0.00041792491519616545,0.10359436508723219,0.9946196264341708,0.0001856239185979991,-0.0004349059200623312,-0.0001413305154315085,0.9999998954412589,0.0,0.0,0.0
2,1774125057874361353,0.053668006,2,15.810497,13.571669987868518,6.726310065931312e-05,8.40788758241414e-07,-8.40788758241414e-07,0.011293216608464718,0.03610135242342949,-0.04368022084236145,-0.005060950294137001,0.005905089434236288,-0.0033082228619605303,0.9946086445085517,-0.10370134506627204,8.623845414564534e-05,0.10370132468078164,0.9946086272687548,0.00021437997096377098,-0.00010800495333215549,-0.00020428111263544844,0.9999999733020822,-0.0009955712594091892,0.0004945912514813244,-0.0002640042803250253,0.011293216608464718,0.03610135242342949,-0.04368022084236145,-0.005060950294137001,0.005905089434236288,-0.0033082228619605303,0.9946086445085517,-0.10370134506627204,8.623845414564534e-05,0.10370132468078164,0.9946086272687548,0.00021437997096377098,-0.00010800495333215549,-0.00020428111263544844,0.9999999733020822,-0.0009955712594091892,0.0004945912514813244,-0.0002640042803250253,6.726310065931312e-05,-1.000066080442528,-1.0000524940056505,-0.6000460171514337,6.726310065931312e-05,-1.000066080442528,-1.0000524940056505,-0.6000460171514337,0.007286690641194582,0.04101872816681862,-0.04311498999595642,0.0,0.0,0.0,0.9946195486723198,-0.10359443498447729,0.00041792491519616545,0.10359436508723219,0.9946196264341708,0.0001856239185979991,-0.0004349059200623312,-0.0001413305154315085,0.9999998954412589,0.0,0.0,0.0
3,1774125057889169456,0.068476109,3,14.808103,12.559708004118875,6.724646379412645e-05,8.405807974265806e-07,-8.405807974265806e-07,0.011485601775348186,0.03588830679655075,-0.04376417398452759,-0.004909655079245567,0.005716848652809858,-0.003356965957209468,0.9946078615590884,-0.1037082509503604,7.073846441978462e-05,0.10370823334933221,0.9946078418813195,0.0002186275310373442,-9.303048140203631e-05,-0.00021011248703030339,0.9999999735990382,0.0002063538267975673,-0.00029303162591531873,-0.0005066371522843838,0.011485601775348186,0.03588830679655075,-0.04376417398452759,-0.004909655079245567,0.005716848652809858,-0.003356965957209468,0.9946078615590884,-0.1037082509503604,7.073846441978462e-05,0.10370823334933221,0.9946078418813195,0.0002186275310373442,-9.303048140203631e-05,-0.00021011248703030339,0.9999999735990382,0.0002063538267975673,-0.00029303162591531873,-0.0005066371522843838,6.724646379412645e-05,-1.0000660762673454,-1.0000525153487603,-0.6000460051650983,6.724646379412645e-05,-1.0000660762673454,-1.0000525153487603,-0.6000460051650983,0.007286690641194582,0.04101872816681862,-0.04311498999595642,0.0,0.0,0.0,0.9946195486723198,-0.10359443498447729,0.00041792491519616545,0.10359436508723219,0.9946196264341708,0.0001856239185979991,-0.0004349059200623312,-0.0001413305154315085,0.9999998954412589,0.0,0.0,0.0
4,1774125057903024695,0.082331348,4,13.855239,6.731066998327151,6.723544825535378e-05,8.404431031919222e-07,-8.404431031919222e-07,0.011675871908664703,0.035679589956998825,-0.043846964836120605,-0.00471718143671751,0.005560766439884901,-0.0033888325560837984,0.9946070354472392,-0.10371604314707583,5.3377651473559846e-05,0.10371602842155636,0.9946070120637307,0.00022895091185391953,-7.683564479578136e-05,-0.00022218005627056307,0.999999972366155,0.0005123202572576702,0.0002638231380842626,0.00043158986954949796,0.011675871908664703,0.035679589956998825,-0.043846964836120605,-0.00471718143671751,0.005560766439884901,-0.0033888325560837984,0.9946070354472392,-0.10371604314707583,5.3377651473559846e-05,0.10371602842155636,0.9946070120637307,0.00022895091185391953,-7.683564479578136e-05,-0.00022218005627056307,0.999999972366155,0.0005123202572576702,0.0002638231380842626,0.00043158986954949796,6.723544825535378e-05,-1.0000660724171104,-1.0000525324241472,-0.6000459949581178,6.723544825535378e-05,-1.0000660724171104,-1.0000525324241472,-0.6000459949581178,0.007286690641194582,0.04101872816681862,-0.04311498999595642,0.0,0.0,0.0,0.9946195486723198,-0.10359443498447729,0.00041792491519616545,0.10359436508723219,0.9946196264341708,0.0001856239185979991,-0.0004349059200623312,-0.0001413305154315085,0.9999998954412589,0.0,0.0,0.0
5,1774125057921548184,0.100854837,5,18.523489,25.918277009623125,6.710564965800802e-05,8.388206207251002e-07,-8.388206207251002e-07,0.013339235447347164,0.033822108060121536,-0.04492025077342987,-0.002759101102128625,0.0037705115973949432,-0.0041285292245447636,0.9945995181942656,-0.1037877707194661,-9.621683271108291e-05,0.1037877970996326,0.9945994655066649,0.0003295268203937843,6.149636992899138e-05,-0.0003377333278510525,0.9999999410771991,0.00034691422479227185,0.00032722335890866816,-0.0008797349873930216,0.013339235447347164,0.033822108060121536,-0.04492025077342987,-0.002759101102128625,0.0037705115973949432,-0.0041285292245447636,0.9945995181942656,-0.1037877707194661,-9.621683271108291e-05,0.1037877970996326,0.9945994655066649,0.0003295268203937843,6.149636992899138e-05,-0.0003377333278510525,0.9999999410771991,0.00034691422479227185,0.00032722335890866816,-0.0008797349873930216,6.710564965800802e-05,-1.000066048700506,-1.000052720306125,-0.6000458860344364,6.710564965800802e-05,-1.000066048700506,-1.000052720306125,-0.6000458860344364,0.007286690641194582,0.04101872816681862,-0.04311498999595642,0.0,0.0,0.0,0.9946195486723198,-0.10359443498447729,0.00041792491519616545,0.10359436508723219,0.9946196264341708,0.0001856239185979991,-0.0004349059200623312,-0.0001413305154315085,0.9999998954412589,0.0,0.0,0.0
6,1774125057949241855,0.128548508,6,27.693671,25.055951002286747,6.710564965800802e-05,8.388206207251002e-07,-8.388206207251002e-07,0.013339235447347164,0.033822108060121536,-0.04492025077342987,-0.002759101102128625,0.0037705115973949432,-0.0041285292245447636,0.9945995181942656,-0.1037877707194661,-9.621683271108291e-05,0.1037877970996326,0.9945994655066649,0.0003295268203937843,6.149636992899138e-05,-0.0003377333278510525,0.9999999410771991,0.00034691422479227185,0.00032722335890866816,-0.0008797349873930216,0.013339235447347164,0.033822108060121536,-0.04492025077342987,-0.002759101102128625,0.0037705115973949432,-0.0041285292245447636,0.9945995181942656,-0.1037877707194661,-9.621683271108291e-05,0.1037877970996326,0.9945994655066649,0.0003295268203937843,6.149636992899138e-05,-0.0003377333278510525,0.9999999410771991,0.00034691422479227185,0.00032722335890866816,-0.0008797349873930216,6.710564965800802e-05,-1.000066048700506,-1.000052720306125,-0.6000458860344364,6.710564965800802e-05,-1.000066048700506,-1.000052720306125,-0.6000458860344364,0.007286690641194582,0.04101872816681862,-0.04311498999595642,0.0,0.0,0.0,0.9946195486723198,-0.10359443498447729,0.00041792491519616545,0.10359436508723219,0.9946196264341708,0.0001856239185979991,-0.0004349059200623312,-0.0001413305154315085,0.9999998954412589,0.0,0.0,0.0
7,1774125057978284568,0.157591221,7,29.042713,23.521868977695704,6.709192547576608e-05,8.38649068447076e-07,-8.38649068447076e-07,0.013496390543878078,0.033621449023485184,-0.045091837644577026,-0.002559480955824256,0.0035506293643265963,-0.004175345879048109,0.9945989010199239,-0.10379308297474799,-0.00011002509741763703,0.10379311418686488,0.9945988485568082,0.0003316411140977544,7.500878037838658e-05,-0.00034126973714044325,0.9999999389543226,-5.5175129091367126e-05,0.0001979398657567799,0.000433555047493428,0.013496390543878078,0.033621449023485184,-0.045091837644577026,-0.002559480955824256,0.0035506293643265963,-0.004175345879048109,0.9945989010199239,-0.10379308297474799,-0.00011002509741763703,0.10379311418686488,0.9945988485568082,0.0003316411140977544,7.500878037838658e-05,-0.00034126973714044325,0.9999999389543226,-5.5175129091367126e-05,0.0001979398657567799,0.000433555047493428,6.709192547576608e-05,-1.0000660516720976,-1.0000527436403996,-0.6000458729531394,6.709192547576608e-05,-1.0000660516720976,-1.0000527436403996,-0.6000458729531394,0.007286690641194582,0.04101872816681862,-0.04311498999595642,0.0,0.0,0.0,0.9946195486723198,-0.10359443498447729,0.00041792491519616545,0.10359436508723219,0.9946196264341708,0.0001856239185979991,-0.0004349059200623312,-0.0001413305154315085,0.9999998954412589,0.0,0.0,0.0
8,1774125058006611963,0.185918616,9,28.327395,21.312292985385284,6.707564294400692e-05,8.384455368000865e-07,-8.384455368000865e-07,0.013652404770255089,0.03342371806502342,-0.04526044428348541,-0.0023792979773133993,0.0032796645537018776,-0.004271792247891426,0.9945985236895277,-0.10379715661493849,-0.0001227884715921789,0.1037971931007935,0.9945984686346113,0.0003420786873245948,8.661844092627911e-05,-0.0003529760371033166,0.9999999339525819,0.0001640741975279525,-0.00012429346679709852,1.560779674036894e-05,0.013652404770255089,0.03342371806502342,-0.04526044428348541,-0.0023792979773133993,0.0032796645537018776,-0.004271792247891426,0.9945985236895277,-0.10379715661493849,-0.0001227884715921789,0.1037971931007935,0.9945984686346113,0.0003420786873245948,8.661844092627911e-05,-0.0003529760371033166,0.9999999339525819,0.0001640741975279525,-0.00012429346679709852,1.560779674036894e-05,6.707564294400692e-05,-1.0000660554177263,-1.0000527693461823,-0.6000458588870008,6.707564294400692e-05,-1.0000660554177263,-1.0000527693461823,-0.6000458588870008,0.007286690641194582,0.04101872816681862,-0.04311498999595642,0.0,0.0,0.0,0.9946195486723198,-0.10359443498447729,0.00041792491519616545,0.10359436508723219,0.9946196264341708,0.0001856239185979991,-0.0004349059200623312,-0.0001413305154315085,0.9999998954412589,0.0,0.0,0.0
9,1774125058030603072,0.209909725,10,23.991109,20.869553001830354,6.705095276794611e-05,8.381369095993264e-07,-8.381369095993264e-07,0.013959904201328754,0.03303608298301697,-0.045590728521347046,-0.0020758970640599728,0.0027752541936933994,-0.004504336044192314,0.9945987710507724,-0.10379573733700953,-0.0001546989131188982,0.10379578630473096,0.9945987156944964,0.00035196739624504536,0.00011733065618589611,-0.00036612336562786077,0.9999999260936062,-0.0004628229362424463,0.0006909955409355462,0.0002411417372059077,0.013959904201328754,0.03303608298301697,-0.045590728521347046,-0.0020758970640599728,0.0027752541936933994,-0.004504336044192314,0.9945987710507724,-0.10379573733700953,-0.0001546989131188982,0.10379578630473096,0.9945987156944964,0.00035196739624504536,0.00011733065618589611,-0.00036612336562786077,0.9999999260936062,-0.0004628229362424463,0.0006909955409355462,0.0002411417372059077,6.705095276794611e-05,-1.0000660609885543,-1.0000528131912825,-0.6000458339436725,6.705095276794611e-05,-1.0000660609885543,-1.0000528131912825,-0.6000458339436725,0.007286690641194582,0.04101872816681862,-0.04311498999595642,0.0,0.0,0.0,0.9946195486723198,-0.10359443498447729,0.00041792491519616545,0.10359436508723219,0.9946196264341708,0.0001856239185979991,-0.0004349059200623312,-0.0001413305154315085,0.9999998954412589,0.0,0.0,0.0
10,1774125058056568596,0.235875249,11,25.965524,19.929394009523094,6.702399526594932e-05,8.377999408243666e-07,-8.377999408243666e-07,0.01423188578337431,0.032652318477630615,-0.04600362479686737,-0.0018672288861125708,0.0024546459317207336,-0.004729601088911295,0.9945973283006554,-0.10380884481306096,-0.0001720749679715661,0.10380890281371258,0.994597267619555,0.000371852598239515,0.00013254372071108429,-0.00038770647598403065,0.9999999160579275,-0.00036649350658990443,-0.00017055631906259805,-0.0013833126286044717,0.01423188578337431,0.032652318477630615,-0.04600362479686737,-0.0018672288861125708,0.0024546459317207336,-0.004729601088911295,0.9945973283006554,-0.10380884481306096,-0.0001720749679715661,0.10380890281371258,0.994597267619555,0.000371852598239515,0.00013254372071108429,-0.00038770647598403065,0.9999999160579275,-0.00036649350658990443,-0.00017055631906259805,-0.0013833126286044717,6.702399526594932e-05,-1.0000660674647095,-1.000052858748256,-0.6000458083298416,6.702399526594932e-05,-1.0000660674647095,-1.000052858748256,-0.6000458083298416,0.007286690641194582,0.04101872816681862,-0.04311498999595642,0.0,0.0,0.0,0.9946195486723198,-0.10359443498447729,0.00041792491519616545,0.10359436508723219,0.9946196264341708,0.0001856239185979991,-0.0004349059200623312,-0.0001413305154315085,0.9999998954412589,0.0,0.0,0.0
11,1774125058081364005,0.260670658,13,24.795409,22.552427981281653,6.698572214282955e-05,8.373215267853694e-07,-8.373215267853694e-07,0.014626797288656235,0.032107722014188766,-0.046632319688797,-0.0014472174225375056,0.0019627376459538937,-0.005030216183513403,0.9945967318392532,-0.10381557488347104,-0.00020155001676108557,0.10381564785280406,0.9945966667608119,0.00039360554855604,0.00015959862811394578,-0.00041240273400480927,0.9999999022261432,0.00037205294938758016,0.0005301543278619647,-0.0006594240549020469,0.014626797288656235,0.032107722014188766,-0.046632319688797,-0.0014472174225375056,0.0019627376459538937,-0.005030216183513403,0.9945967318392532,-0.10381557488347104,-0.00020155001676108557,0.10381564785280406,0.9945966667608119,0.00039360554855604,0.00015959862811394578,-0.00041240273400480927,0.9999999022261432,0.00037205294938758016,0.0005301543278619647,-0.0006594240549020469,6.698572214282955e-05,-1.000066077189554,-1.0000529256057142,-0.6000457686905315,6.698572214282955e-05,-1.000066077189554,-1.0000529256057142,-0.6000457686905315,0.007286690641194582,0.04101872816681862,-0.04311498999595642,0.0,0.0,0.0,0.9946195486723198,-0.10359443498447729,0.00041792491519616545,0.10359436508723219,0.9946196264341708,0.0001856239185979991,-0.0004349059200623312,-0.0001413305154315085,0.9999998954412589,0.0,0.0,0.0
12,1774125058109017550,0.288324203,14,27.653545,21.308359981048852,6.694212838322786e-05,8.367766047903483e-07,-8.367766047903483e-07,0.015006701461970806,0.03160189092159271,-0.0473194420337677,-0.0009253317257389426,0.001455365214496851,-0.0054669915698468685,0.9945958810316312,-0.10382212984613126,-0.00022223916922999975,0.10382221681607318,0.9945958063621675,0.00042410294975363944,0.00017700687987177652,-0.00044488439488010473,0.9999998853732159,0.00020089650934096426,0.00010940723586827517,-0.000827259267680347,0.015006701461970806,0.03160189092159271,-0.0473194420337677,-0.0009253317257389426,0.001455365214496851,-0.0054669915698468685,0.9945958810316312,-0.10382212984613126,-0.00022223916922999975,0.10382221681607318,0.9945958063621675,0.00042410294975363944,0.00017700687987177652,-0.00044488439488010473,0.9999998853732159,0.00020089650934096426,0.00010940723586827517,-0.000827259267680347,6.694212838322786e-05,-1.000066089083985,-1.000052996552107,-0.6000457258259022,6.694212838322786e-05,-1.000066089083985,-1.000052996552107,-0.6000457258259022,0.007286690641194582,0.04101872816681862,-0.04311498999595642,0.0,0.0,0.0,0.9946195486723198,-0.10359443498447729,0.00041792491519616545,0.10359436508723219,0.9946196264341708,0.0001856239185979991,-0.0004349059200623312,-0.0001413305154315085,0.9999998954412589,0.0,0.0,0.0
13,1774125058135081967,0.31438862,15,26.064417,18.965549010317773,6.691854211201985e-05,8.364817764002482e-07,-8.364817764002482e-07,0.015263264067471027,0.03131788969039917,-0.047843292355537415,-0.000717562681529671,0.0011869306908920407,-0.005720590706914663,0.9945950984766855,-0.10382903795160714,-0.00023544075305486842,0.10382913351719902,0.9945950197331198,0.00043843276483210986,0.0001886461408369712,-0.0004605087089563989,0.9999998761721699,-0.00011913900380022824,0.0003924902412109077,0.00022671344049740583,0.015263264067471027,0.03131788969039917,-0.047843292355537415,-0.000717562681529671,0.0011869306908920407,-0.005720590706914663,0.9945950984766855,-0.10382903795160714,-0.00023544075305486842,0.10382913351719902,0.9945950197331198,0.00043843276483210986,0.0001886461408369712,-0.0004605087089563989,0.9999998761721699,-0.00011913900380022824,0.0003924902412109077,0.00022671344049740583,6.691854211201985e-05,-1.000066095977278,-1.0000530364045614,-0.6000457016448978,6.691854211201985e-05,-1.000066095977278,-1.0000530364045614,-0.6000457016448978,0.007286690641194582,0.04101872816681862,-0.04311498999595642,0.0,0.0,0.0,0.9946195486723198,-0.10359443498447729,0.00041792491519616545,0.10359436508723219,0.9946196264341708,0.0001856239185979991,-0.0004349059200623312,-0.0001413305154315085,0.9999998954412589,0.0,0.0,0.0
14,1774125058159054031,0.338360684,16,23.972064,19.967950996942818,6.685528324013357e-05,8.356910405016697e-07,-8.356910405016697e-07,0.015882017090916634,0.030688628554344177,-0.04914700984954834,-0.00011654314585030079,0.0005451123579405248,-0.00620143860578537,0.9945952438004398,-0.10382797506058061,-0.00027504106792484474,0.1038280967429619,0.9945951567000789,0.0004729045444134177,0.00022445379540157306,-0.0004989055931756328,0.9999998503568418,-7.303673191927373e-05,0.0005867815343663096,-0.00010174706403631717,0.015882017090916634,0.030688628554344177,-0.04914700984954834,-0.00011654314585030079,0.0005451123579405248,-0.00620143860578537,0.9945952438004398,-0.10382797506058061,-0.00027504106792484474,0.1038280967429619,0.9945951567000789,0.0004729045444134177,0.00022445379540157306,-0.0004989055931756328,0.9999998503568418,-7.303673191927373e-05,0.0005867815343663096,-0.00010174706403631717,6.685528324013357e-05,-1.0000661154194614,-1.000053137879567,-0.6000456416353707,6.685528324013357e-05,-1.0000661154194614,-1.000053137879567,-0.6000456416353707,0.007286690641194582,0.04101872816681862,-0.04311498999595642,0.0,0.0,0.0,0.9946195486723198,-0.10359443498447729,0.00041792491519616545,0.10359436508723219,0.9946196264341708,0.0001856239185979991,-0.0004349059200623312,-0.0001413305154315085,0.9999998954412589,0.0,0.0,0.0
15,1774125058184612723,0.363919376,18,25.558692,19.603200984420255,6.683417227643653e-05,8.354271534554566e-07,-8.354271534554566e-07,0.016121119260787964,0.030477968975901604,-0.0496850311756134,9.873391536530107e-05,0.00040346040623262525,-0.00651889480650425,0.9945952619673639,-0.10382762016801328,-0.00029273412919904665,0.10382775327333937,0.9945951735886902,0.00048358582086841916,0.00024094238662710366,-0.0005113660947592656,0.9999998402257286,-0.0003674570471048355,0.0007982011884450912,0.00036375431227497756,0.016121119260787964,0.030477968975901604,-0.0496850311756134,9.873391536530107e-05,0.00040346040623262525,-0.00651889480650425,0.9945952619673639,-0.10382762016801328,-0.00029273412919904665,0.10382775327333937,0.9945951735886902,0.00048358582086841916,0.00024094238662710366,-0.0005113660947592656,0.9999998402257286,-0.0003674570471048355,0.0007982011884450912,0.00036375431227497756,6.683417227643653e-05,-1.0000661223451988,-1.0000531728388455,-0.6000456214237141,6.683417227643653e-05,-1.0000661223451988,-1.0000531728388455,-0.6000456214237141,0.007286690641194582,0.04101872816681862,-0.04311498999595642,0.0,0.0,0.0,0.9946195486723198,-0.10359443498447729,0.00041792491519616545,0.10359436508723219,0.9946196264341708,0.0001856239185979991,-0.0004349059200623312,-0.0001413305154315085,0.9999998954412589,0.0,0.0,0.0
16,1774125058208524444,0.387831097,19,23.911721,22.651512001175433,6.679718166079841e-05,8.349647707599801e-07,-8.349647707599801e-07,0.01646244153380394,0.030224163085222244,-0.05061875283718109,0.0004678701516240835,0.0001420394255546853,-0.006972924340516329,0.9945956941019471,-0.10382425446626353,-0.00029922428280610043,0.1038243915975563,0.9945956058451475,0.00048643573254783,0.0002471033469175956,-0.0005148736051326496,0.9999998369225519,-0.0006376929813995957,0.0001670563651714474,-0.0006996244192123413,0.01646244153380394,0.030224163085222244,-0.05061875283718109,0.0004678701516240835,0.0001420394255546853,-0.006972924340516329,0.9945956941019471,-0.10382425446626353,-0.00029922428280610043,0.1038243915975563,0.9945956058451475,0.00048643573254783,0.0002471033469175956,-0.0005148736051326496,0.9999998369225519,-0.0006376929813995957,0.0001670563651714474,-0.0006996244192123413,6.679718166079841e-05,-1.0000661344081172,-1.0000532270495652,-0.6000455913280457,6.679718166079841e-05,-1.0000661344081172,-1.0000532270495652,-0.6000455913280457,0.007286690641194582,0.04101872816681862,-0.04311498999595642,0.0,0.0,0.0,0.9946195486723198,-0.10359443498447729,0.00041792491519616545,0.10359436508723219,0.9946196264341708,0.0001856239185979991,-0.0004349059200623312,-0.0001413305154315085,0.9999998954412589,0.0,0.0,0.0
17,1774125058236918670,0.416225323,20,28.394226,18.278293020557612,6.676288711563428e-05,8.345360889454286e-07,-8.345360889454286e-07,0.016805138438940048,0.02999010682106018,-0.05158236622810364,0.0007811652030795813,-3.876380651490763e-05,-0.007295441813766956,0.9945946412618912,-0.10383470157203378,-0.0003281431112387382,0.10383485298118877,0.9945945617902151,0.00048406514491201695,0.00027610661792922854,-0.0005155211940432846,0.9999998290015221,0.00038649755879305303,0.0009398987167514861,-0.0007607915322296321,0.016805138438940048,0.02999010682106018,-0.05158236622810364,0.0007811652030795813,-3.876380651490763e-05,-0.007295441813766956,0.9945946412618912,-0.10383470157203378,-0.0003281431112387382,0.10383485298118877,0.9945945617902151,0.00048406514491201695,0.00027610661792922854,-0.0005155211940432846,0.9999998290015221,0.00038649755879305303,0.0009398987167514861,-0.0007607915322296321,6.676288711563428e-05,-1.0000661460490738,-1.0000532785930722,-0.6000455628332138,6.676288711563428e-05,-1.0000661460490738,-1.0000532785930722,-0.6000455628332138,0.007286690641194582,0.04101872816681862,-0.04311498999595642,0.0,0.0,0.0,0.9946195486723198,-0.10359443498447729,0.00041792491519616545,0.10359436508723219,0.9946196264341708,0.0001856239185979991,-0.0004349059200623312,-0.0001413305154315085,0.9999998954412589,0.0,0.0,0.0
18,1774125058260674870,0.439981523,21,23.7562,19.13073001196608,6.670660681578251e-05,8.338325851972814e-07,-8.338325851972814e-07,0.01725653000175953,0.029695356264710426,-0.05289056897163391,0.0012379257241263986,-0.0004308060451876372,-0.00791859906166792,0.9945934803537445,-0.10384568369561475,-0.00034299989102828943,0.10384584780216155,0.9945933959774446,0.0005014036783124766,0.0002890768412411836,-0.0005343118506347388,0.9999998154727157,0.0007968080462887883,-0.00026704714400693774,0.00018469028873369098,0.01725653000175953,0.029695356264710426,-0.05289056897163391,0.0012379257241263986,-0.0004308060451876372,-0.00791859906166792,0.9945934803537445,-0.10384568369561475,-0.00034299989102828943,0.10384584780216155,0.9945933959774446,0.0005014036783124766,0.0002890768412411836,-0.0005343118506347388,0.9999998154727157,0.0007968080462887883,-0.00026704714400693774,0.00018469028873369098,6.670660681578251e-05,-1.0000661651248055,-1.0000533563439176,-0.6000455202327637,6.670660681578251e-05,-1.0000661651248055,-1.0000533563439176,-0.6000455202327637,0.007286690641194582,0.04101872816681862,-0.04311498999595642,0.0,0.0,0.0,0.9946195486723198,-0.10359443498447729,0.00041792491519616545,0.10359436508723219,0.9946196264341708,0.0001856239185979991,-0.0004349059200623312,-0.0001413305154315085,0.9999998954412589,0.0,0.0,0.0
19,1774125058284965303,0.464271956,23,24.290433,19.89970399881713,6.66756963542575e-05,8.334462044282187e-07,-8.334462044282187e-07,0.01758688874542713,0.029493531212210655,-0.05385732650756836,0.0014411950251087546,-0.000666639010887593,-0.00834144651889801,0.9945931660641425,-0.1038485187840612,-0.00034679630335055465,0.10384868884333809,0.9945930755209456,0.0005148341010201207,0.00029145646346610214,-0.0005480647384156715,0.9999998073390852,0.0006118498276919127,0.0003464774927124381,0.00024696753825992346,0.01758688874542713,0.029493531212210655,-0.05385732650756836,0.0014411950251087546,-0.000666639010887593,-0.00834144651889801,0.9945931660641425,-0.1038485187840612,-0.00034679630335055465,0.10384868884333809,0.9945930755209456,0.0005148341010201207,0.00029145646346610214,-0.0005480647384156715,0.9999998073390852,0.0006118498276919127,0.0003464774927124381,0.00024696753825992346,6.66756963542575e-05,-1.0000661764966317,-1.0000534028888373,-0.6000454942803068,6.66756963542575e-05,-1.0000661764966317,-1.0000534028888373,-0.6000454942803068,0.007286690641194582,0.04101872816681862,-0.04311498999595642,0.0,0.0,0.0,0.9946195486723198,-0.10359443498447729,0.00041792491519616545,0.10359436508723219,0.9946196264341708,0.0001856239185979991,-0.0004349059200623312,-0.0001413305154315085,0.9999998954412589,0.0,0.0,0.0
20,1774125058309041423,0.488348076,24,24.07612,22.438220999902114,6.665245543744821e-05,8.331556929681027e-07,-8.331556929681027e-07,0.01780521310865879,0.029380658641457558,-0.054483234882354736,0.0016185118583962321,-0.0007906800601631403,-0.008589216507971287,0.9945931924542853,-0.10384798721331223,-0.00035253052122691253,0.10384816142850095,0.9945931017244655,0.0005182397921210842,0.00029680628001850853,-0.0005520473554649075,0.9999998035748685,0.0004932269803248346,-0.00016241971752606332,4.633459320757538e-05,0.01780521310865879,0.029380658641457558,-0.054483234882354736,0.0016185118583962321,-0.0007906800601631403,-0.008589216507971287,0.9945931924542853,-0.10384798721331223,-0.00035253052122691253,0.10384816142850095,0.9945931017244655,0.0005182397921210842,0.00029680628001850853,-0.0005520473554649075,0.9999998035748685,0.0004932269803248346,-0.00016241971752606332,4.633459320757538e-05,6.665245543744821e-05,-1.0000661848556422,-1.0000534352505372,-0.6000454766795297,6.665245543744821e-05,-1.0000661848556422,-1.0000534352505372,-0.6000454766795297,0.007286690641194582,0.04101872816681862,-0.04311498999595642,0.0,0.0,0.0,0.9946195486723198,-0.10359443498447729,0.00041792491519616545,0.10359436508723219,0.9946196264341708,0.0001856239185979991,-0.0004349059200623312,-0.0001413305154315085,0.9999998954412589,0.0,0.0,0.0
21,1774125058336984575,0.516291228,25,27.943152,18.41472598607652,6.661874598708149e-05,8.327343248385187e-07,-8.327343248385187e-07,0.01828620582818985,0.02925403043627739,-0.05565963685512543,0.0020712707191705704,-0.0009139303583651781,-0.009033119305968285,0.9945919731102772,-0.10385984945850346,-0.00038052026652486736,0.10386002984160436,0.9945919065344502,0.0004896510112593461,0.00032760731216887684,-0.0005265237269838278,0.9999998077231065,-0.0007171817705966532,0.0005073032225482166,9.351053449790925e-06,0.01828620582818985,0.02925403043627739,-0.05565963685512543,0.0020712707191705704,-0.0009139303583651781,-0.009033119305968285,0.9945919731102772,-0.10385984945850346,-0.00038052026652486736,0.10386002984160436,0.9945919065344502,0.0004896510112593461,0.00032760731216887684,-0.0005265237269838278,0.9999998077231065,-0.0007171817705966532,0.0005073032225482166,9.351053449790925e-06,6.661874598708149e-05,-1.0000661972170952,-1.0000534830490444,-0.6000454507853941,6.661874598708149e-05,-1.0000661972170952,-1.0000534830490444,-0.6000454507853941,0.007286690641194582,0.04101872816681862,-0.04311498999595642,0.0,0.0,0.0,0.9946195486723198,-0.10359443498447729,0.00041792491519616545,0.10359436508723219,0.9946196264341708,0.0001856239185979991,-0.0004349059200623312,-0.0001413305154315085,0.9999998954412589,0.0,0.0,0.0
22,1774125058361099694,0.540406347,27,24.115119,19.887383008608595,6.658708342558125e-05,8.323385428197657e-07,-8.323385428197657e-07,0.01880056969821453,0.0292162224650383,-0.05669322609901428,0.0023990394547581673,-0.0008996275719255209,-0.009251647628843784,0.9945935088903729,-0.10384479200393004,-0.00037816167292799253,0.10384496252318276,0.9945934550943628,0.0004632510027282469,0.00032801092890919533,-0.0005000165726418986,0.9999998211961235,-0.0008000750094652176,-0.001182535314001143,-1.9267707102699205e-05,0.01880056969821453,0.0292162224650383,-0.05669322609901428,0.0023990394547581673,-0.0008996275719255209,-0.009251647628843784,0.9945935088903729,-0.10384479200393004,-0.00037816167292799253,0.10384496252318276,0.9945934550943628,0.0004632510027282469,0.00032801092890919533,-0.0005000165726418986,0.9999998211961235,-0.0008000750094652176,-0.001182535314001143,-1.9267707102699205e-05,6.658708342558125e-05,-1.0000662085085203,-1.0000535233590293,-0.6000454299951675,6.658708342558125e-05,-1.0000662085085203,-1.0000535233590293,-0.6000454299951675,0.007286690641194582,0.04101872816681862,-0.04311498999595642,0.0,0.0,0.0,0.9946195486723198,-0.10359443498447729,0.00041792491519616545,0.10359436508723219,0.9946196264341708,0.0001856239185979991,-0.0004349059200623312,-0.0001413305154315085,0.9999998954412589,0.0,0.0,0.0
23,1774125058386720585,0.566027238,28,25.620891,19.1761169990059,6.658025651110712e-05,8.32253206388839e-07,-8.32253206388839e-07,0.019058220088481903,0.029233073815703392,-0.05718281865119934,0.002528832294046879,-0.0008494973299093544,-0.009362644515931606,0.994594130405309,-0.10383929989426965,-0.0003876885523227975,0.1038394712689028,0.9945940855125546,0.0004516765600924848,0.00033869097539623817,-0.0004894921365295579,0.9999998228429389,0.00014680948515888304,0.00032637378899380565,0.0003932615800295025,0.019058220088481903,0.029233073815703392,-0.05718281865119934,0.002528832294046879,-0.0008494973299093544,-0.009362644515931606,0.994594130405309,-0.10383929989426965,-0.0003876885523227975,0.1038394712689028,0.9945940855125546,0.0004516765600924848,0.00033869097539623817,-0.0004894921365295579,0.9999998228429389,0.00014680948515888304,0.00032637378899380565,0.0003932615800295025,6.658025651110712e-05,-1.000066211693627,-1.0000535334554026,-0.6000454250013854,6.658025651110712e-05,-1.000066211693627,-1.0000535334554026,-0.6000454250013854,0.007286690641194582,0.04101872816681862,-0.04311498999595642,0.0,0.0,0.0,0.9946195486723198,-0.10359443498447729,0.00041792491519616545,0.10359436508723219,0.9946196264341708,0.0001856239185979991,-0.0004349059200623312,-0.0001413305154315085,0.9999998954412589,0.0,0.0,0.0
24,1774125058408082449,0.587389102,29,21.361864,24.723648006329313,6.656517108456421e-05,8.320646385570526e-07,-8.320646385570526e-07,0.019440658390522003,0.029297037050127983,-0.05789919197559357,0.0029067611321806908,-0.0007321234443224967,-0.009532610885798931,0.9945946204431121,-0.10383469383199229,-0.0003955598611302012,0.10383486594831948,0.9945945826089942,0.0004427002836807055,0.0003474540577418665,-0.0004813801228416405,0.9999998237744328,9.171146666631103e-05,0.0005731034325435758,-0.0002504719886928797,0.019440658390522003,0.029297037050127983,-0.05789919197559357,0.0029067611321806908,-0.0007321234443224967,-0.009532610885798931,0.9945946204431121,-0.10383469383199229,-0.0003955598611302012,0.10383486594831948,0.9945945826089942,0.0004427002836807055,0.0003474540577418665,-0.0004813801228416405,0.9999998237744328,9.171146666631103e-05,0.0005731034325435758,-0.0002504719886928797,6.656517108456421e-05,-1.0000662175551063,-1.0000535503191794,-0.6000454171323213,6.656517108456421e-05,-1.0000662175551063,-1.0000535503191794,-0.6000454171323213,0.007286690641194582,0.04101872816681862,-0.04311498999595642,0.0,0.0,0.0,0.9946195486723198,-0.10359443498447729,0.00041792491519616545,0.10359436508723219,0.9946196264341708,0.0001856239185979991,-0.0004349059200623312,-0.0001413305154315085,0.9999998954412589,0.0,0.0,0.0
25,1774125058437074729,0.616381382,30,28.99228,18.36817999719642,6.654499953948148e-05,8.318124942435184e-07,-8.318124942435184e-07,0.019773758947849274,0.029387280344963074,-0.058565884828567505,0.0031292391940951347,-0.0007039224146865308,-0.009654459543526173,0.9945945773884172,-0.10383380867635328,-0.00038383420805684085,0.10383397471028233,0.9945945361841187,0.00044137505607663545,0.00033592975207645016,-0.0004788442764314198,0.9999998289296641,0.0007858810713514686,-0.0010522531811147928,-0.0002991792280226946,0.019773758947849274,0.029387280344963074,-0.058565884828567505,0.0031292391940951347,-0.0007039224146865308,-0.009654459543526173,0.9945945773884172,-0.10383380867635328,-0.00038383420805684085,0.10383397471028233,0.9945945361841187,0.00044137505607663545,0.00033592975207645016,-0.0004788442764314198,0.9999998289296641,0.0007858810713514686,-0.0010522531811147928,-0.0002991792280226946,6.654499953948148e-05,-1.000066224795936,-1.000053568853942,-0.6000454092289611,6.654499953948148e-05,-1.000066224795936,-1.000053568853942,-0.6000454092289611,0.007286690641194582,0.04101872816681862,-0.04311498999595642,0.0,0.0,0.0,0.9946195486723198,-0.10359443498447729,0.00041792491519616545,0.10359436508723219,0.9946196264341708,0.0001856239185979991,-0.0004349059200623312,-0.0001413305154315085,0.9999998954412589,0.0,0.0,0.0
26,1774125058460723668,0.640030321,32,23.648939,21.582672983640805,6.653453142679986e-05,8.316816428349982e-07,-8.316816428349982e-07,0.02012152224779129,0.029540935531258583,-0.05946101248264313,0.0033672030549496412,-0.000641326536424458,-0.009793579578399658,0.9945940491357317,-0.10383912267558415,-0.00036662089620323295,0.10383927717157526,0.9945940071875827,0.00043100830746169595,0.00031988342278686365,-0.0004667479388920943,0.9999998399104674,0.0008040544926188886,3.6886995076201856e-05,0.00034062916529364884,0.02012152224779129,0.029540935531258583,-0.05946101248264313,0.0033672030549496412,-0.000641326536424458,-0.009793579578399658,0.9945940491357317,-0.10383912267558415,-0.00036662089620323295,0.10383927717157526,0.9945940071875827,0.00043100830746169595,0.00031988342278686365,-0.0004667479388920943,0.9999998399104674,0.0008040544926188886,3.6886995076201856e-05,0.00034062916529364884,6.653453142679986e-05,-1.0000662276608,-1.0000535738541112,-0.6000454088273635,6.653453142679986e-05,-1.0000662276608,-1.0000535738541112,-0.6000454088273635,0.007286690641194582,0.04101872816681862,-0.04311498999595642,0.0,0.0,0.0,0.9946195486723198,-0.10359443498447729,0.00041792491519616545,0.10359436508723219,0.9946196264341708,0.0001856239185979991,-0.0004349059200623312,-0.0001413305154315085,0.9999998954412589,0.0,0.0,0.0
27,1774125058486806474,0.666113127,33,26.082806,19.367619010154158,6.653039002775631e-05,8.316298753469539e-07,-8.316298753469539e-07,0.020304130390286446,0.029660867527127266,-0.060125932097435,0.0033771481830626726,-0.0004923439119011164,-0.0098958108574152,0.9945949244309701,-0.1038304446041809,-0.0003509483223559859,0.10383059255628524,0.99459487643054,0.00043350063058765313,0.00030404083705329495,-0.00046759671843192574,0.9999998444562234,-0.00011587845801841468,-0.000391805951949209,0.0006740257958881557,0.020304130390286446,0.029660867527127266,-0.060125932097435,0.0033771481830626726,-0.0004923439119011164,-0.0098958108574152,0.9945949244309701,-0.1038304446041809,-0.0003509483223559859,0.10383059255628524,0.99459487643054,0.00043350063058765313,0.00030404083705329495,-0.00046759671843192574,0.9999998444562234,-0.00011587845801841468,-0.000391805951949209,0.0006740257958881557,6.653039002775631e-05,-1.0000662283518722,-1.000053571318875,-0.6000454122451491,6.653039002775631e-05,-1.0000662283518722,-1.000053571318875,-0.6000454122451491,0.007286690641194582,0.04101872816681862,-0.04311498999595642,0.0,0.0,0.0,0.9946195486723198,-0.10359443498447729,0.00041792491519616545,0.10359436508723219,0.9946196264341708,0.0001856239185979991,-0.0004349059200623312,-0.0001413305154315085,0.9999998954412589,0.0,0.0,0.0
28,1774125058511302364,0.690609017,34,24.49589,22.794196993345395,6.653207001444213e-05,8.316508751805266e-07,-8.316508751805266e-07,0.020387031137943268,0.02973213605582714,-0.06058718264102936,0.0033528092317283154,-0.0005111528444103897,-0.009951479732990265,0.9945950029578644,-0.10383062148888711,-0.0003439445877748259,0.10383076317464979,0.9945949574989622,0.00042344022836500635,0.00029811949831497035,-0.00045686351482891914,0.9999998512002449,-0.0007724185124970973,0.0013259225524961948,0.00010670603660400957,0.020387031137943268,0.02973213605582714,-0.06058718264102936,0.0033528092317283154,-0.0005111528444103897,-0.009951479732990265,0.9945950029578644,-0.10383062148888711,-0.0003439445877748259,0.10383076317464979,0.9945949574989622,0.00042344022836500635,0.00029811949831497035,-0.00045686351482891914,0.9999998512002449,-0.0007724185124970973,0.0013259225524961948,0.00010670603660400957,6.653207001444213e-05,-1.0000662272290886,-1.0000535655325289,-0.6000454164709264,6.653207001444213e-05,-1.0000662272290886,-1.0000535655325289,-0.6000454164709264,0.007286690641194582,0.04101872816681862,-0.04311498999595642,0.0,0.0,0.0,0.9946195486723198,-0.10359443498447729,0.00041792491519616545,0.10359436508723219,0.9946196264341708,0.0001856239185979991,-0.0004349059200623312,-0.0001413305154315085,0.9999998954412589,0.0,0.0,0.0
