step,timestamp_ns,experiment_time_s,reference_index,tick_dt_ms,solver_ms,px4_collective_command_newton,px4_collective_normalized,px4_thrust_body_z,state_raw_0,state_raw_1,state_raw_2,state_raw_3,state_raw_4,state_raw_5,state_raw_6,state_raw_7,state_raw_8,state_raw_9,state_raw_10,state_raw_11,state_raw_12,state_raw_13,state_raw_14,state_raw_15,state_raw_16,state_raw_17,state_used_0,state_used_1,state_used_2,state_used_3,state_used_4,state_used_5,state_used_6,state_used_7,state_used_8,state_used_9,state_used_10,state_used_11,state_used_12,state_used_13,state_used_14,state_used_15,state_used_16,state_used_17,control_raw_0,control_raw_1,control_raw_2,control_raw_3,control_used_0,control_used_1,control_used_2,control_used_3,reference_0,reference_1,reference_2,reference_3,reference_4,reference_5,reference_6,reference_7,reference_8,reference_9,reference_10,reference_11,reference_12,reference_13,reference_14,reference_15,reference_16,reference_17
0,1774970702511760992,0.0,0,0.0,0.47527000060654245,42.3898249826656,0.6837068545591226,-0.6837068545591226,-0.021795637905597687,-0.045899372547864914,0.02358764410018921,-0.00010833075793925673,-0.015967490151524544,0.009957805275917053,0.9945594919997214,-0.10416980954287003,0.00012380063545158054,0.10416971241165163,0.9945593113926086,0.0006283405746983148,-0.00018858121209597983,-0.0006120258177518614,0.9999997949307365,0.000262199726421386,-0.0008887129370123148,-0.0003552644047886133,-0.021795637905597687,-0.045899372547864914,0.02358764410018921,-0.00010833075793925673,-0.015967490151524544,0.009957805275917053,0.9945594919997214,-0.10416980954287003,0.00012380063545158054,0.10416971241165163,0.9945593113926086,0.0006283405746983148,-0.00018858121209597983,-0.0006120258177518614,0.9999997949307365,0.000262199726421386,-0.0008887129370123148,-0.0003552644047886133,42.3898249826656,-0.004961519483307255,0.0004507412550340464,0.00016262087483743187,42.3898249826656,-0.004961519483307255,0.0004507412550340464,0.00016262087483743187,-0.019894052296876907,-0.045540452003479004,0.021251708269119263,0.0,0.0,0.0,0.9945737448908285,-0.10403396548163055,0.0,0.10403396548163055,0.9945737448908285,0.0,0.0,0.0,1.0,0.0,0.0,0.0
1,1774970702521945031,0.010184039,10,10.184039,0.6493860000773566,42.38970108821656,0.6837048562615574,-0.6837048562615574,-0.021795637905597687,-0.045899372547864914,0.02358764410018921,-0.00010833075793925673,-0.015967490151524544,0.009957805275917053,0.9945594919997214,-0.10416980954287003,0.00012380063545158054,0.10416971241165163,0.9945593113926086,0.0006283405746983148,-0.00018858121209597983,-0.0006120258177518614,0.9999997949307365,0.000262199726421386,-0.0008887129370123148,-0.0003552644047886133,-0.021795637905597687,-0.045899372547864914,0.02358764410018921,-0.00010833075793925673,-0.015967490151524544,0.009957805275917053,0.9945594919997214,-0.10416980954287003,0.00012380063545158054,0.10416971241165163,0.9945593113926086,0.0006283405746983148,-0.00018858121209597983,-0.0006120258177518614,0.9999997949307365,0.000262199726421386,-0.0008887129370123148,-0.0003552644047886133,42.38970108821656,-0.004961529201873801,0.00045074101814277315,0.0001626208751539401,42.38970108821656,-0.004961529201873801,0.00045074101814277315,0.0001626208751539401,-0.019894052296876907,-0.045540452003479004,0.021251708269119263,0.0,0.0,0.0,0.9945737448908285,-0.10403396548163055,0.0,0.10403396548163055,0.9945737448908285,0.0,0.0,0.0,1.0,0.0,0.0,0.0
2,1774970702531872603,0.020111611,20,9.927572,0.494408001031843,42.38505022336718,0.6836298423123739,-0.6836298423123739,-0.02198353037238121,-0.04599786549806595,0.02376064658164978,-0.00038098666118457913,-0.016210287809371948,0.009987681172788143,0.9945583041468969,-0.10418133989368172,0.0001442483377402503,0.10418122635276283,0.994558116056505,0.0006469922317033291,-0.00021086787544819657,-0.0006284435296263647,0.9999997802967098,4.5680968469241634e-05,-0.0010290361242368817,-0.0003425896866247058,-0.02198353037238121,-0.04599786549806595,0.02376064658164978,-0.00038098666118457913,-0.016210287809371948,0.009987681172788143,0.9945583041468969,-0.10418133989368172,0.0001442483377402503,0.10418122635276283,0.994558116056505,0.0006469922317033291,-0.00021086787544819657,-0.0006284435296263647,0.9999997802967098,4.5680968469241634e-05,-0.0010290361242368817,-0.0003425896866247058,42.38505022336718,-0.005024691674883211,0.0006098838271669896,0.0001699767031438921,42.38505022336718,-0.005024691674883211,0.0006098838271669896,0.0001699767031438921,-0.019894052296876907,-0.045540452003479004,0.021251708269119263,0.0,0.0,0.0,0.9945737448908285,-0.10403396548163055,0.0,0.10403396548163055,0.9945737448908285,0.0,0.0,0.0,1.0,0.0,0.0,0.0
3,1774970702542035364,0.030274372,30,10.162761,0.6411300000763731,42.38243191803648,0.6835876115812336,-0.6835876115812336,-0.022078976035118103,-0.046052660793066025,0.023846715688705444,-0.0005450013559311628,-0.01634235307574272,0.010020334273576736,0.9945572725418623,-0.1041914467066174,0.00015827441089944286,0.10419132246765184,0.9945570822075132,0.0006553905929681074,-0.000225699009990369,-0.0006353326493940166,0.9999997727061701,-6.813379150116816e-05,-0.00046889629447832704,-0.000868198461830616,-0.022078976035118103,-0.046052660793066025,0.023846715688705444,-0.0005450013559311628,-0.01634235307574272,0.010020334273576736,0.9945572725418623,-0.1041914467066174,0.00015827441089944286,0.10419132246765184,0.9945570822075132,0.0006553905929681074,-0.000225699009990369,-0.0006353326493940166,0.9999997727061701,-6.813379150116816e-05,-0.00046889629447832704,-0.000868198461830616,42.38243191803648,-0.005056080883072062,0.0005469143631589305,0.00025693647292386314,42.38243191803648,-0.005056080883072062,0.0005469143631589305,0.00025693647292386314,-0.019894052296876907,-0.045540452003479004,0.021251708269119263,0.0,0.0,0.0,0.9945737448908285,-0.10403396548163055,0.0,0.10403396548163055,0.9945737448908285,0.0,0.0,0.0,1.0,0.0,0.0,0.0
4,1774970702551859308,0.040098316,40,9.823944,0.39076400025805924,42.37976173724518,0.6835445441491158,-0.6835445441491158,-0.02217564359307289,-0.04611102119088173,0.02393239736557007,-0.0007584817940369248,-0.016468022018671036,0.010057634674012661,0.994557048208088,-0.10419429150535642,0.00016445063937983728,0.10419415924503839,0.9945568479561248,0.0006730003524198849,-0.0002336782225148895,-0.0006522024037612928,0.9999997600132493,0.0009640526259317994,0.000565497437492013,0.00043622232624329627,-0.02217564359307289,-0.04611102119088173,0.02393239736557007,-0.0007584817940369248,-0.016468022018671036,0.010057634674012661,0.994557048208088,-0.10419429150535642,0.00016445063937983728,0.10419415924503839,0.9945568479561248,0.0006730003524198849,-0.0002336782225148895,-0.0006522024037612928,0.9999997600132493,0.0009640526259317994,0.000565497437492013,0.00043622232624329627,42.37976173724518,-0.00539724421313212,0.0003560750563070858,6.354097579137834e-05,42.37976173724518,-0.00539724421313212,0.0003560750563070858,6.354097579137834e-05,-0.019894052296876907,-0.045540452003479004,0.021251708269119263,0.0,0.0,0.0,0.9945737448908285,-0.10403396548163055,0.0,0.10403396548163055,0.9945737448908285,0.0,0.0,0.0,1.0,0.0,0.0,0.0
5,1774970702561868498,0.050107506,50,10.00919,0.4267269996489631,42.377256932421126,0.6835041440713084,-0.6835041440713084,-0.022273654118180275,-0.04617292806506157,0.024017930030822754,-0.0009450326906517148,-0.016598213464021683,0.0100820017978549,0.9945572103768338,-0.10419288203550936,0.00017007456912671026,0.104192743264381,0.9945570036572268,0.0006848592169210084,-0.00024050621296543492,-0.0006634110849166736,0.999999751021242,0.00016189258894883096,-4.693247319664806e-05,0.0006149514229036868,-0.022273654118180275,-0.04617292806506157,0.024017930030822754,-0.0009450326906517148,-0.016598213464021683,0.0100820017978549,0.9945572103768338,-0.10419288203550936,0.00017007456912671026,0.104192743264381,0.9945570036572268,0.0006848592169210084,-0.00024050621296543492,-0.0006634110849166736,0.999999751021242,0.00016189258894883096,-4.693247319664806e-05,0.0006149514229036868,42.377256932421126,-0.0052662584128706095,0.0005701490816036437,3.558109575837095e-05,42.377256932421126,-0.0052662584128706095,0.0005701490816036437,3.558109575837095e-05,-0.019894052296876907,-0.045540452003479004,0.021251708269119263,0.0,0.0,0.0,0.9945737448908285,-0.10403396548163055,0.0,0.10403396548163055,0.9945737448908285,0.0,0.0,0.0,1.0,0.0,0.0,0.0
6,1774970702571808995,0.060048003,60,9.940497,0.4822959999728482,42.37552665575331,0.6834762363831179,-0.6834762363831179,-0.02235259674489498,-0.04623175784945488,0.024095773696899414,-0.0011076991213485599,-0.016712376847863197,0.01006076019257307,0.994557027800127,-0.104194837556574,0.00017517022573767388,0.10419469292803529,0.9945568155946489,0.0006949276933695611,-0.0002466245021750732,-0.0006728933510771404,0.9999997431954457,0.0006129957037046552,0.00037608068669214845,0.00017139983538072556,-0.02235259674489498,-0.04623175784945488,0.024095773696899414,-0.0011076991213485599,-0.016712376847863197,0.01006076019257307,0.994557027800127,-0.104194837556574,0.00017517022573767388,0.10419469292803529,0.9945568155946489,0.0006949276933695611,-0.0002466245021750732,-0.0006728933510771404,0.9999997431954457,0.0006129957037046552,0.00037608068669214845,0.00017139983538072556,42.37552665575331,-0.005439611644469647,0.0005171115199715883,0.00010367325898071285,42.37552665575331,-0.005439611644469647,0.0005171115199715883,0.00010367325898071285,-0.019894052296876907,-0.045540452003479004,0.021251708269119263,0.0,0.0,0.0,0.9945737448908285,-0.10403396548163055,0.0,0.10403396548163055,0.9945737448908285,0.0,0.0,0.0,1.0,0.0,0.0,0.0
7,1774970702581882832,0.07012184,70,10.073837,0.4982940008630976,42.37203837581436,0.6834199738034574,-0.6834199738034574,-0.022514313459396362,-0.04635963216423988,0.024265795946121216,-0.0013728453777730465,-0.01690068654716015,0.010004483163356781,0.9945560056022851,-0.10420318667458095,0.00018690138680001883,0.10420302457985864,0.9945557709639479,0.0007317346220695239,-0.00026213293796719696,-0.0007082753760760604,0.9999997148161149,0.0011007330613210797,-0.0003360527043696493,2.0972958736820146e-05,-0.022514313459396362,-0.04635963216423988,0.024265795946121216,-0.0013728453777730465,-0.01690068654716015,0.010004483163356781,0.9945560056022851,-0.10420318667458095,0.00018690138680001883,0.10420302457985864,0.9945557709639479,0.0007317346220695239,-0.00026213293796719696,-0.0007082753760760604,0.9999997148161149,0.0011007330613210797,-0.0003360527043696493,2.0972958736820146e-05,42.37203837581436,-0.005716314956138712,0.0007933835588791095,0.00013294073617868004,42.37203837581436,-0.005716314956138712,0.0007933835588791095,0.00013294073617868004,-0.019894052296876907,-0.045540452003479004,0.021251708269119263,0.0,0.0,0.0,0.9945737448908285,-0.10403396548163055,0.0,0.10403396548163055,0.9945737448908285,0.0,0.0,0.0,1.0,0.0,0.0,0.0
8,1774970702591966741,0.080205749,80,10.083909,0.3868410003633471,42.36977296461581,0.6833834349131582,-0.6833834349131582,-0.022596711292862892,-0.04642840847373009,0.024357616901397705,-0.0014879738446325064,-0.01700558327138424,0.009997510351240635,0.9945558652865901,-0.10420425819962342,0.00019804729840712174,0.10420408627101008,0.9945556285778804,0.0007388464760335958,-0.0002739600337451839,-0.000714186773515136,0.9999997074415249,-0.0003890467341989279,-0.00037308476748876274,0.00025459358585067093,-0.022596711292862892,-0.04642840847373009,0.024357616901397705,-0.0014879738446325064,-0.01700558327138424,0.009997510351240635,0.9945558652865901,-0.10420425819962342,0.00019804729840712174,0.10420408627101008,0.9945556285778804,0.0007388464760335958,-0.0002739600337451839,-0.000714186773515136,0.9999997074415249,-0.0003890467341989279,-0.00037308476748876274,0.00025459358585067093,42.36977296461581,-0.005395529647178832,0.000861322380222667,9.875523407762772e-05,42.36977296461581,-0.005395529647178832,0.000861322380222667,9.875523407762772e-05,-0.019894052296876907,-0.045540452003479004,0.021251708269119263,0.0,0.0,0.0,0.9945737448908285,-0.10403396548163055,0.0,0.10403396548163055,0.9945737448908285,0.0,0.0,0.0,1.0,0.0,0.0,0.0
9,1774970702601808158,0.090047166,90,9.841417,0.3391900008864468,42.36672329056684,0.6833342466220458,-0.6833342466220458,-0.022673839703202248,-0.04648735374212265,0.02445194125175476,-0.0016352689126506448,-0.01716536097228527,0.010046116076409817,0.9945557421108588,-0.10420674633533733,0.00021021974279061134,0.10420656438316289,0.9945555054701771,0.0007435174521149279,-0.000286554637104669,-0.0007175632249580774,0.9999997014947135,-0.0007787788636051118,-0.0010745535837486386,-1.8813992937793955e-05,-0.022673839703202248,-0.04648735374212265,0.02445194125175476,-0.0016352689126506448,-0.01716536097228527,0.010046116076409817,0.9945557421108588,-0.10420674633533733,0.00021021974279061134,0.10420656438316289,0.9945555054701771,0.0007435174521149279,-0.000286554637104669,-0.0007175632249580774,0.9999997014947135,-0.0007787788636051118,-0.0010745535837486386,-1.8813992937793955e-05,42.36672329056684,-0.005354261136517611,0.0011027741467655309,0.000141748995674633,42.36672329056684,-0.005354261136517611,0.0011027741467655309,0.000141748995674633,-0.019894052296876907,-0.045540452003479004,0.021251708269119263,0.0,0.0,0.0,0.9945737448908285,-0.10403396548163055,0.0,0.10403396548163055,0.9945737448908285,0.0,0.0,0.0,1.0,0.0,0.0,0.0
10,1774970702611905337,0.100144345,100,10.097179,0.3949229994759662,42.36323192161402,0.683277934219581,-0.683277934219581,-0.022752324119210243,-0.046550244092941284,0.024545907974243164,-0.0017856305930763483,-0.01730794459581375,0.010128569789230824,0.9945551973621674,-0.10421242274328901,0.00021605325525697605,0.10421223392318857,0.9945549558018956,0.0007526776924793154,-0.0002933150517838313,-0.000726064045563593,0.999999693398638,0.00026018545031547546,0.0005848209257237613,-0.00045285664964467287,-0.022752324119210243,-0.046550244092941284,0.024545907974243164,-0.0017856305930763483,-0.01730794459581375,0.010128569789230824,0.9945551973621674,-0.10421242274328901,0.00021605325525697605,0.10421223392318857,0.9945549558018956,0.0007526776924793154,-0.0002933150517838313,-0.000726064045563593,0.999999693398638,0.00026018545031547546,0.0005848209257237613,-0.00045285664964467287,42.36323192161402,-0.005678539784896774,0.0007393000462669086,0.00021140335810317752,42.36323192161402,-0.005678539784896774,0.0007393000462669086,0.00021140335810317752,-0.019894052296876907,-0.045540452003479004,0.021251708269119263,0.0,0.0,0.0,0.9945737448908285,-0.10403396548163055,0.0,0.10403396548163055,0.9945737448908285,0.0,0.0,0.0,1.0,0.0,0.0,0.0
11,1774970702621865028,0.110104036,110,9.959691,0.3315860012662597,42.35968068263654,0.683220656171557,-0.683220656171557,-0.02283218316733837,-0.04661695286631584,0.02463972568511963,-0.0019438635790720582,-0.01747974380850792,0.010215691290795803,0.9945545557947659,-0.10421827578649623,0.00021980259054345773,0.1042180813229332,0.994554308172068,0.0007624925655166266,-0.00029807114813845334,-0.0007354329894185916,0.9999996851459421,0.0005096846143715084,0.00033315931796096265,-0.00042895064689219,-0.02283218316733837,-0.04661695286631584,0.02463972568511963,-0.0019438635790720582,-0.01747974380850792,0.010215691290795803,0.9945545557947659,-0.10421827578649623,0.00021980259054345773,0.1042180813229332,0.994554308172068,0.0007624925655166266,-0.00029807114813845334,-0.0007354329894185916,0.9999996851459421,0.0005096846143715084,0.00033315931796096265,-0.00042895064689219,42.35968068263654,-0.005813706572076231,0.0008494842796248803,0.00021251446388805223,42.35968068263654,-0.005813706572076231,0.0008494842796248803,0.00021251446388805223,-0.019894052296876907,-0.045540452003479004,0.021251708269119263,0.0,0.0,0.0,0.9945737448908285,-0.10403396548163055,0.0,0.10403396548163055,0.9945737448908285,0.0,0.0,0.0,1.0,0.0,0.0,0.0
12,1774970702631888970,0.120127978,120,10.023942,0.3800140002567787,42.35529223651274,0.6831498747824635,-0.6831498747824635,-0.022990945726633072,-0.046751830726861954,0.024816542863845825,-0.00228039245121181,-0.017737839370965958,0.010214082896709442,0.9945526589861188,-0.10423511845307187,0.0002341973615517419,0.10423490994202345,0.9945524075677995,0.0007735723364566335,-0.000313554950816565,-0.0007449468818024503,0.9999996733686657,0.00010856008157134056,-0.00029239393188618124,-0.0004343525506556034,-0.022990945726633072,-0.046751830726861954,0.024816542863845825,-0.00228039245121181,-0.017737839370965958,0.010214082896709442,0.9945526589861188,-0.10423511845307187,0.0002341973615517419,0.10423490994202345,0.9945524075677995,0.0007735723364566335,-0.000313554950816565,-0.0007449468818024503,0.9999996733686657,0.00010856008157134056,-0.00029239393188618124,-0.0004343525506556034,42.35529223651274,-0.005820582046684422,0.0011233845666046866,0.0002268565216604998,42.35529223651274,-0.005820582046684422,0.0011233845666046866,0.0002268565216604998,-0.019894052296876907,-0.045540452003479004,0.021251708269119263,0.0,0.0,0.0,0.9945737448908285,-0.10403396548163055,0.0,0.10403396548163055,0.9945737448908285,0.0,0.0,0.0,1.0,0.0,0.0,0.0
13,1774970702641880836,0.130119844,130,9.991866,0.41633400178398006,42.35292313493811,0.6831116634667437,-0.6831116634667437,-0.023069778457283974,-0.046819642186164856,0.024881511926651,-0.002439658623188734,-0.017824236303567886,0.010262277908623219,0.9945526112388191,-0.10423618894357767,0.0002344872080388069,0.10423597595742251,0.9945523497344456,0.0007871121622933276,-0.0003152553086243036,-0.0007583824214392812,0.9999996627350602,0.0010787869105115533,0.0010335108963772655,0.0002393227769061923,-0.023069778457283974,-0.046819642186164856,0.024881511926651,-0.002439658623188734,-0.017824236303567886,0.010262277908623219,0.9945526112388191,-0.10423618894357767,0.0002344872080388069,0.10423597595742251,0.9945523497344456,0.0007871121622933276,-0.0003152553086243036,-0.0007583824214392812,0.9999996627350602,0.0010787869105115533,0.0010335108963772655,0.0002393227769061923,42.35292313493811,-0.006127896797904576,0.0008324017544667083,0.00012664692952983684,42.35292313493811,-0.006127896797904576,0.0008324017544667083,0.00012664692952983684,-0.019894052296876907,-0.045540452003479004,0.021251708269119263,0.0,0.0,0.0,0.9945737448908285,-0.10403396548163055,0.0,0.10403396548163055,0.9945737448908285,0.0,0.0,0.0,1.0,0.0,0.0,0.0
14,1774970702651888790,0.140127798,140,10.007954,0.35275600021122955,42.35055563217491,0.683073477938305,-0.683073477938305,-0.023150166496634483,-0.04689066484570503,0.024946898221969604,-0.00263458164408803,-0.017926473170518875,0.010309359058737755,0.994552879160641,-0.10423441844629244,0.00023038690248460003,0.10423420682077267,0.9945526120916622,0.0007927318092751049,-0.0003117616864898084,-0.0007643994355767542,0.9999996592490645,-0.0005760286003351212,0.001058103982359171,0.0003699639346450567,-0.023150166496634483,-0.04689066484570503,0.024946898221969604,-0.00263458164408803,-0.017926473170518875,0.010309359058737755,0.994552879160641,-0.10423441844629244,0.00023038690248460003,0.10423420682077267,0.9945526120916622,0.0007927318092751049,-0.0003117616864898084,-0.0007643994355767542,0.9999996592490645,-0.0005760286003351212,0.001058103982359171,0.0003699639346450567,42.35055563217491,-0.005763573557844718,0.000862905495678809,0.00010559562416934672,42.35055563217491,-0.005763573557844718,0.000862905495678809,0.00010559562416934672,-0.019894052296876907,-0.045540452003479004,0.021251708269119263,0.0,0.0,0.0,0.9945737448908285,-0.10403396548163055,0.0,0.10403396548163055,0.9945737448908285,0.0,0.0,0.0,1.0,0.0,0.0,0.0
15,1774970702661929156,0.150168164,150,10.040366,0.49678299910738133,42.3477808737579,0.6830287237702887,-0.6830287237702887,-0.02323184721171856,-0.046965211629867554,0.025012493133544922,-0.0027573504485189915,-0.018071353435516357,0.010386943817138672,0.994552310289676,-0.10423885623114515,0.0002318789187212445,0.10423863887580542,0.994552032414917,0.0008073434223232583,-0.0003147721586725903,-0.0007787745005074075,0.999999647214335,0.0011569024063646793,2.12008562812116e-05,0.0002704575308598578,-0.02323184721171856,-0.046965211629867554,0.025012493133544922,-0.0027573504485189915,-0.018071353435516357,0.010386943817138672,0.994552310289676,-0.10423885623114515,0.0002318789187212445,0.10423863887580542,0.994552032414917,0.0008073434223232583,-0.0003147721586725903,-0.0007787745005074075,0.999999647214335,0.0011569024063646793,2.12008562812116e-05,0.0002704575308598578,42.3477808737579,-0.0062763547771941455,0.001157214448852738,0.0001240873584388053,42.3477808737579,-0.0062763547771941455,0.001157214448852738,0.0001240873584388053,-0.019894052296876907,-0.045540452003479004,0.021251708269119263,0.0,0.0,0.0,0.9945737448908285,-0.10403396548163055,0.0,0.10403396548163055,0.9945737448908285,0.0,0.0,0.0,1.0,0.0,0.0,0.0
16,1774970702671828841,0.160067849,160,9.899685,0.4366890007077018,42.34404092299637,0.6829684019838125,-0.6829684019838125,-0.02338646724820137,-0.04711564630270004,0.025138825178146362,-0.0029933101031929255,-0.01836806908249855,0.01042700931429863,0.9945514991347923,-0.1042463055177818,0.000241114402245321,0.1042460786735786,0.9945512186730892,0.0008144314414336093,-0.0003247020735194922,-0.0007848587715110836,0.9999996392825767,0.00018358314991928637,0.00011452061880845577,0.0004150091845076531,-0.02338646724820137,-0.04711564630270004,0.025138825178146362,-0.0029933101031929255,-0.01836806908249855,0.01042700931429863,0.9945514991347923,-0.1042463055177818,0.000241114402245321,0.1042460786735786,0.9945512186730892,0.0008144314414336093,-0.0003247020735194922,-0.0007848587715110836,0.9999996392825767,0.00018358314991928637,0.00011452061880845577,0.0004150091845076531,42.34404092299637,-0.006137850819892127,0.001216498385197418,0.000108377636617667,42.34404092299637,-0.006137850819892127,0.001216498385197418,0.000108377636617667,-0.019894052296876907,-0.045540452003479004,0.021251708269119263,0.0,0.0,0.0,0.9945737448908285,-0.10403396548163055,0.0,0.10403396548163055,0.9945737448908285,0.0,0.0,0.0,1.0,0.0,0.0,0.0
17,1774970702681863441,0.170102449,170,10.0346,0.36529799945128616,42.342193286961916,0.6829386014026115,-0.6829386014026115,-0.023465385660529137,-0.04719608649611473,0.02520197629928589,-0.003143769223242998,-0.01849416270852089,0.010437156073749065,0.9945515021255074,-0.1042463118589223,0.0002437719563668523,0.10424608008390845,0.9945512156823741,0.0008231117173857095,-0.00032825003374409127,-0.0007932147132747713,0.9999996315311064,0.0003785075678024441,0.00021021420252509415,-0.0001245940657099709,-0.023465385660529137,-0.04719608649611473,0.02520197629928589,-0.003143769223242998,-0.01849416270852089,0.010437156073749065,0.9945515021255074,-0.1042463118589223,0.0002437719563668523,0.10424608008390845,0.9945512156823741,0.0008231117173857095,-0.00032825003374409127,-0.0007932147132747713,0.9999996315311064,0.0003785075678024441,0.00021021420252509415,-0.0001245940657099709,42.342193286961916,-0.006248685695097942,0.0012362227778879142,0.00018930752501858652,42.342193286961916,-0.006248685695097942,0.0012362227778879142,0.00018930752501858652,-0.019894052296876907,-0.045540452003479004,0.021251708269119263,0.0,0.0,0.0,0.9945737448908285,-0.10403396548163055,0.0,0.10403396548163055,0.9945737448908285,0.0,0.0,0.0,1.0,0.0,0.0,0.0
18,1774970702691854438,0.180093446,180,9.990997,0.40299399915966205,42.34045728836884,0.6829106014253038,-0.6829106014253038,-0.023545611649751663,-0.04727981612086296,0.02526518702507019,-0.003295391332358122,-0.018629426136612892,0.010438422672450542,0.9945513388978946,-0.10424791158772417,0.00024210276857179053,0.10424767763681775,0.994551043364607,0.0008338089938810713,-0.00032770638033331224,-0.0008040271868014967,0.9999996230743433,6.52677845209837e-05,0.000702620018273592,0.00032032240414991975,-0.023545611649751663,-0.04727981612086296,0.02526518702507019,-0.003295391332358122,-0.018629426136612892,0.010438422672450542,0.9945513388978946,-0.10424791158772417,0.00024210276857179053,0.10424767763681775,0.994551043364607,0.0008338089938810713,-0.00032770638033331224,-0.0008040271868014967,0.9999996230743433,6.52677845209837e-05,0.000702620018273592,0.00032032240414991975,42.34045728836884,-0.006239829624025676,0.0011461059111538495,0.00012383863892393804,42.34045728836884,-0.006239829624025676,0.0011461059111538495,0.00012383863892393804,-0.019894052296876907,-0.045540452003479004,0.021251708269119263,0.0,0.0,0.0,0.9945737448908285,-0.10403396548163055,0.0,0.10403396548163055,0.9945737448908285,0.0,0.0,0.0,1.0,0.0,0.0,0.0
19,1774970702701866106,0.190105114,190,10.011668,0.3439550000621239,42.336134252237656,0.6828408750360913,-0.6828408750360913,-0.023691417649388313,-0.047464702278375626,0.025384366512298584,-0.003501335857436061,-0.018999982625246048,0.010535220615565777,0.9945507484972295,-0.10425447334376559,0.0002494064534812653,0.10425423174518667,0.9945504511157596,0.0008391071265355567,-0.0003355278400736534,-0.0008085328795889319,0.9999996168477954,-5.2487783250398934e-05,-6.616384780500084e-06,-0.0007592295296490192,-0.023691417649388313,-0.047464702278375626,0.025384366512298584,-0.003501335857436061,-0.018999982625246048,0.010535220615565777,0.9945507484972295,-0.10425447334376559,0.0002494064534812653,0.10425423174518667,0.9945504511157596,0.0008391071265355567,-0.0003355278400736534,-0.0008085328795889319,0.9999996168477954,-5.2487783250398934e-05,-6.616384780500084e-06,-0.0007592295296490192,42.336134252237656,-0.006329533931141097,0.0013919373818288992,0.0002910215658777806,42.336134252237656,-0.006329533931141097,0.0013919373818288992,0.0002910215658777806,-0.019894052296876907,-0.045540452003479004,0.021251708269119263,0.0,0.0,0.0,0.9945737448908285,-0.10403396548163055,0.0,0.10403396548163055,0.9945737448908285,0.0,0.0,0.0,1.0,0.0,0.0,0.0
20,1774970702711851182,0.20009019,200,9.985076,0.41564899947843514,42.33495750578379,0.6828218952545773,-0.6828218952545773,-0.02376558445394039,-0.04756242781877518,0.02544116973876953,-0.003592622699216008,-0.019146524369716644,0.010504579171538353,0.9945499051309847,-0.10426262940223685,0.00025004160462707703,0.10426238360498608,0.9945495990635569,0.000850043638546797,-0.0003373064161484897,-0.000819340816207409,0.9999996074524756,0.0004329191870056093,0.000244838185608387,-0.00046487763756886125,-0.02376558445394039,-0.04756242781877518,0.02544116973876953,-0.003592622699216008,-0.019146524369716644,0.010504579171538353,0.9945499051309847,-0.10426262940223685,0.00025004160462707703,0.10426238360498608,0.9945495990635569,0.000850043638546797,-0.0003373064161484897,-0.000819340816207409,0.9999996074524756,0.0004329191870056093,0.000244838185608387,-0.00046487763756886125,42.33495750578379,-0.006523627330549288,0.0013543242823791889,0.0002534163210871991,42.33495750578379,-0.006523627330549288,0.0013543242823791889,0.0002534163210871991,-0.019894052296876907,-0.045540452003479004,0.021251708269119263,0.0,0.0,0.0,0.9945737448908285,-0.10403396548163055,0.0,0.10403396548163055,0.9945737448908285,0.0,0.0,0.0,1.0,0.0,0.0,0.0
21,1774970702721852376,0.210091384,210,10.001194,0.4953970001224661,42.33402342425264,0.6828068294234297,-0.6828068294234297,-0.02384050376713276,-0.04766308143734932,0.025497764348983765,-0.003693031845614314,-0.01923678070306778,0.01045551523566246,0.9945495967033757,-0.1042652880106254,0.00025024369889194154,0.10426504140757298,0.9945492891513261,0.0008519375071244784,-0.0003377070875482113,-0.0008212023793805617,0.9999996057902479,-0.00020483150728978217,0.0005086620803922415,-4.482758231461048e-05,-0.02384050376713276,-0.04766308143734932,0.025497764348983765,-0.003693031845614314,-0.01923678070306778,0.01045551523566246,0.9945495967033757,-0.1042652880106254,0.00025024369889194154,0.10426504140757298,0.9945492891513261,0.0008519375071244784,-0.0003377070875482113,-0.0008212023793805617,0.9999996057902479,-0.00020483150728978217,0.0005086620803922415,-4.482758231461048e-05,42.33402342425264,-0.0064033915529831025,0.0013156300401147539,0.00019253751944954244,42.33402342425264,-0.0064033915529831025,0.0013156300401147539,0.00019253751944954244,-0.019894052296876907,-0.045540452003479004,0.021251708269119263,0.0,0.0,0.0,0.9945737448908285,-0.10403396548163055,0.0,0.10403396548163055,0.9945737448908285,0.0,0.0,0.0,1.0,0.0,0.0,0.0
22,1774970702731899007,0.220138015,220,10.046631,0.5083159994683228,42.332405515399216,0.6827807341193421,-0.6827807341193421,-0.024010099470615387,-0.04786213859915733,0.025585800409317017,-0.003895461792126298,-0.019559327512979507,0.010400724597275257,0.9945487468982804,-0.10427362023334119,0.000245148887267798,0.10427337306859119,0.994548425846142,0.0008661681622995389,-0.000334130789763621,-0.0008358838900480968,0.9999995948273341,0.0009262484963983297,1.610076469660271e-05,-0.0002866871654987335,-0.024010099470615387,-0.04786213859915733,0.025585800409317017,-0.003895461792126298,-0.019559327512979507,0.010400724597275257,0.9945487468982804,-0.10427362023334119,0.000245148887267798,0.10427337306859119,0.994548425846142,0.0008661681622995389,-0.000334130789763621,-0.0008358838900480968,0.9999995948273341,0.0009262484963983297,1.610076469660271e-05,-0.0002866871654987335,42.332405515399216,-0.006819637798166359,0.001479426338740442,0.0002354882290157996,42.332405515399216,-0.006819637798166359,0.001479426338740442,0.0002354882290157996,-0.019894052296876907,-0.045540452003479004,0.021251708269119263,0.0,0.0,0.0,0.9945737448908285,-0.10403396548163055,0.0,0.10403396548163055,0.9945737448908285,0.0,0.0,0.0,1.0,0.0,0.0,0.0
23,1774970702741863024,0.230102032,230,9.964017,0.5982109996693907,42.331586667071434,0.6827675268882489,-0.6827675268882489,-0.024095872417092323,-0.04796623811125755,0.02563023567199707,-0.003977282904088497,-0.019658099859952927,0.010364558547735214,0.9945487865471502,-0.10427291827967156,0.00024554618071738477,0.10427266719074546,0.9945484566097836,0.0008768887482438065,-0.0003356432192009734,-0.0008465048334568986,0.999999585386548,0.0007036082679405808,0.00013127266720402986,0.0002326077810721472,-0.024095872417092323,-0.04796623811125755,0.02563023567199707,-0.003977282904088497,-0.019658099859952927,0.010364558547735214,0.9945487865471502,-0.10427291827967156,0.00024554618071738477,0.10427266719074546,0.9945484566097836,0.0008768887482438065,-0.0003356432192009734,-0.0008465048334568986,0.999999585386548,0.0007036082679405808,0.00013127266720402986,0.0002326077810721472,42.331586667071434,-0.0068271655854574695,0.0014757428498436624,0.00015701909069621103,42.331586667071434,-0.0068271655854574695,0.0014757428498436624,0.00015701909069621103,-0.019894052296876907,-0.045540452003479004,0.021251708269119263,0.0,0.0,0.0,0.9945737448908285,-0.10403396548163055,0.0,0.10403396548163055,0.9945737448908285,0.0,0.0,0.0,1.0,0.0,0.0,0.0
24,1774970702751846673,0.240085681,240,9.983649,0.4355709988885792,42.330198998386464,0.6827451451352655,-0.6827451451352655,-0.02418186329305172,-0.04807303845882416,0.025674760341644287,-0.004049896262586117,-0.01975838653743267,0.01037176139652729,0.9945482037796597,-0.10427752903138132,0.00025065879923665685,0.10427727259983754,0.9945478730503067,0.0008798649459660635,-0.000341042320558739,-0.0008489300868519956,0.9999995815038332,-0.0005004115519113839,-0.0005368865095078945,-0.0004372430266812444,-0.02418186329305172,-0.04807303845882416,0.025674760341644287,-0.004049896262586117,-0.01975838653743267,0.01037176139652729,0.9945482037796597,-0.10427752903138132,0.00025065879923665685,0.10427727259983754,0.9945478730503067,0.0008798649459660635,-0.000341042320558739,-0.0008489300868519956,0.9999995815038332,-0.0005004115519113839,-0.0005368865095078945,-0.0004372430266812444,42.330198998386464,-0.006570499195605489,0.0016777877670572797,0.0002612052203740457,42.330198998386464,-0.006570499195605489,0.0016777877670572797,0.0002612052203740457,-0.019894052296876907,-0.045540452003479004,0.021251708269119263,0.0,0.0,0.0,0.9945737448908285,-0.10403396548163055,0.0,0.10403396548163055,0.9945737448908285,0.0,0.0,0.0,1.0,0.0,0.0,0.0
25,1774970702761940610,0.250179618,250,10.093937,0.39857299998402596,42.3294863505495,0.6827336508153146,-0.6827336508153146,-0.024267666041851044,-0.04816676676273346,0.025705307722091675,-0.004147321451455355,-0.0198361836373806,0.010352431796491146,0.9945471092278153,-0.1042888717840984,0.00025580467493058895,0.10428861003020229,0.9945467779347383,0.0008826125934758774,-0.00034645628293773073,-0.0008511222391005477,0.9999995777794356,-0.0003255063493270427,-0.00033310099388472736,-0.0016526016406714916,-0.024267666041851044,-0.04816676676273346,0.025705307722091675,-0.004147321451455355,-0.0198361836373806,0.010352431796491146,0.9945471092278153,-0.1042888717840984,0.00025580467493058895,0.10428861003020229,0.9945467779347383,0.0008826125934758774,-0.00034645628293773073,-0.0008511222391005477,0.9999995777794356,-0.0003255063493270427,-0.00033310099388472736,-0.0016526016406714916,42.3294863505495,-0.006652192470523239,0.0016675841676582722,0.0004526132643945721,42.3294863505495,-0.006652192470523239,0.0016675841676582722,0.0004526132643945721,-0.019894052296876907,-0.045540452003479004,0.021251708269119263,0.0,0.0,0.0,0.9945737448908285,-0.10403396548163055,0.0,0.10403396548163055,0.9945737448908285,0.0,0.0,0.0,1.0,0.0,0.0,0.0
26,1774970702771843491,0.260082499,260,9.902881,0.670821998937754,42.32855945241939,0.682718700845474,-0.682718700845474,-0.024441087618470192,-0.048362575471401215,0.025767892599105835,-0.004369398579001427,-0.020019980147480965,0.010290796868503094,0.9945468564193763,-0.10429047461616081,0.00025978292655617907,0.10429020597255123,0.9945465179692544,0.0008925972921071251,-0.0003514555888929488,-0.000860637010500348,0.9999995678913632,0.00035654427483677864,0.0007037474424578249,-0.0002269113902002573,-0.024441087618470192,-0.048362575471401215,0.025767892599105835,-0.004369398579001427,-0.020019980147480965,0.010290796868503094,0.9945468564193763,-0.10429047461616081,0.00025978292655617907,0.10429020597255123,0.9945465179692544,0.0008925972921071251,-0.0003514555888929488,-0.000860637010500348,0.9999995678913632,0.00035654427483677864,0.0007037474424578249,-0.0002269113902002573,42.32855945241939,-0.006917304320989287,0.0014792313405539096,0.00024002744522302227,42.32855945241939,-0.006917304320989287,0.0014792313405539096,0.00024002744522302227,-0.019894052296876907,-0.045540452003479004,0.021251708269119263,0.0,0.0,0.0,0.9945737448908285,-0.10403396548163055,0.0,0.10403396548163055,0.9945737448908285,0.0,0.0,0.0,1.0,0.0,0.0,0.0
27,1774970702781874305,0.270113313,270,10.030814,0.6062160009605577,42.32817725678424,0.6827125363997457,-0.6827125363997457,-0.02452857233583927,-0.04846466705203056,0.02579963207244873,-0.0044692629016935825,-0.02013344131410122,0.010243559256196022,0.9945467390535444,-0.10429118793699121,0.00025416309688573724,0.10429091977962268,0.9945463877501649,0.0009051557120521182,-0.00034717679257885263,-0.0008737127775040182,0.9999995580470175,0.0011904691345989704,0.0006731225876137614,0.0003589013940654695,-0.02452857233583927,-0.04846466705203056,0.02579963207244873,-0.0044692629016935825,-0.02013344131410122,0.010243559256196022,0.9945467390535444,-0.10429118793699121,0.00025416309688573724,0.10429091977962268,0.9945463877501649,0.0009051557120521182,-0.00034717679257885263,-0.0008737127775040182,0.9999995580470175,0.0011904691345989704,0.0006731225876137614,0.0003589013940654695,42.32817725678424,-0.007196657724579131,0.0015005539938725016,0.00015271562290563687,42.32817725678424,-0.007196657724579131,0.0015005539938725016,0.00015271562290563687,-0.019894052296876907,-0.045540452003479004,0.021251708269119263,0.0,0.0,0.0,0.9945737448908285,-0.10403396548163055,0.0,0.10403396548163055,0.9945737448908285,0.0,0.0,0.0,1.0,0.0,0.0,0.0
28,1774970702791879351,0.280118359,280,10.005046,0.5887669994990574,42.32823148574134,0.6827134110603442,-0.6827134110603442,-0.024620717391371727,-0.04854502156376839,0.025819629430770874,-0.0045492323115468025,-0.02022378332912922,0.01018433552235365,0.9945470428214206,-0.10428871268595974,0.00025437812762956966,0.10428844164446405,0.9945466847866159,0.0009129107704188792,-0.0003481972007481123,-0.0008814040026879251,0.9999995509427501,0.0006826557219028473,-7.724316674284637e-05,0.00048778485506772995,-0.024620717391371727,-0.04854502156376839,0.025819629430770874,-0.0045492323115468025,-0.02022378332912922,0.01018433552235365,0.9945470428214206,-0.10428871268595974,0.00025437812762956966,0.10428844164446405,0.9945466847866159,0.0009129107704188792,-0.0003481972007481123,-0.0008814040026879251,0.9999995509427501,0.0006826557219028473,-7.724316674284637e-05,0.00048778485506772995,42.32823148574134,-0.0071207057761521015,0.0017137448435093142,0.0001313722814631594,42.32823148574134,-0.0071207057761521015,0.0017137448435093142,0.0001313722814631594,-0.019894052296876907,-0.045540452003479004,0.021251708269119263,0.0,0.0,0.0,0.9945737448908285,-0.10403396548163055,0.0,0.10403396548163055,0.9945737448908285,0.0,0.0,0.0,1.0,0.0,0.0,0.0
29,1774970702801873127,0.290112135,290,9.993776,0.5974089999654097,42.327619606514816,0.6827035420405615,-0.6827035420405615,-0.02471301704645157,-0.04862849414348602,0.025840193033218384,-0.004631989169865847,-0.02033117599785328,0.010175161994993687,0.9945478325873507,-0.10428180891193772,0.00025483176845233525,0.1042815346005661,0.9945474674221872,0.0009211399456678562,-0.0003495003423288224,-0.0008895434449365369,0.9999995432809122,0.0007822569459676743,0.00024545082123950124,0.001228504697792232,-0.02471301704645157,-0.04862849414348602,0.025840193033218384,-0.004631989169865847,-0.02033117599785328,0.010175161994993687,0.9945478325873507,-0.10428180891193772,0.00025483176845233525,0.1042815346005661,0.9945474674221872,0.0009211399456678562,-0.0003495003423288224,-0.0008895434449365369,0.9999995432809122,0.0007822569459676743,0.00024545082123950124,0.001228504697792232,42.327619606514816,-0.007201769106561068,0.0016594319018401146,1.4691781150702586e-05,42.327619606514816,-0.007201769106561068,0.0016594319018401146,1.4691781150702586e-05,-0.019894052296876907,-0.045540452003479004,0.021251708269119263,0.0,0.0,0.0,0.9945737448908285,-0.10403396548163055,0.0,0.10403396548163055,0.9945737448908285,0.0,0.0,0.0,1.0,0.0,0.0,0.0
30,1774970702811881885,0.300120893,300,10.008758,0.3874809990520589,42.327223152979656,0.6826971476287041,-0.6826971476287041,-0.02480541169643402,-0.04871534928679466,0.025861501693725586,-0.004655475728213787,-0.020482610911130905,0.010147922672331333,0.9945482426875076,-0.1042772124707747,0.0002595037030704919,0.10427693011435513,0.9945478693501355,0.0009321119488253302,-0.0003552868840570808,-0.0008999700478722963,0.9999995319124644,0.0010444322833791375,-0.0005428687436506152,0.00027743790997192264,-0.02480541169643402,-0.04871534928679466,0.025861501693725586,-0.004655475728213787,-0.020482610911130905,0.010147922672331333,0.9945482426875076,-0.1042772124707747,0.0002595037030704919,0.10427693011435513,0.9945478693501355,0.0009321119488253302,-0.0003552868840570808,-0.0008999700478722963,0.9999995319124644,0.0010444322833791375,-0.0005428687436506152,0.00027743790997192264,42.327223152979656,-0.007338500146589104,0.001880421739929508,0.00015365059733840164,42.327223152979656,-0.007338500146589104,0.001880421739929508,0.00015365059733840164,-0.019894052296876907,-0.045540452003479004,0.021251708269119263,0.0,0.0,0.0,0.9945737448908285,-0.10403396548163055,0.0,0.10403396548163055,0.9945737448908285,0.0,0.0,0.0,1.0,0.0,0.0,0.0
