step,timestamp_ns,experiment_time_s,reference_index,tick_dt_ms,solver_ms,px4_collective_command_newton,px4_collective_normalized,px4_thrust_body_z,state_raw_0,state_raw_1,state_raw_2,state_raw_3,state_raw_4,state_raw_5,state_raw_6,state_raw_7,state_raw_8,state_raw_9,state_raw_10,state_raw_11,state_raw_12,state_raw_13,state_raw_14,state_raw_15,state_raw_16,state_raw_17,state_used_0,state_used_1,state_used_2,state_used_3,state_used_4,state_used_5,state_used_6,state_used_7,state_used_8,state_used_9,state_used_10,state_used_11,state_used_12,state_used_13,state_used_14,state_used_15,state_used_16,state_used_17,control_raw_0,control_raw_1,control_raw_2,control_raw_3,control_used_0,control_used_1,control_used_2,control_used_3,reference_0,reference_1,reference_2,reference_3,reference_4,reference_5,reference_6,reference_7,reference_8,reference_9,reference_10,reference_11,reference_12,reference_13,reference_14,reference_15,reference_16,reference_17
0,1774971253945130063,0.0,0,0.0,0.6880649998493027,42.62498208618675,0.6874997110675282,-0.6874997110675282,-0.020034708082675934,0.0394585095345974,0.006938561797142029,-0.013071544468402863,-0.007438956294208765,-0.002653480740264058,0.9946392107212377,-0.10340635005016718,-8.178935071535137e-06,0.10340633919063325,0.9946390632587109,0.0005437433081418343,-4.809141374419526e-05,-0.0005416741604064336,0.9999998521381512,0.0008952831849455833,-4.6932516852393746e-05,0.00019448289822321385,-0.020034708082675934,0.0394585095345974,0.006938561797142029,-0.013071544468402863,-0.007438956294208765,-0.002653480740264058,0.9946392107212377,-0.10340635005016718,-8.178935071535137e-06,0.10340633919063325,0.9946390632587109,0.0005437433081418343,-4.809141374419526e-05,-0.0005416741604064336,0.9999998521381512,0.0008952831849455833,-4.6932516852393746e-05,0.00019448289822321385,42.62498208618675,-0.0035730059909988366,0.002079396302613579,-2.5384686776507056e-05,42.62498208618675,-0.0035730059909988366,0.002079396302613579,-2.5384686776507056e-05,-0.023013824597001076,0.04141023010015488,0.007568031549453735,0.0,0.0,0.0,0.9946397419983002,-0.10340108141385636,0.0,0.10340108141385636,0.9946397419983002,0.0,0.0,0.0,1.0,0.0,0.0,0.0
1,1774971253954955550,0.009825487,9,9.825487,0.4428669999470003,42.63074042560433,0.6875925875097473,-0.6875925875097473,-0.01978573575615883,0.039407163858413696,0.0067721158266067505,-0.012822967022657394,-0.007638650014996529,-0.0027874482329934835,0.9946388431610454,-0.1034102401703414,-3.495766629611069e-05,0.10341024376638086,0.9946386925912624,0.0005477256531820976,-2.1870166142461123e-05,-0.0005484041624746541,0.9999998493872811,-0.0001088717399397865,0.0008162574958987534,0.0001899873313959688,-0.01978573575615883,0.039407163858413696,0.0067721158266067505,-0.012822967022657394,-0.007638650014996529,-0.0027874482329934835,0.9946388431610454,-0.1034102401703414,-3.495766629611069e-05,0.10341024376638086,0.9946386925912624,0.0005477256531820976,-2.1870166142461123e-05,-0.0005484041624746541,0.9999998493872811,-0.0001088717399397865,0.0008162574958987534,0.0001899873313959688,42.63074042560433,-0.0033700806074016655,0.0017096451503579475,-2.157502085147341e-05,42.63074042560433,-0.0033700806074016655,0.0017096451503579475,-2.157502085147341e-05,-0.023013824597001076,0.04141023010015488,0.007568031549453735,0.0,0.0,0.0,0.9946397419983002,-0.10340108141385636,0.0,0.10340108141385636,0.9946397419983002,0.0,0.0,0.0,1.0,0.0,0.0,0.0
2,1774971253965011522,0.019881459,19,10.055972,0.36858400017081294,42.63398173145626,0.6876448666363912,-0.6876448666363912,-0.019662121310830116,0.03939271718263626,0.006678909063339233,-0.012709095142781734,-0.007691153325140476,-0.002861923538148403,0.994638341816562,-0.10341501902914385,-4.4596380788167536e-05,0.10341502792034918,0.9946381913139309,0.0005473035918897272,-1.224212270119554e-05,-0.0005489810464001186,0.999999849234966,-0.000465600925963372,0.0004253490478731692,-0.0003400936839170754,-0.019662121310830116,0.03939271718263626,0.006678909063339233,-0.012709095142781734,-0.007691153325140476,-0.002861923538148403,0.994638341816562,-0.10341501902914385,-4.4596380788167536e-05,0.10341502792034918,0.9946381913139309,0.0005473035918897272,-1.224212270119554e-05,-0.0005489810464001186,0.999999849234966,-0.000465600925963372,0.0004253490478731692,-0.0003400936839170754,42.63398173145626,-0.0032881466633305537,0.0017431120389060474,6.178766344359783e-05,42.63398173145626,-0.0032881466633305537,0.0017431120389060474,6.178766344359783e-05,-0.023013824597001076,0.04141023010015488,0.007568031549453735,0.0,0.0,0.0,0.9946397419983002,-0.10340108141385636,0.0,0.10340108141385636,0.9946397419983002,0.0,0.0,0.0,1.0,0.0,0.0,0.0
3,1774971253974928650,0.029798587,29,9.917128,0.38844200025778264,42.64027140955339,0.6877463130573128,-0.6877463130573128,-0.019425589591264725,0.03935830667614937,0.006496042013168335,-0.012376651167869568,-0.007840636186301708,-0.0030054342932999134,0.9946377865487926,-0.10342085527916978,-6.982269471768332e-05,0.10342087797620603,0.9946376391842199,0.0005415987832460833,1.3435719823901016e-05,-0.0005459156822661265,0.9999998508977773,0.0007453716243617237,-0.00023834405874367803,-0.0009504432091489434,-0.019425589591264725,0.03935830667614937,0.006496042013168335,-0.012376651167869568,-0.007840636186301708,-0.0030054342932999134,0.9946377865487926,-0.10342085527916978,-6.982269471768332e-05,0.10342087797620603,0.9946376391842199,0.0005415987832460833,1.3435719823901016e-05,-0.0005459156822661265,0.9999998508977773,0.0007453716243617237,-0.00023834405874367803,-0.0009504432091489434,42.64027140955339,-0.003600824821837774,0.0017448847199960577,0.00015804777080120696,42.64027140955339,-0.003600824821837774,0.0017448847199960577,0.00015804777080120696,-0.023013824597001076,0.04141023010015488,0.007568031549453735,0.0,0.0,0.0,0.9946397419983002,-0.10340108141385636,0.0,0.10340108141385636,0.9946397419983002,0.0,0.0,0.0,1.0,0.0,0.0,0.0
4,1774971253985017421,0.039887358,39,10.088771,0.38950999987719115,42.644561803889715,0.6878155129659631,-0.6878155129659631,-0.019302906468510628,0.039372194558382034,0.006385773420333862,-0.012260595336556435,-0.007929409854114056,-0.003128046402707696,0.9946374447093188,-0.103424219724088,-7.569894998732743e-05,0.10342424571103481,0.9946372951183594,0.0005458319273499296,1.884081053565509e-05,-0.0005507339174248144,0.9999998481685918,0.0007361533935181797,0.0006163527141325176,2.4868993932614103e-05,-0.019302906468510628,0.039372194558382034,0.006385773420333862,-0.012260595336556435,-0.007929409854114056,-0.003128046402707696,0.9946374447093188,-0.103424219724088,-7.569894998732743e-05,0.10342424571103481,0.9946372951183594,0.0005458319273499296,1.884081053565509e-05,-0.0005507339174248144,0.9999998481685918,0.0007361533935181797,0.0006163527141325176,2.4868993932614103e-05,42.644561803889715,-0.003621068929000116,0.0014755863278037918,1.4463555044984629e-05,42.644561803889715,-0.003621068929000116,0.0014755863278037918,1.4463555044984629e-05,-0.023013824597001076,0.04141023010015488,0.007568031549453735,0.0,0.0,0.0,0.9946397419983002,-0.10340108141385636,0.0,0.10340108141385636,0.9946397419983002,0.0,0.0,0.0,1.0,0.0,0.0,0.0
5,1774971253994974892,0.049844829,49,9.957471,0.4356220015324652,42.64830535178566,0.6878758927707365,-0.6878758927707365,-0.019184095785021782,0.03938361629843712,0.006276771426200867,-0.012135361321270466,-0.007968262769281864,-0.0032105909194797277,0.9946372600494243,-0.103426167335404,-7.704744682342571e-05,0.10342619405942655,0.9946371106317343,0.000545565000204782,2.0208614092010607e-05,-0.0005506079280458397,0.9999998482112669,-0.0003203734231647104,-0.0007223662105388939,-0.00024530303198844194,-0.019184095785021782,0.03938361629843712,0.006276771426200867,-0.012135361321270466,-0.007968262769281864,-0.0032105909194797277,0.9946372600494243,-0.103426167335404,-7.704744682342571e-05,0.10342619405942655,0.9946371106317343,0.000545565000204782,2.0208614092010607e-05,-0.0005506079280458397,0.9999998482112669,-0.0003203734231647104,-0.0007223662105388939,-0.00024530303198844194,42.64830535178566,-0.0033583027097539324,0.0017656800022631419,5.656253748664163e-05,42.64830535178566,-0.0033583027097539324,0.0017656800022631419,5.656253748664163e-05,-0.023013824597001076,0.04141023010015488,0.007568031549453735,0.0,0.0,0.0,0.9946397419983002,-0.10340108141385636,0.0,0.10340108141385636,0.9946397419983002,0.0,0.0,0.0,1.0,0.0,0.0,0.0
6,1774971254005226394,0.060096331,60,10.251502,0.3138430001854431,42.652699491588024,0.6879467659933552,-0.6879467659933552,-0.019068462774157524,0.03939275071024895,0.006155490875244141,-0.011929825879633427,-0.00802923459559679,-0.00331994891166687,0.9946373569287578,-0.10342421798271739,-8.668331423762957e-05,0.10342425012143908,0.9946372058079812,0.0005490782001537717,2.9430477345623526e-05,-0.0005550988325105123,0.999999845499558,0.0012601945782080293,0.0008547726320102811,0.00042106551700271666,-0.019068462774157524,0.03939275071024895,0.006155490875244141,-0.011929825879633427,-0.00802923459559679,-0.00331994891166687,0.9946373569287578,-0.10342421798271739,-8.668331423762957e-05,0.10342425012143908,0.9946372058079812,0.0005490782001537717,2.9430477345623526e-05,-0.0005550988325105123,0.999999845499558,0.0012601945782080293,0.0008547726320102811,0.00042106551700271666,42.652699491588024,-0.003767342233861959,0.0012897036965136687,-4.493967024388245e-05,42.652699491588024,-0.003767342233861959,0.0012897036965136687,-4.493967024388245e-05,-0.023013824597001076,0.04141023010015488,0.007568031549453735,0.0,0.0,0.0,0.9946397419983002,-0.10340108141385636,0.0,0.10340108141385636,0.9946397419983002,0.0,0.0,0.0,1.0,0.0,0.0,0.0
7,1774971254014985533,0.06985547,69,9.759139,0.32514399936189875,42.65635124623241,0.6880056652618131,-0.6880056652618131,-0.018956147134304047,0.03939962759613991,0.006035923957824707,-0.01182588655501604,-0.008079077117145061,-0.0033752473536878824,0.9946367868853347,-0.10343041534649022,-9.535394196398539e-05,0.10343045247580762,0.9946366334792198,0.0005536952996695876,3.757363524876933e-05,-0.0005605881563665593,0.9999998421645722,0.00033595951390452683,0.0007541390950791538,-0.0009223068482242525,-0.018956147134304047,0.03939962759613991,0.006035923957824707,-0.01182588655501604,-0.008079077117145061,-0.0033752473536878824,0.9946367868853347,-0.10343041534649022,-9.535394196398539e-05,0.10343045247580762,0.9946366334792198,0.0005536952996695876,3.757363524876933e-05,-0.0005605881563665593,0.9999998421645722,0.00033595951390452683,0.0007541390950791538,-0.0009223068482242525,42.65635124623241,-0.0035532641271437226,0.001256880153004082,0.00016154791290056968,42.65635124623241,-0.0035532641271437226,0.001256880153004082,0.00016154791290056968,-0.023013824597001076,0.04141023010015488,0.007568031549453735,0.0,0.0,0.0,0.9946397419983002,-0.10340108141385636,0.0,0.10340108141385636,0.9946397419983002,0.0,0.0,0.0,1.0,0.0,0.0,0.0
8,1774971254024945265,0.079815202,79,9.959732,0.414719999753288,42.66061381480138,0.6880744163677642,-0.6880744163677642,-0.018847394734621048,0.03940431401133537,0.005917936563491821,-0.011714497581124306,-0.008142426609992981,-0.0034797480329871178,0.9946368838623484,-0.10343023691904518,-0.0001003418944992094,0.1034302768156532,0.9946367310540937,0.0005529854471994326,4.260840015067949e-05,-0.0005603980057447087,0.9999998420693126,8.866150164976716e-05,-0.00010542683594394475,0.000186223624041304,-0.018847394734621048,0.03940431401133537,0.005917936563491821,-0.011714497581124306,-0.008142426609992981,-0.0034797480329871178,0.9946368838623484,-0.10343023691904518,-0.0001003418944992094,0.1034302768156532,0.9946367310540937,0.0005529854471994326,4.260840015067949e-05,-0.0005603980057447087,0.9999998420693126,8.866150164976716e-05,-0.00010542683594394475,0.000186223624041304,42.66061381480138,-0.00349787426071207,0.001421546169213192,-4.875338274885624e-06,42.66061381480138,-0.00349787426071207,0.001421546169213192,-4.875338274885624e-06,-0.023013824597001076,0.04141023010015488,0.007568031549453735,0.0,0.0,0.0,0.9946397419983002,-0.10340108141385636,0.0,0.10340108141385636,0.9946397419983002,0.0,0.0,0.0,1.0,0.0,0.0,0.0
9,1774971254034950141,0.089820078,89,10.004876,0.4811180006072391,42.670733935760595,0.6882376441251709,-0.6882376441251709,-0.018620438873767853,0.03946749120950699,0.005650818347930908,-0.011444839648902416,-0.008200511336326599,-0.0037596297916024923,0.994635634898055,-0.1034412135681575,-0.00011836585649496398,0.10344126383062124,0.9946354806782602,0.0005571328768199137,6.010041230445837e-05,-0.0005663880814938231,0.9999998377962382,0.0007783937035128474,0.0004592164477799088,-0.0004935928736813366,-0.018620438873767853,0.03946749120950699,0.005650818347930908,-0.011444839648902416,-0.008200511336326599,-0.0037596297916024923,0.994635634898055,-0.1034412135681575,-0.00011836585649496398,0.10344126383062124,0.9946354806782602,0.0005571328768199137,6.010041230445837e-05,-0.0005663880814938231,0.9999998377962382,0.0007783937035128474,0.0004592164477799088,-0.0004935928736813366,42.670733935760595,-0.0036753079054923318,0.0011513038513483816,0.00010595206212162167,42.670733935760595,-0.0036753079054923318,0.0011513038513483816,0.00010595206212162167,-0.023013824597001076,0.04141023010015488,0.007568031549453735,0.0,0.0,0.0,0.9946397419983002,-0.10340108141385636,0.0,0.10340108141385636,0.9946397419983002,0.0,0.0,0.0,1.0,0.0,0.0,0.0
10,1774971254045047988,0.099917925,99,10.097847,0.3997040003014263,42.676099379598604,0.6883241835419129,-0.6883241835419129,-0.01851189322769642,0.039495501667261124,0.005519196391105652,-0.01131153292953968,-0.008204484358429909,-0.0039221192710101604,0.9946354842513264,-0.10344245129344798,-0.00012383869574496623,0.10344250446879055,0.9946353319957021,0.0005542675519424299,6.58395707177524e-05,-0.0005641043277867762,0.9999998387257236,6.025244510965422e-05,0.0006096995202824473,5.870191671419889e-05,-0.01851189322769642,0.039495501667261124,0.005519196391105652,-0.01131153292953968,-0.008204484358429909,-0.0039221192710101604,0.9946354842513264,-0.10344245129344798,-0.00012383869574496623,0.10344250446879055,0.9946353319957021,0.0005542675519424299,6.58395707177524e-05,-0.0005641043277867762,0.9999998387257236,6.025244510965422e-05,0.0006096995202824473,5.870191671419889e-05,42.676099379598604,-0.0034813652928910254,0.0010593746544659676,2.411421596152809e-05,42.676099379598604,-0.0034813652928910254,0.0010593746544659676,2.411421596152809e-05,-0.023013824597001076,0.04141023010015488,0.007568031549453735,0.0,0.0,0.0,0.9946397419983002,-0.10340108141385636,0.0,0.10340108141385636,0.9946397419983002,0.0,0.0,0.0,1.0,0.0,0.0,0.0
11,1774971254054907795,0.109777732,109,9.859807,0.29304400050023105,42.68029322907795,0.6883918262754507,-0.6883918262754507,-0.018406718969345093,0.03952115401625633,0.005389094352722168,-0.01118121761828661,-0.008262837305665016,-0.003997093997895718,0.994635517626236,-0.10344174074784673,-0.0001283072376502964,0.10344179609417115,0.9946353684706677,0.000549293486918262,7.079904714131502e-05,-0.0005596191355986269,0.999999840906948,-0.0005742367939092219,0.00012245030666235834,0.0003289021260570735,-0.018406718969345093,0.03952115401625633,0.005389094352722168,-0.01118121761828661,-0.008262837305665016,-0.003997093997895718,0.994635517626236,-0.10344174074784673,-0.0001283072376502964,0.10344179609417115,0.9946353684706677,0.000549293486918262,7.079904714131502e-05,-0.0005596191355986269,0.999999840906948,-0.0005742367939092219,0.00012245030666235834,0.0003289021260570735,42.68029322907795,-0.003314539879017203,0.0011293295763705115,-1.6975265282062392e-05,42.68029322907795,-0.003314539879017203,0.0011293295763705115,-1.6975265282062392e-05,-0.023013824597001076,0.04141023010015488,0.007568031549453735,0.0,0.0,0.0,0.9946397419983002,-0.10340108141385636,0.0,0.10340108141385636,0.9946397419983002,0.0,0.0,0.0,1.0,0.0,0.0,0.0
12,1774971254065019985,0.119889922,119,10.11219,0.49714399938238785,42.68566915852324,0.688478534814891,-0.688478534814891,-0.018278513103723526,0.0395815335214138,0.00523039698600769,-0.011085359379649162,-0.008272032253444195,-0.004109607078135014,0.9946358180947688,-0.10343926209214271,-0.0001301304680121282,0.10343931877014012,0.9946356666574114,0.0005535869374042914,7.216980416622013e-05,-0.0005640779691995848,0.9999998383037769,0.001368387253023684,0.0004914416349492967,0.0003587368701118976,-0.018278513103723526,0.0395815335214138,0.00523039698600769,-0.011085359379649162,-0.008272032253444195,-0.004109607078135014,0.9946358180947688,-0.10343926209214271,-0.0001301304680121282,0.10343931877014012,0.9946356666574114,0.0005535869374042914,7.216980416622013e-05,-0.0005640779691995848,0.9999998383037769,0.001368387253023684,0.0004914416349492967,0.0003587368701118976,42.68566915852324,-0.003801183637581544,0.0009973062092905262,-2.343785858349276e-05,42.68566915852324,-0.003801183637581544,0.0009973062092905262,-2.343785858349276e-05,-0.023013824597001076,0.04141023010015488,0.007568031549453735,0.0,0.0,0.0,0.9946397419983002,-0.10340108141385636,0.0,0.10340108141385636,0.9946397419983002,0.0,0.0,0.0,1.0,0.0,0.0,0.0
13,1774971254074939452,0.129809389,129,9.919467,0.7954149987199344,42.696267256116045,0.6886494718728394,-0.6886494718728394,-0.01803373172879219,0.039693377912044525,0.004919186234474182,-0.010829287581145763,-0.008305223658680916,-0.004342424217611551,0.9946343516484946,-0.10345271292985836,-0.00014899649778674258,0.10345277856264401,0.9946342120716507,0.0005350476607408339,9.284487801784758e-05,-0.000547590891307374,0.9999998457620088,-0.0005479654646478593,0.0007732429075986147,-0.0006453040987253189,-0.01803373172879219,0.039693377912044525,0.004919186234474182,-0.010829287581145763,-0.008305223658680916,-0.004342424217611551,0.9946343516484946,-0.10345271292985836,-0.00014899649778674258,0.10345277856264401,0.9946342120716507,0.0005350476607408339,9.284487801784758e-05,-0.000547590891307374,0.9999998457620088,-0.0005479654646478593,0.0007732429075986147,-0.0006453040987253189,42.696267256116045,-0.0032592572433408342,0.0007973914563285409,0.00013801075106403612,42.696267256116045,-0.0032592572433408342,0.0007973914563285409,0.00013801075106403612,-0.023013824597001076,0.04141023010015488,0.007568031549453735,0.0,0.0,0.0,0.9946397419983002,-0.10340108141385636,0.0,0.10340108141385636,0.9946397419983002,0.0,0.0,0.0,1.0,0.0,0.0,0.0
14,1774971254084967321,0.139837258,139,10.027869,0.36614499913412146,42.7006260262913,0.6887197746176017,-0.6887197746176017,-0.01791660115122795,0.039745308458805084,0.0047668516635894775,-0.010691427625715733,-0.008260400965809822,-0.004386645741760731,0.994634201262317,-0.10345572195988995,-0.00014897095536299705,0.10345578691401203,0.9946340655610704,0.0005279193040941682,9.355537386211699e-05,-0.0005404984081369291,0.9999998495544408,-0.0002786692348308861,-0.0007792834076099098,-0.0003817039541900158,-0.01791660115122795,0.039745308458805084,0.0047668516635894775,-0.010691427625715733,-0.008260400965809822,-0.004386645741760731,0.994634201262317,-0.10345572195988995,-0.00014897095536299705,0.10345578691401203,0.9946340655610704,0.0005279193040941682,9.355537386211699e-05,-0.0005404984081369291,0.9999998495544408,-0.0002786692348308861,-0.0007792834076099098,-0.0003817039541900158,42.7006260262913,-0.0032884481553049523,0.0011444101303559472,0.00010089132202136462,42.7006260262913,-0.0032884481553049523,0.0011444101303559472,0.00010089132202136462,-0.023013824597001076,0.04141023010015488,0.007568031549453735,0.0,0.0,0.0,0.9946397419983002,-0.10340108141385636,0.0,0.10340108141385636,0.9946397419983002,0.0,0.0,0.0,1.0,0.0,0.0,0.0
15,1774971254095068387,0.149938324,149,10.101066,0.41488499846309423,42.70572607805117,0.6888020335169543,-0.6888020335169543,-0.01777310110628605,0.03984019532799721,0.0045991986989974976,-0.010497575625777245,-0.008189690299332142,-0.004458957817405462,0.994634243400878,-0.10345483464496219,-0.0001530383822913317,0.1034549013155397,0.9946341107459379,0.0005229839785076216,9.811201360846768e-05,-0.0005360102806996336,0.9999998515335086,2.1714135073125362e-05,0.0007562531973235309,0.00025146768894046545,-0.01777310110628605,0.03984019532799721,0.0045991986989974976,-0.010497575625777245,-0.008189690299332142,-0.004458957817405462,0.994634243400878,-0.10345483464496219,-0.0001530383822913317,0.1034549013155397,0.9946341107459379,0.0005229839785076216,9.811201360846768e-05,-0.0005360102806996336,0.9999998515335086,2.1714135073125362e-05,0.0007562531973235309,0.00025146768894046545,42.70572607805117,-0.0033187231138938392,0.0006956177105703976,5.220971286358565e-06,42.70572607805117,-0.0033187231138938392,0.0006956177105703976,5.220971286358565e-06,-0.023013824597001076,0.04141023010015488,0.007568031549453735,0.0,0.0,0.0,0.9946397419983002,-0.10340108141385636,0.0,0.10340108141385636,0.9946397419983002,0.0,0.0,0.0,1.0,0.0,0.0,0.0
16,1774971254104905059,0.159774996,159,9.836672,0.3705710005306173,42.710911780740986,0.6888856738829191,-0.6888856738829191,-0.01763334684073925,0.03993217647075653,0.004434019327163696,-0.010360690765082836,-0.008099004626274109,-0.004542045295238495,0.9946341983131787,-0.10345571811755638,-0.00015889328281514133,0.10345578748759676,0.9946340685102087,0.00051875482022813,0.00010437257609231983,-0.0005324096206808671,0.9999998528231897,0.0003543099155649543,-0.0002769268467091024,-2.2590622393181548e-05,-0.01763334684073925,0.03993217647075653,0.004434019327163696,-0.010360690765082836,-0.008099004626274109,-0.004542045295238495,0.9946341983131787,-0.10345571811755638,-0.00015889328281514133,0.10345578748759676,0.9946340685102087,0.00051875482022813,0.00010437257609231983,-0.0005324096206808671,0.9999998528231897,0.0003543099155649543,-0.0002769268467091024,-2.2590622393181548e-05,42.710911780740986,-0.0033564020092164307,0.0008969109832423961,4.704866246049616e-05,42.710911780740986,-0.0033564020092164307,0.0008969109832423961,4.704866246049616e-05,-0.023013824597001076,0.04141023010015488,0.007568031549453735,0.0,0.0,0.0,0.9946397419983002,-0.10340108141385636,0.0,0.10340108141385636,0.9946397419983002,0.0,0.0,0.0,1.0,0.0,0.0,0.0
17,1774971254114989526,0.169859463,169,10.084467,0.48316399988834746,42.72153106590635,0.6890569526759088,-0.6890569526759088,-0.01736479252576828,0.04010738059878349,0.004110664129257202,-0.010064027272164822,-0.008029986172914505,-0.0047508226707577705,0.9946341235273729,-0.10345536080599449,-0.000160758630415812,0.10345542970271371,0.9946340011320308,0.000505039622174944,0.00010764695735617814,-0.0005189609713569365,0.9999998595458165,0.0004368756781332195,0.0005878161755390465,0.0008185476763173938,-0.01736479252576828,0.04010738059878349,0.004110664129257202,-0.010064027272164822,-0.008029986172914505,-0.0047508226707577705,0.9946341235273729,-0.10345536080599449,-0.000160758630415812,0.10345542970271371,0.9946340011320308,0.000505039622174944,0.00010764695735617814,-0.0005189609713569365,0.9999998595458165,0.0004368756781332195,0.0005878161755390465,0.0008185476763173938,42.72153106590635,-0.0032964024058857737,0.0005856166879807051,-7.937444687477655e-05,42.72153106590635,-0.0032964024058857737,0.0005856166879807051,-7.937444687477655e-05,-0.023013824597001076,0.04141023010015488,0.007568031549453735,0.0,0.0,0.0,0.9946397419983002,-0.10340108141385636,0.0,0.10340108141385636,0.9946397419983002,0.0,0.0,0.0,1.0,0.0,0.0,0.0
18,1774971254124934423,0.17980436,179,9.944897,0.4219599995849421,42.72620284135737,0.6891323038928608,-0.6891323038928608,-0.01720275543630123,0.04023608937859535,0.003948241472244263,-0.009885411709547043,-0.007977725006639957,-0.004797442816197872,0.9946340879196426,-0.103456067448773,-0.00016981711449326996,0.10345614097418054,0.9946339668806773,0.0005043842832349269,0.00011672428313523782,-0.0005192463762760374,0.9999998583793211,0.0002941492130048573,0.0007508864509873092,-0.0005929401959292591,-0.01720275543630123,0.04023608937859535,0.003948241472244263,-0.009885411709547043,-0.007977725006639957,-0.004797442816197872,0.9946340879196426,-0.103456067448773,-0.00016981711449326996,0.10345614097418054,0.9946339668806773,0.0005043842832349269,0.00011672428313523782,-0.0005192463762760374,0.9999998583793211,0.0002941492130048573,0.0007508864509873092,-0.0005929401959292591,42.72620284135737,-0.0032262267134425403,0.0004683411073528913,0.00013292714411028834,42.72620284135737,-0.0032262267134425403,0.0004683411073528913,0.00013292714411028834,-0.023013824597001076,0.04141023010015488,0.007568031549453735,0.0,0.0,0.0,0.9946397419983002,-0.10340108141385636,0.0,0.10340108141385636,0.9946397419983002,0.0,0.0,0.0,1.0,0.0,0.0,0.0
19,1774971254134920944,0.189790881,189,9.986521,0.34820700057025533,42.72941473271244,0.6891841085921362,-0.6891841085921362,-0.01704481989145279,0.04036123305559158,0.003789052367210388,-0.009787092916667461,-0.007886986248195171,-0.004737157840281725,0.994632547738668,-0.10347111934556108,-0.000172896822041399,0.10347119411377359,0.9946324285962688,0.0005014243915706373,0.00012008587878653554,-0.0005166227959063213,0.9999998593401376,0.0009066751226782799,-0.0005344906239770353,-0.0015401203418150544,-0.01704481989145279,0.04036123305559158,0.003789052367210388,-0.009787092916667461,-0.007886986248195171,-0.004737157840281725,0.994632547738668,-0.10347111934556108,-0.000172896822041399,0.10347119411377359,0.9946324285962688,0.0005014243915706373,0.00012008587878653554,-0.0005166227959063213,0.9999998593401376,0.0009066751226782799,-0.0005344906239770353,-0.0015401203418150544,42.72941473271244,-0.0033334836646055984,0.0007457085815359991,0.00028711771640466593,42.72941473271244,-0.0033334836646055984,0.0007457085815359991,0.00028711771640466593,-0.023013824597001076,0.04141023010015488,0.007568031549453735,0.0,0.0,0.0,0.9946397419983002,-0.10340108141385636,0.0,0.10340108141385636,0.9946397419983002,0.0,0.0,0.0,1.0,0.0,0.0,0.0
20,1774971254145120796,0.199990733,199,10.199852,0.39098700108297635,42.73312662361707,0.6892439778002752,-0.6892439778002752,-0.016891183331608772,0.0404827743768692,0.003633171319961548,-0.009647492319345474,-0.007858335971832275,-0.004720394033938646,0.9946320279413646,-0.10347625383453085,-0.00017788802309046114,0.10347633090739694,0.9946319105424942,0.0004992304838236754,0.00012527464428988,-0.0005149577538360768,0.9999998595623929,0.0006184274679981172,0.0006970561807975173,9.783239511307329e-05,-0.016891183331608772,0.0404827743768692,0.003633171319961548,-0.009647492319345474,-0.007858335971832275,-0.004720394033938646,0.9946320279413646,-0.10347625383453085,-0.00017788802309046114,0.10347633090739694,0.9946319105424942,0.0004992304838236754,0.00012527464428988,-0.0005149577538360768,0.9999998595623929,0.0006184274679981172,0.0006970561807975173,9.783239511307329e-05,42.73312662361707,-0.0032297346757261653,0.00037976497533043083,4.5566851414907934e-05,42.73312662361707,-0.0032297346757261653,0.00037976497533043083,4.5566851414907934e-05,-0.023013824597001076,0.04141023010015488,0.007568031549453735,0.0,0.0,0.0,0.9946397419983002,-0.10340108141385636,0.0,0.10340108141385636,0.9946397419983002,0.0,0.0,0.0,1.0,0.0,0.0,0.0
21,1774971254154886153,0.20975609,209,9.765357,0.30605199935962446,42.74258966493425,0.6893966074989395,-0.6893966074989395,-0.016565537080168724,0.04074748978018761,0.0033258795738220215,-0.009293054230511189,-0.007690392900258303,-0.004867170471698046,0.9946320145978972,-0.10347642636486976,-0.00018912178570463373,0.10347650713809697,0.994631906417709,0.00048399355078473927,0.00013802467859602013,-0.0005009650637796959,0.9999998649916028,0.0007841899641789496,0.00011591154907364398,0.000426163780502975,-0.016565537080168724,0.04074748978018761,0.0033258795738220215,-0.009293054230511189,-0.007690392900258303,-0.004867170471698046,0.9946320145978972,-0.10347642636486976,-0.00018912178570463373,0.10347650713809697,0.994631906417709,0.00048399355078473927,0.00013802467859602013,-0.0005009650637796959,0.9999998649916028,0.0007841899641789496,0.00011591154907364398,0.000426163780502975,42.74258966493425,-0.0031536198400250737,0.0003910302888426606,-3.517542946832764e-06,42.74258966493425,-0.0031536198400250737,0.0003910302888426606,-3.517542946832764e-06,-0.023013824597001076,0.04141023010015488,0.007568031549453735,0.0,0.0,0.0,0.9946397419983002,-0.10340108141385636,0.0,0.10340108141385636,0.9946397419983002,0.0,0.0,0.0,1.0,0.0,0.0,0.0
22,1774971254164969756,0.219839693,219,10.083603,0.4103089995624032,42.747612936295965,0.6894776280047736,-0.6894776280047736,-0.016394099220633507,0.04089033603668213,0.003174200654029846,-0.009133895859122276,-0.007627242710441351,-0.00495713809505105,0.9946320383856404,-0.10347589281972991,-0.0001950147718574281,0.10347597538739084,0.9946319350346384,0.00047595763321903097,0.00014471780739948748,-0.0004935819952992119,0.9999998677167877,-0.0003416301333345473,0.0007498617051169276,-0.0002962829894386232,-0.016394099220633507,0.04089033603668213,0.003174200654029846,-0.009133895859122276,-0.007627242710441351,-0.00495713809505105,0.9946320383856404,-0.10347589281972991,-0.0001950147718574281,0.10347597538739084,0.9946319350346384,0.00047595763321903097,0.00014471780739948748,-0.0004935819952992119,0.9999998677167877,-0.0003416301333345473,0.0007498617051169276,-0.0002962829894386232,42.747612936295965,-0.0028155060215158,0.00016713518207070563,0.00010443474831523573,42.747612936295965,-0.0028155060215158,0.00016713518207070563,0.00010443474831523573,-0.023013824597001076,0.04141023010015488,0.007568031549453735,0.0,0.0,0.0,0.9946397419983002,-0.10340108141385636,0.0,0.10340108141385636,0.9946397419983002,0.0,0.0,0.0,1.0,0.0,0.0,0.0
23,1774971254174960194,0.229830131,229,9.990438,0.6167259998619556,42.7515044085859,0.6895403936868694,-0.6895403936868694,-0.01622670888900757,0.04102952778339386,0.0030248910188674927,-0.008987430483102798,-0.007534943521022797,-0.004964064806699753,0.9946318058393517,-0.10347872227366772,-0.0002089990452564562,0.10347880967251455,0.9946317109910678,0.00046289416420823397,0.00015997742508002018,-0.0004820361310533851,0.9999998710242062,-0.0007770077791064978,0.001137240557000041,0.0001946938136825338,-0.01622670888900757,0.04102952778339386,0.0030248910188674927,-0.008987430483102798,-0.007534943521022797,-0.004964064806699753,0.9946318058393517,-0.10347872227366772,-0.0002089990452564562,0.10347880967251455,0.9946317109910678,0.00046289416420823397,0.00015997742508002018,-0.0004820361310533851,0.9999998710242062,-0.0007770077791064978,0.001137240557000041,0.0001946938136825338,42.7515044085859,-0.0026323462253636603,-1.1674382702291761e-05,3.3068965703595957e-05,42.7515044085859,-0.0026323462253636603,-1.1674382702291761e-05,3.3068965703595957e-05,-0.023013824597001076,0.04141023010015488,0.007568031549453735,0.0,0.0,0.0,0.9946397419983002,-0.10340108141385636,0.0,0.10340108141385636,0.9946397419983002,0.0,0.0,0.0,1.0,0.0,0.0,0.0
24,1774971254184910099,0.239780036,239,9.949905,0.501386000905768,42.755385445941975,0.6896029910635803,-0.6896029910635803,-0.01606328971683979,0.04116509109735489,0.002887353301048279,-0.008866989053785801,-0.007492009084671736,-0.0049913134425878525,0.994631318399172,-0.10348314697520045,-0.0002160575407012151,0.10348323576974394,0.9946312304190883,0.00045090895140591225,0.00016823613457513098,-0.00047084641484783016,0.9999998750001357,0.00019886736117769033,0.0001397890882799402,-0.00043248882866464555,-0.01606328971683979,0.04116509109735489,0.002887353301048279,-0.008866989053785801,-0.007492009084671736,-0.0049913134425878525,0.994631318399172,-0.10348314697520045,-0.0002160575407012151,0.10348323576974394,0.9946312304190883,0.00045090895140591225,0.00016823613457513098,-0.00047084641484783016,0.9999998750001357,0.00019886736117769033,0.0001397890882799402,-0.00043248882866464555,42.755385445941975,-0.0028157667805665193,0.0001777006469399743,0.00013071977098525278,42.755385445941975,-0.0028157667805665193,0.0001777006469399743,0.00013071977098525278,-0.023013824597001076,0.04141023010015488,0.007568031549453735,0.0,0.0,0.0,0.9946397419983002,-0.10340108141385636,0.0,0.10340108141385636,0.9946397419983002,0.0,0.0,0.0,1.0,0.0,0.0,0.0
25,1774971254194995818,0.249865755,249,10.085719,0.4151539997110376,42.76369284363954,0.6897369813490248,-0.6897369813490248,-0.015708694234490395,0.04146983474493027,0.0026147961616516113,-0.008456175215542316,-0.007355083245784044,-0.005109595600515604,0.9946301685825409,-0.10349376897738316,-0.00022102047121103,0.10349385597432326,0.9946300923446694,0.00042719988423579706,0.000175621106233639,-0.00044778009874345357,0.9999998843251079,-0.0005625969497486949,-8.853756298776716e-05,-0.00019931905262637883,-0.015708694234490395,0.04146983474493027,0.0026147961616516113,-0.008456175215542316,-0.007355083245784044,-0.005109595600515604,0.9946301685825409,-0.10349376897738316,-0.00022102047121103,0.10349385597432326,0.9946300923446694,0.00042719988423579706,0.000175621106233639,-0.00044778009874345357,0.9999998843251079,-0.0005625969497486949,-8.853756298776716e-05,-0.00019931905262637883,42.76369284363954,-0.0024864378847100194,0.00010140615596738045,0.00010431887543561457,42.76369284363954,-0.0024864378847100194,0.00010140615596738045,0.00010431887543561457,-0.023013824597001076,0.04141023010015488,0.007568031549453735,0.0,0.0,0.0,0.9946397419983002,-0.10340108141385636,0.0,0.10340108141385636,0.9946397419983002,0.0,0.0,0.0,1.0,0.0,0.0,0.0
26,1774971254204940202,0.259810139,259,9.944384,0.29628999982378446,42.76717397719523,0.6897931286644392,-0.6897931286644392,-0.015536353923380375,0.04161647707223892,0.0024814456701278687,-0.008177480660378933,-0.007271432783454657,-0.005112235900014639,0.9946292696824832,-0.10350297642438444,-0.00023020981580679223,0.10350306666218523,0.9946291972171446,0.00042245603600313264,0.00018524797974414642,-0.0004440144678385938,0.9999998842671783,0.0006268977886065841,0.0004035418387502432,-0.0005462596891447902,-0.015536353923380375,0.04161647707223892,0.0024814456701278687,-0.008177480660378933,-0.007271432783454657,-0.005112235900014639,0.9946292696824832,-0.10350297642438444,-0.00023020981580679223,0.10350306666218523,0.9946291972171446,0.00042245603600313264,0.00018524797974414642,-0.0004440144678385938,0.9999998842671783,0.0006268977886065841,0.0004035418387502432,-0.0005462596891447902,42.76717397719523,-0.0027283428989437093,-0.00011893942347639278,0.00016377623759309708,42.76717397719523,-0.0027283428989437093,-0.00011893942347639278,0.00016377623759309708,-0.023013824597001076,0.04141023010015488,0.007568031549453735,0.0,0.0,0.0,0.9946397419983002,-0.10340108141385636,0.0,0.10340108141385636,0.9946397419983002,0.0,0.0,0.0,1.0,0.0,0.0,0.0
27,1774971254214902607,0.269772544,269,9.962405,0.41328899897052906,42.770337126962154,0.689844147209067,-0.689844147209067,-0.015366869047284126,0.04175941273570061,0.0023505687713623047,-0.007946642115712166,-0.007207336835563183,-0.005094403401017189,0.9946288173027157,-0.10350669358109532,-0.00023366758269554623,0.10350678280750136,0.9946287513700539,0.00040900676165724157,0.0001900775757631831,-0.0004309960388171972,0.9999998890564674,-0.0008098461548797786,-1.1064519640058279e-05,-0.00047533560427837074,-0.015366869047284126,0.04175941273570061,0.0023505687713623047,-0.007946642115712166,-0.007207336835563183,-0.005094403401017189,0.9946288173027157,-0.10350669358109532,-0.00023366758269554623,0.10350678280750136,0.9946287513700539,0.00040900676165724157,0.0001900775757631831,-0.0004309960388171972,0.9999998890564674,-0.0008098461548797786,-1.1064519640058279e-05,-0.00047533560427837074,42.770337126962154,-0.002297370985353281,-8.877338493933506e-05,0.0001561450699811225,42.770337126962154,-0.002297370985353281,-8.877338493933506e-05,0.0001561450699811225,-0.023013824597001076,0.04141023010015488,0.007568031549453735,0.0,0.0,0.0,0.9946397419983002,-0.10340108141385636,0.0,0.10340108141385636,0.9946397419983002,0.0,0.0,0.0,1.0,0.0,0.0,0.0
28,1774971254224954953,0.27982489,279,10.052346,0.4033859986520838,42.77424620464833,0.6899071968491666,-0.6899071968491666,-0.015166256576776505,0.04191555827856064,0.002222806215286255,-0.007753334473818541,-0.0071313343942165375,-0.005138898268342018,0.9946285781771084,-0.10350970275125215,-0.0002438928281502748,0.10350979540694061,0.994628516346003,0.0004041041570104955,0.0002007540907276676,-0.0004271787405670021,0.9999998886080697,0.0010811552638188004,0.0005369614227674901,-0.00018588340026326478,-0.015166256576776505,0.04191555827856064,0.002222806215286255,-0.007753334473818541,-0.0071313343942165375,-0.005138898268342018,0.9946285781771084,-0.10350970275125215,-0.0002438928281502748,0.10350979540694061,0.994628516346003,0.0004041041570104955,0.0002007540907276676,-0.0004271787405670021,0.9999998886080697,0.0010811552638188004,0.0005369614227674901,-0.00018588340026326478,42.77424620464833,-0.002716010355300212,-0.0003120358038051636,0.00011515449743962976,42.77424620464833,-0.002716010355300212,-0.0003120358038051636,0.00011515449743962976,-0.023013824597001076,0.04141023010015488,0.007568031549453735,0.0,0.0,0.0,0.9946397419983002,-0.10340108141385636,0.0,0.10340108141385636,0.9946397419983002,0.0,0.0,0.0,1.0,0.0,0.0,0.0
29,1774971254234949142,0.289819079,289,9.994189,0.4400929992698366,42.781758234086524,0.6900283586142988,-0.6900283586142988,-0.014776171185076237,0.042216766625642776,0.001972988247871399,-0.007301079109311104,-0.006925399415194988,-0.005235450807958841,0.9946277201887258,-0.10351625348970539,-0.0002521696664366368,0.10351634713188784,0.9946276651908673,0.0003919277235955015,0.00021024403533580031,-0.00041592586695135374,0.9999998914015525,-0.00018099868611898273,-0.0006811100756749511,-0.0001783844199962914,-0.014776171185076237,0.042216766625642776,0.001972988247871399,-0.007301079109311104,-0.006925399415194988,-0.005235450807958841,0.9946277201887258,-0.10351625348970539,-0.0002521696664366368,0.10351634713188784,0.9946276651908673,0.0003919277235955015,0.00021024403533580031,-0.00041592586695135374,0.9999998914015525,-0.00018099868611898273,-0.0006811100756749511,-0.0001783844199962914,42.781758234086524,-0.0022756129197966327,-0.0001604931962823651,0.00011933711257148578,42.781758234086524,-0.0022756129197966327,-0.0001604931962823651,0.00011933711257148578,-0.023013824597001076,0.04141023010015488,0.007568031549453735,0.0,0.0,0.0,0.9946397419983002,-0.10340108141385636,0.0,0.10340108141385636,0.9946397419983002,0.0,0.0,0.0,1.0,0.0,0.0,0.0
30,1774971254244959971,0.299829908,299,10.010829,0.33077099942602217,42.785687496653985,0.6900917338169997,-0.6900917338169997,-0.014586247503757477,0.04236219450831413,0.0018452107906341553,-0.007111665792763233,-0.006852506194263697,-0.005280018784105778,0.9946278131983441,-0.10351607434240617,-0.0002613056331005159,0.10351616823916432,0.9946277667545806,0.0003758051417612216,0.00022099997460725464,-0.0004008355643999495,0.9999998952449316,-0.0007857924210838974,0.0008655526908114552,-0.00041380993206985295,-0.014586247503757477,0.04236219450831413,0.0018452107906341553,-0.007111665792763233,-0.006852506194263697,-0.005280018784105778,0.9946278131983441,-0.10351607434240617,-0.0002613056331005159,0.10351616823916432,0.9946277667545806,0.0003758051417612216,0.00022099997460725464,-0.0004008355643999495,0.9999998952449316,-0.0007857924210838974,0.0008655526908114552,-0.00041380993206985295,42.785687496653985,-0.002044495516391874,-0.0006287796948120601,0.000154508086231525,42.785687496653985,-0.002044495516391874,-0.0006287796948120601,0.000154508086231525,-0.023013824597001076,0.04141023010015488,0.007568031549453735,0.0,0.0,0.0,0.9946397419983002,-0.10340108141385636,0.0,0.10340108141385636,0.9946397419983002,0.0,0.0,0.0,1.0,0.0,0.0,0.0
