step,timestamp_ns,experiment_time_s,reference_index,tick_dt_ms,solver_ms,px4_collective_command_newton,px4_collective_normalized,px4_thrust_body_z,state_raw_0,state_raw_1,state_raw_2,state_raw_3,state_raw_4,state_raw_5,state_raw_6,state_raw_7,state_raw_8,state_raw_9,state_raw_10,state_raw_11,state_raw_12,state_raw_13,state_raw_14,state_raw_15,state_raw_16,state_raw_17,state_used_0,state_used_1,state_used_2,state_used_3,state_used_4,state_used_5,state_used_6,state_used_7,state_used_8,state_used_9,state_used_10,state_used_11,state_used_12,state_used_13,state_used_14,state_used_15,state_used_16,state_used_17,control_raw_0,control_raw_1,control_raw_2,control_raw_3,control_used_0,control_used_1,control_used_2,control_used_3,reference_0,reference_1,reference_2,reference_3,reference_4,reference_5,reference_6,reference_7,reference_8,reference_9,reference_10,reference_11,reference_12,reference_13,reference_14,reference_15,reference_16,reference_17
0,1774035394945132943,0.0,0,0.0,60.41521999577526,0.0,0.0,-0.0,0.01927785761654377,0.012636706233024597,-0.011821940541267395,0.0069985464215278625,-0.003563191508874297,0.0008469427120871842,0.994458230310841,-0.1051334514736777,-9.662774214761177e-05,0.10513340804489957,0.9944581675162419,-0.0003786314202661517,0.00013589902334030114,0.00036637430098256183,0.9999999236506684,-0.0004079181235283613,-0.00043256612843833864,-0.0002532718062866479,0.01927785761654377,0.012636706233024597,-0.011821940541267395,0.0069985464215278625,-0.003563191508874297,0.0008469427120871842,0.994458230310841,-0.1051334514736777,-9.662774214761177e-05,0.10513340804489957,0.9944581675162419,-0.0003786314202661517,0.00013589902334030114,0.00036637430098256183,0.9999999236506684,-0.0004079181235283613,-0.00043256612843833864,-0.0002532718062866479,-40.00000091637611,-2.0000010673935176,-1.9999994028893027,-1.200001405592196,-40.00000091637611,-2.0000010673935176,-1.9999994028893027,-1.200001405592196,0.01972494274377823,0.015335779637098312,-0.01050741970539093,0.0,0.0,0.0,0.9944449431708987,-0.1052585851590726,-0.0001879904050024572,0.10525852105685551,0.9944449151397438,-0.00032339739758546933,0.00022098641790150968,0.00030181330693178745,0.9999999300368677,0.0,0.0,0.0
1,1774035395006926369,0.061793426,3,61.793426,28.684193006483838,0.0,0.0,-0.0,0.01927785761654377,0.012636706233024597,-0.011821940541267395,0.0069985464215278625,-0.003563191508874297,0.0008469427120871842,0.994458230310841,-0.1051334514736777,-9.662774214761177e-05,0.10513340804489957,0.9944581675162419,-0.0003786314202661517,0.00013589902334030114,0.00036637430098256183,0.9999999236506684,-0.0004079181235283613,-0.00043256612843833864,-0.0002532718062866479,0.01927785761654377,0.012636706233024597,-0.011821940541267395,0.0069985464215278625,-0.003563191508874297,0.0008469427120871842,0.994458230310841,-0.1051334514736777,-9.662774214761177e-05,0.10513340804489957,0.9944581675162419,-0.0003786314202661517,0.00013589902334030114,0.00036637430098256183,0.9999999236506684,-0.0004079181235283613,-0.00043256612843833864,-0.0002532718062866479,-40.00000091637611,-2.0000010673935176,-1.9999994028893027,-1.200001405592196,-40.00000091637611,-2.0000010673935176,-1.9999994028893027,-1.200001405592196,0.01972494274377823,0.015335779637098312,-0.01050741970539093,0.0,0.0,0.0,0.9944449431708987,-0.1052585851590726,-0.0001879904050024572,0.10525852105685551,0.9944449151397438,-0.00032339739758546933,0.00022098641790150968,0.00030181330693178745,0.9999999300368677,0.0,0.0,0.0
2,1774035395037430701,0.092297758,4,30.504332,20.13211500889156,1.6060823782027e-08,2.007602972753375e-10,-2.007602972753375e-10,0.019269950687885284,0.012527829967439175,-0.011824771761894226,0.00697995163500309,-0.0035655254032462835,0.0008942369022406638,0.994458372311361,-0.10513238592632557,-8.92388557567278e-05,0.10513234545172012,0.9944583092357347,-0.0003767308197782093,0.00012835086738313684,0.0003652611925588703,0.9999999250551648,0.00023941026302054524,-0.0005929903127253056,0.0002557963307481259,0.019269950687885284,0.012527829967439175,-0.011824771761894226,0.00697995163500309,-0.0035655254032462835,0.0008942369022406638,0.994458372311361,-0.10513238592632557,-8.92388557567278e-05,0.10513234545172012,0.9944583092357347,-0.0003767308197782093,0.00012835086738313684,0.0003652611925588703,0.9999999250551648,0.00023941026302054524,-0.0005929903127253056,0.0002557963307481259,-39.999999983939176,-1.9999999969720426,-2.000000038334655,-1.1999999696958628,-39.999999983939176,-1.9999999969720426,-2.000000038334655,-1.1999999696958628,0.01972494274377823,0.015335779637098312,-0.01050741970539093,0.0,0.0,0.0,0.9944449431708987,-0.1052585851590726,-0.0001879904050024572,0.10525852105685551,0.9944449151397438,-0.00032339739758546933,0.00022098641790150968,0.00030181330693178745,0.9999999300368677,0.0,0.0,0.0
3,1774035395059028998,0.113896055,5,21.598297,21.55460699577816,6.041825855618299e-06,7.552282319522873e-08,-7.552282319522873e-08,0.01923380047082901,0.012310015968978405,-0.011817947030067444,0.006996631622314453,-0.003599126823246479,0.000957439886406064,0.99445829295851,-0.10513220589302619,-7.842912310358774e-05,0.10513216955153637,0.9944582291092015,-0.0003752111269358649,0.00011744124175534776,0.0003648863821276993,0.9999999265327415,-0.0008448899607174098,-0.00037824822356924415,-0.0007170429453253746,0.01923380047082901,0.012310015968978405,-0.011817947030067444,0.006996631622314453,-0.003599126823246479,0.000957439886406064,0.99445829295851,-0.10513220589302619,-7.842912310358774e-05,0.10513216955153637,0.9944582291092015,-0.0003752111269358649,0.00011744124175534776,0.0003648863821276993,0.9999999265327415,-0.0008448899607174098,-0.00037824822356924415,-0.0007170429453253746,-39.999993958174144,-1.9999943108910454,-2.000006174298487,-1.199990412596299,-39.999993958174144,-1.9999943108910454,-2.000006174298487,-1.199990412596299,0.01972494274377823,0.015335779637098312,-0.01050741970539093,0.0,0.0,0.0,0.9944449431708987,-0.1052585851590726,-0.0001879904050024572,0.10525852105685551,0.9944449151397438,-0.00032339739758546933,0.00022098641790150968,0.00030181330693178745,0.9999999300368677,0.0,0.0,0.0
4,1774035395082123527,0.136990584,6,23.094529,17.495972992037423,6.63187682903299e-06,8.289846036291237e-08,-8.289846036291237e-08,0.01917915977537632,0.012093199416995049,-0.011798769235610962,0.007011956535279751,-0.0036745930556207895,0.001100649475120008,0.9944582849279638,-0.1051323830014268,-7.424189968894667e-05,0.10513234781633662,0.9944582193911716,-0.0003784933919549439,0.00011362235647553471,0.00036859065035880784,0.999999925615447,0.00046432396629825234,-0.0011857070494443178,0.00017531418416183442,0.01917915977537632,0.012093199416995049,-0.011798769235610962,0.007011956535279751,-0.0036745930556207895,0.001100649475120008,0.9944582849279638,-0.1051323830014268,-7.424189968894667e-05,0.10513234781633662,0.9944582193911716,-0.0003784933919549439,0.00011362235647553471,0.00036859065035880784,0.999999925615447,0.00046432396629825234,-0.0011857070494443178,0.00017531418416183442,-39.99999336812317,-1.9999955264259268,-2.000009810100859,-1.1999897896636982,-39.99999336812317,-1.9999955264259268,-2.000009810100859,-1.1999897896636982,0.01972494274377823,0.015335779637098312,-0.01050741970539093,0.0,0.0,0.0,0.9944449431708987,-0.1052585851590726,-0.0001879904050024572,0.10525852105685551,0.9944449151397438,-0.00032339739758546933,0.00022098641790150968,0.00030181330693178745,0.9999999300368677,0.0,0.0,0.0
5,1774035395101106242,0.155973299,7,18.982715,25.204088000464253,1.3518445243221322e-06,1.6898056554026653e-08,-1.6898056554026653e-08,0.01912403665482998,0.011883677914738655,-0.011770233511924744,0.00704151252284646,-0.003712815698236227,0.0012777853989973664,0.9944586488834591,-0.10512865849573205,-6.316657295100253e-05,0.10512862752626595,0.9944585826051263,-0.0003772581194350297,0.00010247717123849226,0.00036852697865012024,0.9999999268431464,1.2957440048921853e-05,-0.0009859073907136917,-0.00017617300909478217,0.01912403665482998,0.011883677914738655,-0.011770233511924744,0.00704151252284646,-0.003712815698236227,0.0012777853989973664,0.9944586488834591,-0.10512865849573205,-6.316657295100253e-05,0.10512862752626595,0.9944585826051263,-0.0003772581194350297,0.00010247717123849226,0.00036852697865012024,0.9999999268431464,1.2957440048921853e-05,-0.0009859073907136917,-0.00017617300909478217,-39.999998648155476,-1.9999990380639325,-2.0000018291680415,-1.199997795028052,-39.999998648155476,-1.9999990380639325,-2.0000018291680415,-1.199997795028052,0.01972494274377823,0.015335779637098312,-0.01050741970539093,0.0,0.0,0.0,0.9944449431708987,-0.1052585851590726,-0.0001879904050024572,0.10525852105685551,0.9944449151397438,-0.00032339739758546933,0.00022098641790150968,0.00030181330693178745,0.9999999300368677,0.0,0.0,0.0
6,1774035395128689896,0.183556953,9,27.583654,31.762784987222403,6.689925690750442e-06,8.362407113438053e-08,-8.362407113438053e-08,0.019040141254663467,0.011580311693251133,-0.011653661727905273,0.0069368514232337475,-0.003892007749527693,0.0013743352610617876,0.994460687370862,-0.10511093549016959,-6.581291896271685e-05,0.10511090393255174,0.9944606227132328,-0.0003735831460613256,0.00010471594987769648,0.00036459604655657285,0.9999999280521559,0.00024737039348110557,-0.00017329501861240715,5.7805547839961946e-05,0.019040141254663467,0.011580311693251133,-0.011653661727905273,0.0069368514232337475,-0.003892007749527693,0.0013743352610617876,0.994460687370862,-0.10511093549016959,-6.581291896271685e-05,0.10511090393255174,0.9944606227132328,-0.0003735831460613256,0.00010471594987769648,0.00036459604655657285,0.9999999280521559,0.00024737039348110557,-0.00017329501861240715,5.7805547839961946e-05,-39.99999331007431,-1.9999959332966117,-2.0000100173300774,-1.199989231253175,-39.99999331007431,-1.9999959332966117,-2.0000100173300774,-1.199989231253175,0.01972494274377823,0.015335779637098312,-0.01050741970539093,0.0,0.0,0.0,0.9944449431708987,-0.1052585851590726,-0.0001879904050024572,0.10525852105685551,0.9944449151397438,-0.00032339739758546933,0.00022098641790150968,0.00030181330693178745,0.9999999300368677,0.0,0.0,0.0
7,1774035395161890425,0.216757482,10,33.200529,20.386146992677823,4.385594564837447e-06,5.481993206046809e-08,-5.481993206046809e-08,0.0189218632876873,0.011103879660367966,-0.011501803994178772,0.006885893642902374,-0.004105735570192337,0.001542288693599403,0.9944571285864114,-0.10514300727152803,-5.725528718560774e-05,0.10514298073454409,0.994457070164465,-0.00035363082643190095,9.411972643811987e-05,0.0003456506999975975,0.9999999358335343,-8.840406371746212e-05,-0.00012976073776371777,-0.0004235187079757452,0.0189218632876873,0.011103879660367966,-0.011501803994178772,0.006885893642902374,-0.004105735570192337,0.001542288693599403,0.9944571285864114,-0.10514300727152803,-5.725528718560774e-05,0.10514298073454409,0.994457070164465,-0.00035363082643190095,9.411972643811987e-05,0.0003456506999975975,0.9999999358335343,-8.840406371746212e-05,-0.00012976073776371777,-0.0004235187079757452,-39.999995614405435,-1.9999959295907723,-2.000004585744346,-1.199993024920899,-39.999995614405435,-1.9999959295907723,-2.000004585744346,-1.199993024920899,0.01972494274377823,0.015335779637098312,-0.01050741970539093,0.0,0.0,0.0,0.9944449431708987,-0.1052585851590726,-0.0001879904050024572,0.10525852105685551,0.9944449151397438,-0.00032339739758546933,0.00022098641790150968,0.00030181330693178745,0.9999999300368677,0.0,0.0,0.0
8,1774035395183712066,0.238579123,11,21.821641,19.550027995137498,8.566341378468678e-07,1.0707926723085847e-08,-1.0707926723085847e-08,0.018879186362028122,0.010938364081084728,-0.011416807770729065,0.0068978252820670605,-0.004262223374098539,0.0015969719970598817,0.9944571297116013,-0.10514300900773388,-5.8307510533390366e-05,0.10514298146372392,0.9944570690392752,-0.00036036638972146776,9.587431462558874e-05,0.00035223829493761724,0.9999999333681486,-0.00043083919445052743,0.0002884228015318513,0.0003330369363538921,0.018879186362028122,0.010938364081084728,-0.011416807770729065,0.0068978252820670605,-0.004262223374098539,0.0015969719970598817,0.9944571297116013,-0.10514300900773388,-5.8307510533390366e-05,0.10514298146372392,0.9944570690392752,-0.00036036638972146776,9.587431462558874e-05,0.00035223829493761724,0.9999999333681486,-0.00043083919445052743,0.0002884228015318513,0.0003330369363538921,-39.99999914336586,-1.9999994121946922,-2.000001200381305,-1.1999985955751205,-39.99999914336586,-1.9999994121946922,-2.000001200381305,-1.1999985955751205,0.01972494274377823,0.015335779637098312,-0.01050741970539093,0.0,0.0,0.0,0.9944449431708987,-0.1052585851590726,-0.0001879904050024572,0.10525852105685551,0.9944449151397438,-0.00032339739758546933,0.00022098641790150968,0.00030181330693178745,0.9999999300368677,0.0,0.0,0.0
9,1774035395204936622,0.259803679,12,21.224556,16.43662499554921,1.8162241403274493e-05,2.2702801754093117e-07,-2.2702801754093117e-07,0.018803106620907784,0.010684827342629433,-0.01129584014415741,0.0067617339082062244,-0.004334157332777977,0.0016853573033586144,0.9944557472275145,-0.10515648031214742,-6.0477633372578964e-05,0.10515645139544394,0.9944556845721214,-0.00036654484762974233,9.868686662855598e-05,0.0003581530005700032,0.9999999309936667,-0.000155720510520041,0.002173608634620905,0.00030513451201841235,0.018803106620907784,0.010684827342629433,-0.01129584014415741,0.0067617339082062244,-0.004334157332777977,0.0016853573033586144,0.9944557472275145,-0.10515648031214742,-6.0477633372578964e-05,0.10515645139544394,0.9944556845721214,-0.00036654484762974233,9.868686662855598e-05,0.0003581530005700032,0.9999999309936667,-0.000155720510520041,0.002173608634620905,0.00030513451201841235,-39.9999818377586,-1.9999859996701743,-2.00002384719762,-1.199971889531896,-39.9999818377586,-1.9999859996701743,-2.00002384719762,-1.199971889531896,0.01972494274377823,0.015335779637098312,-0.01050741970539093,0.0,0.0,0.0,0.9944449431708987,-0.1052585851590726,-0.0001879904050024572,0.10525852105685551,0.9944449151397438,-0.00032339739758546933,0.00022098641790150968,0.00030181330693178745,0.9999999300368677,0.0,0.0,0.0
10,1774035395223007307,0.277874364,13,18.070685,20.81822499167174,4.645417696735876e-06,5.806772120919845e-08,-5.806772120919845e-08,0.018733885139226913,0.010506626218557358,-0.011219590902328491,0.006751492619514465,-0.004389338660985231,0.0017367082182317972,0.9944563937473474,-0.1051506282542396,-5.150845234899379e-05,0.10515060319457326,0.9944563327925751,-0.00035938408112116786,8.901233277168637e-05,0.0003519756284762303,0.9999999340949839,-0.0008789341663941741,0.0002751296851783991,0.0006378043908625841,0.018733885139226913,0.010506626218557358,-0.011219590902328491,0.006751492619514465,-0.004389338660985231,0.0017367082182317972,0.9944563937473474,-0.1051506282542396,-5.150845234899379e-05,0.10515060319457326,0.9944563327925751,-0.00035938408112116786,8.901233277168637e-05,0.0003519756284762303,0.9999999340949839,-0.0008789341663941741,0.0002751296851783991,0.0006378043908625841,-39.9999953545823,-1.9999981431991907,-2.000008692101625,-1.1999923217089183,-39.9999953545823,-1.9999981431991907,-2.000008692101625,-1.1999923217089183,0.01972494274377823,0.015335779637098312,-0.01050741970539093,0.0,0.0,0.0,0.9944449431708987,-0.1052585851590726,-0.0001879904050024572,0.10525852105685551,0.9944449151397438,-0.00032339739758546933,0.00022098641790150968,0.00030181330693178745,0.9999999300368677,0.0,0.0,0.0
11,1774035395245556134,0.300423191,15,22.548827,21.519917994737625,2.7245495815009235e-05,3.4056869768761544e-07,-3.4056869768761544e-07,0.01861504651606083,0.010229084640741348,-0.011142268776893616,0.006581057794392109,-0.004492938984185457,0.0019668377935886383,0.9944562073517207,-0.10515080300113966,-4.312139656678388e-05,0.10515078119345778,0.9944561469776372,-0.0003557026968207047,8.028479333286112e-05,0.0003491965282285776,0.9999999358080617,0.0002457622322253883,0.00037462275940924883,-0.00010087958071380854,0.01861504651606083,0.010229084640741348,-0.011142268776893616,0.006581057794392109,-0.004492938984185457,0.0019668377935886383,0.9944562073517207,-0.10515080300113966,-4.312139656678388e-05,0.10515078119345778,0.9944561469776372,-0.0003557026968207047,8.028479333286112e-05,0.0003491965282285776,0.9999999358080617,0.0002457622322253883,0.00037462275940924883,-0.00010087958071380854,-39.999972754504185,-1.9999780992387046,-2.0000323232392887,-1.1999565804827999,-39.999972754504185,-1.9999780992387046,-2.0000323232392887,-1.1999565804827999,0.01972494274377823,0.015335779637098312,-0.01050741970539093,0.0,0.0,0.0,0.9944449431708987,-0.1052585851590726,-0.0001879904050024572,0.10525852105685551,0.9944449151397438,-0.00032339739758546933,0.00022098641790150968,0.00030181330693178745,0.9999999300368677,0.0,0.0,0.0
12,1774035395268978285,0.323845342,16,23.422151,19.133713998598978,5.437108470118801e-06,6.796385587648501e-08,-6.796385587648501e-08,0.018488695845007896,0.009941071271896362,-0.01104019582271576,0.006410303991287947,-0.004708964843302965,0.002199826529249549,0.9944569519302507,-0.10514477428269298,-3.223532237896145e-05,0.10514475655039845,0.9944568920863003,-0.0003518415730888692,6.905093104155133e-05,0.0003465019155572168,0.9999999375841953,-0.000313235679641366,-0.0012162883067503572,0.000809318560641259,0.018488695845007896,0.009941071271896362,-0.01104019582271576,0.006410303991287947,-0.004708964843302965,0.002199826529249549,0.9944569519302507,-0.10514477428269298,-3.223532237896145e-05,0.10514475655039845,0.9944568920863003,-0.0003518415730888692,6.905093104155133e-05,0.0003465019155572168,0.9999999375841953,-0.000313235679641366,-0.0012162883067503572,0.000809318560641259,-39.99999456289153,-1.9999960198391813,-2.0000064173616128,-1.1999916819684935,-39.99999456289153,-1.9999960198391813,-2.0000064173616128,-1.1999916819684935,0.01972494274377823,0.015335779637098312,-0.01050741970539093,0.0,0.0,0.0,0.9944449431708987,-0.1052585851590726,-0.0001879904050024572,0.10525852105685551,0.9944449151397438,-0.00032339739758546933,0.00022098641790150968,0.00030181330693178745,0.9999999300368677,0.0,0.0,0.0
13,1774035395289900683,0.34476774,17,20.922398,18.89927599404473,8.020584374435202e-08,1.0025730468044002e-09,-1.0025730468044002e-09,0.01836121641099453,0.009639628231525421,-0.010906308889389038,0.006172257009893656,-0.004954425152391195,0.002471174346283078,0.9944574896137556,-0.10513927419951008,-2.2974154767320745e-05,0.10513926093137682,0.9944574363461766,-0.00033054878442112696,5.7600484277093786e-05,0.0003263012333421401,0.9999999451048424,0.0010208023013547063,-0.0002699049364309758,0.0011000687954947352,0.01836121641099453,0.009639628231525421,-0.010906308889389038,0.006172257009893656,-0.004954425152391195,0.002471174346283078,0.9944574896137556,-0.10513927419951008,-2.2974154767320745e-05,0.10513926093137682,0.9944574363461766,-0.00033054878442112696,5.7600484277093786e-05,0.0003263012333421401,0.9999999451048424,0.0010208023013547063,-0.0002699049364309758,0.0011000687954947352,-39.999999919794156,-1.9999999811738707,-2.0000001815441633,-1.199999863453055,-39.999999919794156,-1.9999999811738707,-2.0000001815441633,-1.199999863453055,0.01972494274377823,0.015335779637098312,-0.01050741970539093,0.0,0.0,0.0,0.9944449431708987,-0.1052585851590726,-0.0001879904050024572,0.10525852105685551,0.9944449151397438,-0.00032339739758546933,0.00022098641790150968,0.00030181330693178745,0.9999999300368677,0.0,0.0,0.0
14,1774035395310583780,0.365450837,18,20.683097,20.679341003415175,0.0,0.0,-0.0,0.018249064683914185,0.009427104145288467,-0.010819628834724426,0.006006878335028887,-0.005095122382044792,0.002617667196318507,0.9944584116212236,-0.10513147543267953,-2.0369895584865932e-05,0.105131463092895,0.9944583586683966,-0.0003291326419873038,5.4859185400216e-05,0.000325167185375317,0.9999999456283881,-0.0007525920518673956,0.00030688109109178185,0.001506828353740275,0.018249064683914185,0.009427104145288467,-0.010819628834724426,0.006006878335028887,-0.005095122382044792,0.002617667196318507,0.9944584116212236,-0.10513147543267953,-2.0369895584865932e-05,0.105131463092895,0.9944583586683966,-0.0003291326419873038,5.4859185400216e-05,0.000325167185375317,0.9999999456283881,-0.0007525920518673956,0.00030688109109178185,0.001506828353740275,-40.00001072173789,-2.0000096921737796,-1.9999881216069821,-1.2000173697048366,-40.00001072173789,-2.0000096921737796,-1.9999881216069821,-1.2000173697048366,0.01972494274377823,0.015335779637098312,-0.01050741970539093,0.0,0.0,0.0,0.9944449431708987,-0.1052585851590726,-0.0001879904050024572,0.10525852105685551,0.9944449151397438,-0.00032339739758546933,0.00022098641790150968,0.00030181330693178745,0.9999999300368677,0.0,0.0,0.0
15,1774035395332822977,0.387690034,19,22.239197,20.351535989902914,3.7625389595064007e-06,4.7031736993830006e-08,-4.7031736993830006e-08,0.018076930195093155,0.009107852354645729,-0.010668694972991943,0.0057762679643929005,-0.005412698723375797,0.0028310015331953764,0.9944594012052503,-0.10512225138158349,2.1236952849508495e-06,0.10512224718014807,0.9944593553274048,-0.00030353771687465034,2.9796611122053472e-05,0.00030207915785896225,0.999999953930175,0.00033433400676585734,-0.0004704470920842141,0.00037068480742163956,0.018076930195093155,0.009107852354645729,-0.010668694972991943,0.0057762679643929005,-0.005412698723375797,0.0028310015331953764,0.9944594012052503,-0.10512225138158349,2.1236952849508495e-06,0.10512224718014807,0.9944593553274048,-0.00030353771687465034,2.9796611122053472e-05,0.00030207915785896225,0.999999953930175,0.00033433400676585734,-0.0004704470920842141,0.00037068480742163956,-39.99999623746104,-1.999996738800278,-2.000004268985575,-1.1999939777691733,-39.99999623746104,-1.999996738800278,-2.000004268985575,-1.1999939777691733,0.01972494274377823,0.015335779637098312,-0.01050741970539093,0.0,0.0,0.0,0.9944449431708987,-0.1052585851590726,-0.0001879904050024572,0.10525852105685551,0.9944449151397438,-0.00032339739758546933,0.00022098641790150968,0.00030181330693178745,0.9999999300368677,0.0,0.0,0.0
16,1774035395354817808,0.409684865,20,21.994831,20.379480003612116,3.256412270502551e-06,4.070515338128189e-08,-4.070515338128189e-08,0.017952555790543556,0.008890710771083832,-0.010537177324295044,0.005564217455685139,-0.005588208325207233,0.003012302564457059,0.9944598258280124,-0.10511905711418512,2.284255726191231e-05,0.10511905926086507,0.9944597818243934,-0.00029595629668796933,8.394592513314564e-06,0.0002967177830667661,0.9999999559440502,8.472712215734646e-05,-0.0009270490263588727,0.0009793499484658241,0.017952555790543556,0.008890710771083832,-0.010537177324295044,0.005564217455685139,-0.005588208325207233,0.003012302564457059,0.9944598258280124,-0.10511905711418512,2.284255726191231e-05,0.10511905926086507,0.9944597818243934,-0.00029595629668796933,8.394592513314564e-06,0.0002967177830667661,0.9999999559440502,8.472712215734646e-05,-0.0009270490263588727,0.0009793499484658241,-39.99999674358773,-1.9999971994289605,-2.000003772680631,-1.1999947701825657,-39.99999674358773,-1.9999971994289605,-2.000003772680631,-1.1999947701825657,0.01972494274377823,0.015335779637098312,-0.01050741970539093,0.0,0.0,0.0,0.9944449431708987,-0.1052585851590726,-0.0001879904050024572,0.10525852105685551,0.9944449151397438,-0.00032339739758546933,0.00022098641790150968,0.00030181330693178745,0.9999999300368677,0.0,0.0,0.0
17,1774035395377034897,0.431901954,21,22.217089,20.994088001316413,4.125178726610557e-06,5.1564734082631955e-08,-5.1564734082631955e-08,0.017752060666680336,0.008587868884205818,-0.010298013687133789,0.0052583105862140656,-0.005836606491357088,0.0033338419161736965,0.9944602391839217,-0.10511426587119166,4.500274612776259e-05,0.1051142742654394,0.9944602020616893,-0.00027220158834385423,-1.6141190528496524e-05,0.00027542406181065536,0.9999999619405264,-0.0006136257434263825,-0.0005263587227091193,0.0002632084069773555,0.017752060666680336,0.008587868884205818,-0.010298013687133789,0.0052583105862140656,-0.005836606491357088,0.0033338419161736965,0.9944602391839217,-0.10511426587119166,4.500274612776259e-05,0.1051142742654394,0.9944602020616893,-0.00027220158834385423,-1.6141190528496524e-05,0.00027542406181065536,0.9999999619405264,-0.0006136257434263825,-0.0005263587227091193,0.0002632084069773555,-39.99999587482127,-1.9999977955740464,-2.000006746107031,-1.199993402075337,-39.99999587482127,-1.9999977955740464,-2.000006746107031,-1.199993402075337,0.01972494274377823,0.015335779637098312,-0.01050741970539093,0.0,0.0,0.0,0.9944449431708987,-0.1052585851590726,-0.0001879904050024572,0.10525852105685551,0.9944449151397438,-0.00032339739758546933,0.00022098641790150968,0.00030181330693178745,0.9999999300368677,0.0,0.0,0.0
18,1774035395399738485,0.454605542,22,22.703588,21.2388529907912,5.528655492526013e-06,6.910819365657516e-08,-6.910819365657516e-08,0.01744266413152218,0.008243476040661335,-0.009949371218681335,0.0048846835270524025,-0.006054002791643143,0.003796851495280862,0.994460368728714,-0.10511337453336789,6.927552366899677e-05,0.10511338868148701,0.9944603384705845,-0.00024900965568463735,-4.2717538968195e-05,0.00025491198219835826,0.9999999665975499,0.00017126899911090732,0.0009296321659348905,-0.0003556192677933723,0.01744266413152218,0.008243476040661335,-0.009949371218681335,0.0048846835270524025,-0.006054002791643143,0.003796851495280862,0.994460368728714,-0.10511337453336789,6.927552366899677e-05,0.10511338868148701,0.9944603384705845,-0.00024900965568463735,-4.2717538968195e-05,0.00025491198219835826,0.9999999665975499,0.00017126899911090732,0.0009296321659348905,-0.0003556192677933723,-39.99999447134451,-1.99999694200234,-2.0000087194671754,-1.1999911886984627,-39.99999447134451,-1.99999694200234,-2.0000087194671754,-1.1999911886984627,0.01972494274377823,0.015335779637098312,-0.01050741970539093,0.0,0.0,0.0,0.9944449431708987,-0.1052585851590726,-0.0001879904050024572,0.10525852105685551,0.9944449151397438,-0.00032339739758546933,0.00022098641790150968,0.00030181330693178745,0.9999999300368677,0.0,0.0,0.0
19,1774035395423030348,0.477897405,23,23.291863,17.795032006688416,6.263565360598022e-06,7.829456700747528e-08,-7.829456700747528e-08,0.017274219542741776,0.008091620169579983,-0.009769245982170105,0.004742033313959837,-0.006125991232693195,0.003939642570912838,0.9944608468135052,-0.10510912056811539,6.893063075605332e-05,0.10510913439085012,0.9944608179446468,-0.00024344104484049986,-4.296096523113968e-05,0.00024933778220692995,0.9999999679925169,0.00012461596634238958,0.0007780534797348082,0.0004139325174037367,0.017274219542741776,0.008091620169579983,-0.009769245982170105,0.004742033313959837,-0.006125991232693195,0.003939642570912838,0.9944608468135052,-0.10510912056811539,6.893063075605332e-05,0.10510913439085012,0.9944608179446468,-0.00024344104484049986,-4.296096523113968e-05,0.00024933778220692995,0.9999999679925169,0.00012461596634238958,0.0007780534797348082,0.0004139325174037367,-39.99999373643464,-1.9999955482886131,-2.000008484545208,-1.1999898019583601,-39.99999373643464,-1.9999955482886131,-2.000008484545208,-1.1999898019583601,0.01972494274377823,0.015335779637098312,-0.01050741970539093,0.0,0.0,0.0,0.9944449431708987,-0.1052585851590726,-0.0001879904050024572,0.10525852105685551,0.9944449151397438,-0.00032339739758546933,0.00022098641790150968,0.00030181330693178745,0.9999999300368677,0.0,0.0,0.0
20,1774035395442194183,0.49706124,24,19.163835,21.349902992369607,7.053108177501599e-06,8.816385221876999e-08,-8.816385221876999e-08,0.017001425847411156,0.007895804941654205,-0.009500056505203247,0.004421601537615061,-0.0063078198581933975,0.00415086280554533,0.9944603121621698,-0.10511266247255668,7.658874068885036e-05,0.1051126770978228,0.9944602887919756,-0.0002219745347785849,-5.28321260776796e-05,0.00022879531407916844,0.9999999724307349,-0.0009866422042250633,0.00039021956035867333,0.00035472968011163175,0.017001425847411156,0.007895804941654205,-0.009500056505203247,0.004421601537615061,-0.0063078198581933975,0.00415086280554533,0.9944603121621698,-0.10511266247255668,7.658874068885036e-05,0.1051126770978228,0.9944602887919756,-0.0002219745347785849,-5.28321260776796e-05,0.00022879531407916844,0.9999999724307349,-0.0009866422042250633,0.00039021956035867333,0.00035472968011163175,-39.99999294689182,-1.9999954416511996,-2.0000094353056843,-1.1999886737717453,-39.99999294689182,-1.9999954416511996,-2.0000094353056843,-1.1999886737717453,0.01972494274377823,0.015335779637098312,-0.01050741970539093,0.0,0.0,0.0,0.9944449431708987,-0.1052585851590726,-0.0001879904050024572,0.10525852105685551,0.9944449151397438,-0.00032339739758546933,0.00022098641790150968,0.00030181330693178745,0.9999999300368677,0.0,0.0,0.0
21,1774035395465134482,0.520001539,26,22.940299,22.06056700379122,1.881465686892625e-05,2.351832108615781e-07,-2.351832108615781e-07,0.016814352944493294,0.007774181663990021,-0.009321674704551697,0.0041909245774149895,-0.006330382078886032,0.004290064796805382,0.9944605238411048,-0.10511195279547203,7.682670669224845e-05,0.10511196698253711,0.9944605025465245,-0.00021277482052524128,-5.403596727204373e-05,0.00021967153058987873,0.9999999744122692,-0.0008842147653922439,0.0003032645327039063,-0.0001862579520093277,0.016814352944493294,0.007774181663990021,-0.009321674704551697,0.0041909245774149895,-0.006330382078886032,0.004290064796805382,0.9944605238411048,-0.10511195279547203,7.682670669224845e-05,0.10511196698253711,0.9944605025465245,-0.00021277482052524128,-5.403596727204373e-05,0.00021967153058987873,0.9999999744122692,-0.0008842147653922439,0.0003032645327039063,-0.0001862579520093277,-39.99998118534313,-1.999986458559497,-2.0000251219673872,-1.199969550919392,-39.99998118534313,-1.999986458559497,-2.0000251219673872,-1.199969550919392,0.01972494274377823,0.015335779637098312,-0.01050741970539093,0.0,0.0,0.0,0.9944449431708987,-0.1052585851590726,-0.0001879904050024572,0.10525852105685551,0.9944449151397438,-0.00032339739758546933,0.00022098641790150968,0.00030181330693178745,0.9999999300368677,0.0,0.0,0.0
22,1774035395489169573,0.54403663,27,24.035091,20.299699011957273,3.350576207594713e-07,4.188220259493391e-09,-4.188220259493391e-09,0.01648268848657608,0.007664968725293875,-0.009086444973945618,0.003937738481909037,-0.006417988333851099,0.00468844547867775,0.9944611873638828,-0.10510574826061592,9.082770816174705e-05,0.10510576488025802,0.9944611689889477,-0.00020322981043264122,-6.896402453437662e-05,0.00021165063604540544,0.9999999752239886,-0.0004475488676689565,0.0002422503021080047,0.00018256463226862252,0.01648268848657608,0.007664968725293875,-0.009086444973945618,0.003937738481909037,-0.006417988333851099,0.00468844547867775,0.9944611873638828,-0.10510574826061592,9.082770816174705e-05,0.10510576488025802,0.9944611689889477,-0.00020322981043264122,-6.896402453437662e-05,0.00021165063604540544,0.9999999752239886,-0.0004475488676689565,0.0002422503021080047,0.00018256463226862252,-39.99999966494238,-1.9999998636071974,-2.000000596896442,-1.199999448973879,-39.99999966494238,-1.9999998636071974,-2.000000596896442,-1.199999448973879,0.01972494274377823,0.015335779637098312,-0.01050741970539093,0.0,0.0,0.0,0.9944449431708987,-0.1052585851590726,-0.0001879904050024572,0.10525852105685551,0.9944449151397438,-0.00032339739758546933,0.00022098641790150968,0.00030181330693178745,0.9999999300368677,0.0,0.0,0.0
23,1774035395510832755,0.565699812,28,21.663182,17.005283996695653,3.236209806800616e-07,4.045262258500771e-09,-4.045262258500771e-09,0.01625985838472843,0.007610459346324205,-0.008919060230255127,0.0037414883263409138,-0.006312829442322254,0.004878297448158264,0.9944619122792528,-0.10509830325504632,9.896844567532483e-05,0.10509832018190379,0.9944618982004232,-0.00018503650160173147,-7.897333357732373e-05,0.00019441314962749317,0.9999999779833713,0.0015595952281728387,-0.0003894244146067649,-0.00020348391262814403,0.01625985838472843,0.007610459346324205,-0.008919060230255127,0.0037414883263409138,-0.006312829442322254,0.004878297448158264,0.9944619122792528,-0.10509830325504632,9.896844567532483e-05,0.10509832018190379,0.9944618982004232,-0.00018503650160173147,-7.897333357732373e-05,0.00019441314962749317,0.9999999779833713,0.0015595952281728387,-0.0003894244146067649,-0.00020348391262814403,-39.99999967637902,-1.9999998798475347,-2.000000582458319,-1.1999994713000723,-39.99999967637902,-1.9999998798475347,-2.000000582458319,-1.1999994713000723,0.01972494274377823,0.015335779637098312,-0.01050741970539093,0.0,0.0,0.0,0.9944449431708987,-0.1052585851590726,-0.0001879904050024572,0.10525852105685551,0.9944449151397438,-0.00032339739758546933,0.00022098641790150968,0.00030181330693178745,0.9999999300368677,0.0,0.0,0.0
24,1774035395529093351,0.583960408,29,18.260596,30.382826007553376,7.031581795047259e-06,8.789477243809073e-08,-8.789477243809073e-08,0.015924004837870598,0.00755751458927989,-0.008667275309562683,0.0034324799198657274,-0.006145607214421034,0.00516218226402998,0.9944641808539406,-0.10507597203916785,0.00011951525524118989,0.10507599283465408,0.994464168900249,-0.00018354487076444916,-9.95674825510686e-05,0.00019508698633621813,0.9999999760136916,-0.00010573420877335593,0.0013600175734609365,2.6083642296725884e-05,0.015924004837870598,0.00755751458927989,-0.008667275309562683,0.0034324799198657274,-0.006145607214421034,0.00516218226402998,0.9944641808539406,-0.10507597203916785,0.00011951525524118989,0.10507599283465408,0.994464168900249,-0.00018354487076444916,-9.95674825510686e-05,0.00019508698633621813,0.9999999760136916,-0.00010573420877335593,0.0013600175734609365,2.6083642296725884e-05,-39.999992968418205,-1.9999954661213055,-2.000010454393768,-1.1999884961094638,-39.999992968418205,-1.9999954661213055,-2.000010454393768,-1.1999884961094638,0.01972494274377823,0.015335779637098312,-0.01050741970539093,0.0,0.0,0.0,0.9944449431708987,-0.1052585851590726,-0.0001879904050024572,0.10525852105685551,0.9944449151397438,-0.00032339739758546933,0.00022098641790150968,0.00030181330693178745,0.9999999300368677,0.0,0.0,0.0
25,1774035395560732304,0.615599361,30,31.638953,35.59755199239589,1.2892822702781359e-05,1.61160283784767e-07,-1.61160283784767e-07,0.015584190376102924,0.007553504779934883,-0.008446142077445984,0.0031210570596158504,-0.005904093850404024,0.005528619978576899,0.9944653324210815,-0.10506533809835017,0.00013678092075118773,0.10506536236760411,0.9944653221833495,-0.00018431344187490122,-0.00011665892960296986,0.0001976642589878216,0.9999999736597676,-0.0001211757626151666,0.0004869935510214418,-0.0007060706266202033,0.015584190376102924,0.007553504779934883,-0.008446142077445984,0.0031210570596158504,-0.005904093850404024,0.005528619978576899,0.9944653324210815,-0.10506533809835017,0.00013678092075118773,0.10506536236760411,0.9944653221833495,-0.00018431344187490122,-0.00011665892960296986,0.0001976642589878216,0.9999999736597676,-0.0001211757626151666,0.0004869935510214418,-0.0007060706266202033,-39.9999871071773,-1.9999906995295773,-2.0000164509587774,-1.199979271878885,-39.9999871071773,-1.9999906995295773,-2.0000164509587774,-1.199979271878885,0.01972494274377823,0.015335779637098312,-0.01050741970539093,0.0,0.0,0.0,0.9944449431708987,-0.1052585851590726,-0.0001879904050024572,0.10525852105685551,0.9944449151397438,-0.00032339739758546933,0.00022098641790150968,0.00030181330693178745,0.9999999300368677,0.0,0.0,0.0
26,1774035395599633618,0.654500675,32,38.901314,37.04703599214554,2.6806828898884305e-06,3.3508536123605384e-08,-3.3508536123605384e-08,0.015009663999080658,0.00769253633916378,-0.008092314004898071,0.0026007879059761763,-0.0053639463149011135,0.005965101066976786,0.9944705519954515,-0.10501589296954394,0.0001773071999109164,0.1050159278147127,0.994470543972849,-0.0002001892469561178,-0.00015530373598859285,0.00021770238245157687,0.9999999642432112,-0.001313491491600871,0.00033893989166244864,0.00033031980274245143,0.015009663999080658,0.00769253633916378,-0.008092314004898071,0.0026007879059761763,-0.0053639463149011135,0.005965101066976786,0.9944705519954515,-0.10501589296954394,0.0001773071999109164,0.1050159278147127,0.994470543972849,-0.0002001892469561178,-0.00015530373598859285,0.00021770238245157687,0.9999999642432112,-0.001313491491600871,0.00033893989166244864,0.00033031980274245143,-39.99999731931711,-1.99999769506231,-2.000003083640376,-1.1999957034420772,-39.99999731931711,-1.99999769506231,-2.000003083640376,-1.1999957034420772,0.01972494274377823,0.015335779637098312,-0.01050741970539093,0.0,0.0,0.0,0.9944449431708987,-0.1052585851590726,-0.0001879904050024572,0.10525852105685551,0.9944449151397438,-0.00032339739758546933,0.00022098641790150968,0.00030181330693178745,0.9999999300368677,0.0,0.0,0.0
27,1774035395638447627,0.693314684,34,38.814009,21.821008005645126,3.1374450912835528e-06,3.921806364104441e-08,-3.921806364104441e-08,0.014564694836735725,0.00795434508472681,-0.007846027612686157,0.0021502834279090166,-0.004911498632282019,0.006303364876657724,0.9944729807832324,-0.10499391798035562,0.00020296639342114176,0.10499396268090355,0.9944729716005689,-0.00022376911309623937,-0.00017835020211481867,0.0002438425275456818,0.9999999543660182,-1.2649907148443162e-05,0.0004560894740279764,-0.0016324019525200129,0.014564694836735725,0.00795434508472681,-0.007846027612686157,0.0021502834279090166,-0.004911498632282019,0.006303364876657724,0.9944729807832324,-0.10499391798035562,0.00020296639342114176,0.10499396268090355,0.9944729716005689,-0.00022376911309623937,-0.00017835020211481867,0.0002438425275456818,0.9999999543660182,-1.2649907148443162e-05,0.0004560894740279764,-0.0016324019525200129,-39.99999686255491,-1.999997648845231,-2.0000040731129385,-1.1999949206159475,-39.99999686255491,-1.999997648845231,-2.0000040731129385,-1.1999949206159475,0.01972494274377823,0.015335779637098312,-0.01050741970539093,0.0,0.0,0.0,0.9944449431708987,-0.1052585851590726,-0.0001879904050024572,0.10525852105685551,0.9944449151397438,-0.00032339739758546933,0.00022098641790150968,0.00030181330693178745,0.9999999300368677,0.0,0.0,0.0
28,1774035395662013455,0.716880512,35,23.565828,16.08112700341735,6.886491497937186e-06,8.608114372421483e-08,-8.608114372421483e-08,0.01410030946135521,0.008264593780040741,-0.007622957229614258,0.0017204972682520747,-0.004328077659010887,0.006555762607604265,0.9944769245774383,-0.10495581672967669,0.00022470045592081845,0.10495587104034465,0.9944769139725933,-0.00024532102268258493,-0.0001977115504219818,0.0002675496998518017,0.9999999446636522,-3.349997496115975e-05,0.00019742915173992515,0.00014425012341234833,0.01410030946135521,0.008264593780040741,-0.007622957229614258,0.0017204972682520747,-0.004328077659010887,0.006555762607604265,0.9944769245774383,-0.10495581672967669,0.00022470045592081845,0.10495587104034465,0.9944769139725933,-0.00024532102268258493,-0.0001977115504219818,0.0002675496998518017,0.9999999446636522,-3.349997496115975e-05,0.00019742915173992515,0.00014425012341234833,-39.9999931135085,-1.9999951215079068,-2.0000094367663945,-1.1999887791101942,-39.9999931135085,-1.9999951215079068,-2.0000094367663945,-1.1999887791101942,0.01972494274377823,0.015335779637098312,-0.01050741970539093,0.0,0.0,0.0,0.9944449431708987,-0.1052585851590726,-0.0001879904050024572,0.10525852105685551,0.9944449151397438,-0.00032339739758546933,0.00022098641790150968,0.00030181330693178745,0.9999999300368677,0.0,0.0,0.0
