step,timestamp_ns,experiment_time_s,reference_index,tick_dt_ms,solver_ms,px4_collective_command_newton,px4_collective_normalized,px4_thrust_body_z,state_raw_0,state_raw_1,state_raw_2,state_raw_3,state_raw_4,state_raw_5,state_raw_6,state_raw_7,state_raw_8,state_raw_9,state_raw_10,state_raw_11,state_raw_12,state_raw_13,state_raw_14,state_raw_15,state_raw_16,state_raw_17,state_used_0,state_used_1,state_used_2,state_used_3,state_used_4,state_used_5,state_used_6,state_used_7,state_used_8,state_used_9,state_used_10,state_used_11,state_used_12,state_used_13,state_used_14,state_used_15,state_used_16,state_used_17,control_raw_0,control_raw_1,control_raw_2,control_raw_3,control_used_0,control_used_1,control_used_2,control_used_3,reference_0,reference_1,reference_2,reference_3,reference_4,reference_5,reference_6,reference_7,reference_8,reference_9,reference_10,reference_11,reference_12,reference_13,reference_14,reference_15,reference_16,reference_17
0,1775072678176274135,0.0,0,0.0,46.893695995095186,32.09600932242052,0.5176775697164601,-0.5176775697164601,-0.014991238713264465,0.01966586336493492,0.009913504123687744,0.004490218590945005,-0.00408155657351017,0.010857204906642437,0.9946571397874842,-0.10323310566284527,-0.0004430684843584929,0.1032329072693885,0.9946571574907572,-0.00044950394475144393,0.00048710488663829634,0.0004013630620671684,0.9999998008182498,-3.940259921364486e-05,3.721253597177565e-05,-0.0009035756229422987,-0.014991238713264465,0.01966586336493492,0.009913504123687744,0.004490218590945005,-0.00408155657351017,0.010857204906642437,0.9946571397874842,-0.10323310566284527,-0.0004430684843584929,0.1032329072693885,0.9946571574907572,-0.00044950394475144393,0.00048710488663829634,0.0004013630620671684,0.9999998008182498,-3.940259921364486e-05,3.721253597177565e-05,-0.0009035756229422987,32.09600932242052,0.013984919223588054,-0.0019253782057959408,0.0051136185807149495,32.09600932242052,0.013984919223588054,-0.0019253782057959408,0.0051136185807149495,-0.024569116532802582,0.01979714073240757,0.007293105125427246,0.0,0.0,0.0,0.9946631386105644,-0.10317589054360288,0.00010234156188462535,0.10317589353295875,0.9946631432672013,-2.4359110399387604e-05,-9.928210556225752e-05,3.4788289172635496e-05,0.9999999944664193,0.0,0.0,0.0
1,1775072678231687410,0.055413275,55,55.413275,12.276654997549485,32.09600932242052,0.5176775697164601,-0.5176775697164601,-0.014991238713264465,0.01966586336493492,0.009913504123687744,0.004490218590945005,-0.00408155657351017,0.010857204906642437,0.9946571397874842,-0.10323310566284527,-0.0004430684843584929,0.1032329072693885,0.9946571574907572,-0.00044950394475144393,0.00048710488663829634,0.0004013630620671684,0.9999998008182498,-3.940259921364486e-05,3.721253597177565e-05,-0.0009035756229422987,-0.014991238713264465,0.01966586336493492,0.009913504123687744,0.004490218590945005,-0.00408155657351017,0.010857204906642437,0.9946571397874842,-0.10323310566284527,-0.0004430684843584929,0.1032329072693885,0.9946571574907572,-0.00044950394475144393,0.00048710488663829634,0.0004013630620671684,0.9999998008182498,-3.940259921364486e-05,3.721253597177565e-05,-0.0009035756229422987,32.09600932242052,0.013984919223588054,-0.0019253782057959408,0.0051136185807149495,32.09600932242052,0.013984919223588054,-0.0019253782057959408,0.0051136185807149495,-0.024569116532802582,0.01979714073240757,0.007293105125427246,0.0,0.0,0.0,0.9946631386105644,-0.10317589054360288,0.00010234156188462535,0.10317589353295875,0.9946631432672013,-2.4359110399387604e-05,-9.928210556225752e-05,3.4788289172635496e-05,0.9999999944664193,0.0,0.0,0.0
2,1775072678247763947,0.071489812,71,16.076537,11.242197004321497,31.73575593158566,0.5118670311546074,-0.5118670311546074,-0.014709733426570892,0.019659796729683876,0.009918272495269775,0.004819237161427736,-0.004038440063595772,0.010823278687894344,0.9946564842135986,-0.10323913196252921,-0.00046077544754449893,0.10323892841264204,0.994656512223551,-0.0004456703121109018,0.000504323893231691,0.00039571890386041943,0.9999997945319636,0.0007622983539476991,0.0008082021959125996,0.00030656729359179735,-0.014709733426570892,0.019659796729683876,0.009918272495269775,0.004819237161427736,-0.004038440063595772,0.010823278687894344,0.9946564842135986,-0.10323913196252921,-0.00046077544754449893,0.10323892841264204,0.994656512223551,-0.0004456703121109018,0.000504323893231691,0.00039571890386041943,0.9999997945319636,0.0007622983539476991,0.0008082021959125996,0.00030656729359179735,31.73575593158566,0.013394251770344891,-0.0030224953191426824,0.002810192517747426,31.73575593158566,0.013394251770344891,-0.0030224953191426824,0.002810192517747426,-0.024569116532802582,0.01979714073240757,0.007293105125427246,0.0,0.0,0.0,0.9946631386105644,-0.10317589054360288,0.00010234156188462535,0.10317589353295875,0.9946631432672013,-2.4359110399387604e-05,-9.928210556225752e-05,3.4788289172635496e-05,0.9999999944664193,0.0,0.0,0.0
3,1775072678263661754,0.087387619,87,15.897807,11.5303069978836,31.925092331142952,0.5149208440506928,-0.5149208440506928,-0.01443056296557188,0.019653432071208954,0.009924620389938354,0.00509238475933671,-0.004082603845745325,0.01073335949331522,0.9946562524517305,-0.10324196989749912,-0.00047403508459133723,0.10324176218729542,0.9946562880559952,-0.000443587639153259,0.0005172987567691827,0.0003922770083475912,0.9999997892603684,0.0003193738230038434,-0.0002902245905715972,-1.6972531739156693e-05,-0.01443056296557188,0.019653432071208954,0.009924620389938354,0.00509238475933671,-0.004082603845745325,0.01073335949331522,0.9946562524517305,-0.10324196989749912,-0.00047403508459133723,0.10324176218729542,0.9946562880559952,-0.000443587639153259,0.0005172987567691827,0.0003922770083475912,0.9999997892603684,0.0003193738230038434,-0.0002902245905715972,-1.6972531739156693e-05,31.925092331142952,0.013600612524347746,-0.0018270451939433464,0.003414069263388049,31.925092331142952,0.013600612524347746,-0.0018270451939433464,0.003414069263388049,-0.024569116532802582,0.01979714073240757,0.007293105125427246,0.0,0.0,0.0,0.9946631386105644,-0.10317589054360288,0.00010234156188462535,0.10317589353295875,0.9946631432672013,-2.4359110399387604e-05,-9.928210556225752e-05,3.4788289172635496e-05,0.9999999944664193,0.0,0.0,0.0
4,1775072678281487400,0.105213265,105,17.825646,16.413091005233582,31.839977584804135,0.513548025561357,-0.513548025561357,-0.013846322894096375,0.019621919840574265,0.009945660829544067,0.005676609929651022,-0.004027361050248146,0.010628420859575272,0.9946554809864243,-0.1032485315212075,-0.0004973469011755006,0.1032483151655994,0.9946555292609243,-0.0004427162636177315,0.0005403986348462317,0.0003889999301244758,0.9999997783241636,0.0005282781785354018,0.00020820862846449018,0.0005280438344925642,-0.013846322894096375,0.019621919840574265,0.009945660829544067,0.005676609929651022,-0.004027361050248146,0.010628420859575272,0.9946554809864243,-0.1032485315212075,-0.0004973469011755006,0.1032483151655994,0.9946555292609243,-0.0004427162636177315,0.0005403986348462317,0.0003889999301244758,0.9999997783241636,0.0005282781785354018,0.00020820862846449018,0.0005280438344925642,31.839977584804135,0.01349968976587638,-0.0023744776809448286,0.002392021562593065,31.839977584804135,0.01349968976587638,-0.0023744776809448286,0.002392021562593065,-0.024569116532802582,0.01979714073240757,0.007293105125427246,0.0,0.0,0.0,0.9946631386105644,-0.10317589054360288,0.00010234156188462535,0.10317589353295875,0.9946631432672013,-2.4359110399387604e-05,-9.928210556225752e-05,3.4788289172635496e-05,0.9999999944664193,0.0,0.0,0.0
5,1775072678305437263,0.129163128,129,23.949863,14.847412996459752,31.979834152936736,0.5158037766602699,-0.5158037766602699,-0.013541452586650848,0.019597496837377548,0.009960591793060303,0.005970980506390333,-0.004076893907040358,0.010592021979391575,0.9946546674988419,-0.10325597329756331,-0.0005119296360402044,0.10325575347966676,0.9946547252895719,-0.0004387519690744173,0.0005544970085592533,0.0003835470116188809,0.9999997727123493,0.0004473876324482262,0.00035417283652350307,-2.3067399524734356e-05,-0.013541452586650848,0.019597496837377548,0.009960591793060303,0.005970980506390333,-0.004076893907040358,0.010592021979391575,0.9946546674988419,-0.10325597329756331,-0.0005119296360402044,0.10325575347966676,0.9946547252895719,-0.0004387519690744173,0.0005544970085592533,0.0003835470116188809,0.9999997727123493,0.0004473876324482262,0.00035417283652350307,-2.3067399524734356e-05,31.979834152936736,0.013512342435108106,-0.0024305812634721788,0.0034566359072199415,31.979834152936736,0.013512342435108106,-0.0024305812634721788,0.0034566359072199415,-0.024569116532802582,0.01979714073240757,0.007293105125427246,0.0,0.0,0.0,0.9946631386105644,-0.10317589054360288,0.00010234156188462535,0.10317589353295875,0.9946631432672013,-2.4359110399387604e-05,-9.928210556225752e-05,3.4788289172635496e-05,0.9999999944664193,0.0,0.0,0.0
6,1775072678326861259,0.150587124,150,21.423996,14.849519000563305,32.299414071260074,0.5209582914719367,-0.5209582914719367,-0.013239237479865551,0.01957276649773121,0.009976595640182495,0.006275090854614973,-0.004082676488906145,0.010494534857571125,0.9946540221259749,-0.10326359844735178,-0.0005319245148849377,0.10326336898288346,0.9946540898712432,-0.0004422307325882228,0.0005747471031536718,0.0003849382779064132,0.9999997607441463,-0.0005363104864954948,0.0007359231822192669,-0.0003390138444956392,-0.013239237479865551,0.01957276649773121,0.009976595640182495,0.006275090854614973,-0.004082676488906145,0.010494534857571125,0.9946540221259749,-0.10326359844735178,-0.0005319245148849377,0.10326336898288346,0.9946540898712432,-0.0004422307325882228,0.0005747471031536718,0.0003849382779064132,0.9999997607441463,-0.0005363104864954948,0.0007359231822192669,-0.0003390138444956392,32.299414071260074,0.014593093633476932,-0.0023294303306750697,0.004113548849375623,32.299414071260074,0.014593093633476932,-0.0023294303306750697,0.004113548849375623,-0.024569116532802582,0.01979714073240757,0.007293105125427246,0.0,0.0,0.0,0.9946631386105644,-0.10317589054360288,0.00010234156188462535,0.10317589353295875,0.9946631432672013,-2.4359110399387604e-05,-9.928210556225752e-05,3.4788289172635496e-05,0.9999999944664193,0.0,0.0,0.0
7,1775072678345272744,0.168998609,168,18.411485,11.020170000847429,32.24982157980939,0.5201584125775709,-0.5201584125775709,-0.012295292690396309,0.019481316208839417,0.009979218244552612,0.007138704881072044,-0.004110111389309168,0.010316897183656693,0.9946514721109708,-0.10328806696254667,-0.0005959621935435573,0.10328781148493626,0.9946515777701449,-0.00044470018456619406,0.0006387067960625945,0.0003807660948008775,0.9999997235354081,0.00034273750497959554,4.572502803057432e-05,-0.00028718929388560355,-0.012295292690396309,0.019481316208839417,0.009979218244552612,0.007138704881072044,-0.004110111389309168,0.010316897183656693,0.9946514721109708,-0.10328806696254667,-0.0005959621935435573,0.10328781148493626,0.9946515777701449,-0.00044470018456619406,0.0006387067960625945,0.0003807660948008775,0.9999997235354081,0.00034273750497959554,4.572502803057432e-05,-0.00028718929388560355,32.24982157980939,0.01336024922216856,-0.0020606619384726374,0.003957957758530972,32.24982157980939,0.01336024922216856,-0.0020606619384726374,0.003957957758530972,-0.024569116532802582,0.01979714073240757,0.007293105125427246,0.0,0.0,0.0,0.9946631386105644,-0.10317589054360288,0.00010234156188462535,0.10317589353295875,0.9946631432672013,-2.4359110399387604e-05,-9.928210556225752e-05,3.4788289172635496e-05,0.9999999944664193,0.0,0.0,0.0
8,1775072678358231513,0.181957378,181,12.958769,16.9159020006191,32.412651823940806,0.5227847068377549,-0.5227847068377549,-0.011661809869110584,0.019414670765399933,0.009993880987167358,0.007778553292155266,-0.004169881343841553,0.01027499046176672,0.9946505176374203,-0.10329641412100576,-0.0006394788808202351,0.1032961389020659,0.9946506502199,-0.00044949403595495596,0.0006824890987882082,0.00038103380087524397,0.9999996945109187,-0.000987259321846068,0.0010145256528630853,0.00037311730557121336,-0.011661809869110584,0.019414670765399933,0.009993880987167358,0.007778553292155266,-0.004169881343841553,0.01027499046176672,0.9946505176374203,-0.10329641412100576,-0.0006394788808202351,0.1032961389020659,0.9946506502199,-0.00044949403595495596,0.0006824890987882082,0.00038103380087524397,0.9999996945109187,-0.000987259321846068,0.0010145256528630853,0.00037311730557121336,32.412651823940806,0.015134919126609638,-0.0023914912098096396,0.002827712069395863,32.412651823940806,0.015134919126609638,-0.0023914912098096396,0.002827712069395863,-0.024569116532802582,0.01979714073240757,0.007293105125427246,0.0,0.0,0.0,0.9946631386105644,-0.10317589054360288,0.00010234156188462535,0.10317589353295875,0.9946631432672013,-2.4359110399387604e-05,-9.928210556225752e-05,3.4788289172635496e-05,0.9999999944664193,0.0,0.0,0.0
9,1775072678378760063,0.202485928,202,20.52855,13.172404003853444,32.59929945220723,0.5257951524549552,-0.5257951524549552,-0.01067299023270607,0.01928165927529335,0.009989112615585327,0.008700696751475334,-0.004327849019318819,0.010154545307159424,0.994649357100258,-0.1033070651656327,-0.0006893699761028257,0.10330677086265339,0.9946495248690607,-0.0004497729372338428,0.0007321461510604215,0.0003761498006212144,0.999999661236639,0.00011768989497795701,0.0010673586511984468,-0.0009795264340937138,-0.01067299023270607,0.01928165927529335,0.009989112615585327,0.008700696751475334,-0.004327849019318819,0.010154545307159424,0.994649357100258,-0.1033070651656327,-0.0006893699761028257,0.10330677086265339,0.9946495248690607,-0.0004497729372338428,0.0007321461510604215,0.0003761498006212144,0.999999661236639,0.00011768989497795701,0.0010673586511984468,-0.0009795264340937138,32.59929945220723,0.013535159986728563,-0.002810835496199771,0.005355866370538289,32.59929945220723,0.013535159986728563,-0.002810835496199771,0.005355866370538289,-0.024569116532802582,0.01979714073240757,0.007293105125427246,0.0,0.0,0.0,0.9946631386105644,-0.10317589054360288,0.00010234156188462535,0.10317589353295875,0.9946631432672013,-2.4359110399387604e-05,-9.928210556225752e-05,3.4788289172635496e-05,0.9999999944664193,0.0,0.0,0.0
10,1775072678400762170,0.224488035,224,22.002107,10.889664001297206,32.483417804416405,0.5239260936196194,-0.5239260936196194,-0.007084422744810581,0.01859096996486187,0.010242223739624023,0.011770390905439854,-0.005011740140616894,0.009798704646527767,0.9946370260572281,-0.10342457544166384,-0.0008833950485909771,0.10342422323316369,0.9946373595885716,-0.00043560909434832776,0.0009237102583899738,0.0003419085455193434,0.999999514928887,-0.0005031990585848689,0.0011369074927642941,-0.00045146033517085016,-0.007084422744810581,0.01859096996486187,0.010242223739624023,0.011770390905439854,-0.005011740140616894,0.009798704646527767,0.9946370260572281,-0.10342457544166384,-0.0008833950485909771,0.10342422323316369,0.9946373595885716,-0.00043560909434832776,0.0009237102583899738,0.0003419085455193434,0.999999514928887,-0.0005031990585848689,0.0011369074927642941,-0.00045146033517085016,32.483417804416405,0.014441677192970652,-0.002539416792398156,0.004555444736438266,32.483417804416405,0.014441677192970652,-0.002539416792398156,0.004555444736438266,-0.024569116532802582,0.01979714073240757,0.007293105125427246,0.0,0.0,0.0,0.9946631386105644,-0.10317589054360288,0.00010234156188462535,0.10317589353295875,0.9946631432672013,-2.4359110399387604e-05,-9.928210556225752e-05,3.4788289172635496e-05,0.9999999944664193,0.0,0.0,0.0
11,1775072678417184340,0.240910205,240,16.42217,13.095557005726732,32.25123469395204,0.520181204741162,-0.520181204741162,-0.006288581062108278,0.018447156995534897,0.010345041751861572,0.012463853694498539,-0.005122560076415539,0.00970084872096777,0.9946358476508022,-0.10343573798340056,-0.0008996000462271406,0.1034353860044106,0.9946361983500185,-0.00042948610138998124,0.0009391988388466246,0.0003341318535671073,0.9999995031306512,-0.0004404852516017854,-0.0004651032795663923,-6.447592750191689e-05,-0.006288581062108278,0.018447156995534897,0.010345041751861572,0.012463853694498539,-0.005122560076415539,0.00970084872096777,0.9946358476508022,-0.10343573798340056,-0.0008996000462271406,0.1034353860044106,0.9946361983500185,-0.00042948610138998124,0.0009391988388466246,0.0003341318535671073,0.9999995031306512,-0.0004404852516017854,-0.0004651032795663923,-6.447592750191689e-05,32.25123469395204,0.014259240060466107,-0.0011232907059401179,0.0038139251035723912,32.25123469395204,0.014259240060466107,-0.0011232907059401179,0.0038139251035723912,-0.024569116532802582,0.01979714073240757,0.007293105125427246,0.0,0.0,0.0,0.9946631386105644,-0.10317589054360288,0.00010234156188462535,0.10317589353295875,0.9946631432672013,-2.4359110399387604e-05,-9.928210556225752e-05,3.4788289172635496e-05,0.9999999944664193,0.0,0.0,0.0
12,1775072678437461894,0.261187759,261,20.277554,10.85458300076425,32.058891578115514,0.517078896421218,-0.517078896421218,-0.00577143207192421,0.0183600764721632,0.010412812232971191,0.012920291163027287,-0.005160736385732889,0.00958181545138359,0.9946348568161315,-0.10344494525937908,-0.0009079538346091071,0.10344459972818854,0.9946352186008224,-0.00041973734775642424,0.0009465024566195218,0.0003235625233184297,0.9999994997201122,0.00017768183897715062,-0.000835862010717392,0.00014913702034391463,-0.00577143207192421,0.0183600764721632,0.010412812232971191,0.012920291163027287,-0.005160736385732889,0.00958181545138359,0.9946348568161315,-0.10344494525937908,-0.0009079538346091071,0.10344459972818854,0.9946352186008224,-0.00041973734775642424,0.0009465024566195218,0.0003235625233184297,0.9999994997201122,0.00017768183897715062,-0.000835862010717392,0.00014913702034391463,32.058891578115514,0.013548888707700539,-0.0010453622222313217,0.0033828313573980792,32.058891578115514,0.013548888707700539,-0.0010453622222313217,0.0033828313573980792,-0.024569116532802582,0.01979714073240757,0.007293105125427246,0.0,0.0,0.0,0.9946631386105644,-0.10317589054360288,0.00010234156188462535,0.10317589353295875,0.9946631432672013,-2.4359110399387604e-05,-9.928210556225752e-05,3.4788289172635496e-05,0.9999999944664193,0.0,0.0,0.0
13,1775072678457456327,0.281182192,281,19.994433,11.008660003426485,32.15396206846129,0.518612291426795,-0.518612291426795,-0.005036741960793734,0.018267633393406868,0.010488748550415039,0.013470917008817196,-0.005255293101072311,0.00954526662826538,0.9946321190483047,-0.10347152427860884,-0.0009313864597475761,0.1034711706088518,0.9946325030972218,-0.00042035115988506115,0.0009698814471552093,0.0003217231938824998,0.9999994779120115,-0.0008637357968837023,0.000569117022678256,0.0003538813325576484,-0.005036741960793734,0.018267633393406868,0.010488748550415039,0.013470917008817196,-0.005255293101072311,0.00954526662826538,0.9946321190483047,-0.10347152427860884,-0.0009313864597475761,0.1034711706088518,0.9946325030972218,-0.00042035115988506115,0.0009698814471552093,0.0003217231938824998,0.9999994779120115,-0.0008637357968837023,0.000569117022678256,0.0003538813325576484,32.15396206846129,0.01509187628018626,-0.0018469504099236963,0.003129123042378439,32.15396206846129,0.01509187628018626,-0.0018469504099236963,0.003129123042378439,-0.024569116532802582,0.01979714073240757,0.007293105125427246,0.0,0.0,0.0,0.9946631386105644,-0.10317589054360288,0.00010234156188462535,0.10317589353295875,0.9946631432672013,-2.4359110399387604e-05,-9.928210556225752e-05,3.4788289172635496e-05,0.9999999944664193,0.0,0.0,0.0
14,1775072678477332603,0.301058468,301,19.876276,12.254216999281198,32.05047680643643,0.5169431742973617,-0.5169431742973617,-0.004565272480249405,0.018216921016573906,0.010535329580307007,0.01381816528737545,-0.005258430261164904,0.009533215314149857,0.9946311894509331,-0.10347950220890678,-0.0009428784777823669,0.10347914285691995,0.9946315840607501,-0.0004223839160483883,0.0009815247280596517,0.00032254798807153026,0.9999994662858834,-0.00016491384303662926,-0.00017673757974989712,-0.0002524818410165608,-0.004565272480249405,0.018216921016573906,0.010535329580307007,0.01381816528737545,-0.005258430261164904,0.009533215314149857,0.9946311894509331,-0.10347950220890678,-0.0009428784777823669,0.10347914285691995,0.9946315840607501,-0.0004223839160483883,0.0009815247280596517,0.00032254798807153026,0.9999994662858834,-0.00016491384303662926,-0.00017673757974989712,-0.0002524818410165608,32.05047680643643,0.01413793557841432,-0.0014114475767081826,0.004243243155873903,32.05047680643643,0.01413793557841432,-0.0014114475767081826,0.004243243155873903,-0.024569116532802582,0.01979714073240757,0.007293105125427246,0.0,0.0,0.0,0.9946631386105644,-0.10317589054360288,0.00010234156188462535,0.10317589353295875,0.9946631432672013,-2.4359110399387604e-05,-9.928210556225752e-05,3.4788289172635496e-05,0.9999999944664193,0.0,0.0,0.0
15,1775072678497416371,0.321142236,321,20.083768,10.21744699392002,31.902865295597422,0.5145623434773777,-0.5145623434773777,-0.003891485510393977,0.018202150240540504,0.010596036911010742,0.014298224821686745,-0.0051948074251413345,0.009374085813760757,0.9946308866798242,-0.10348197955914595,-0.0009475068524256551,0.10348162562020335,0.9946312880752876,-0.0004153804238395675,0.0009854043378115657,0.0003151006552275966,0.9999994648447954,0.00018109822121914476,-0.0003499149461276829,0.00024253016454167664,-0.003891485510393977,0.018202150240540504,0.010596036911010742,0.014298224821686745,-0.0051948074251413345,0.009374085813760757,0.9946308866798242,-0.10348197955914595,-0.0009475068524256551,0.10348162562020335,0.9946312880752876,-0.0004153804238395675,0.0009854043378115657,0.0003151006552275966,0.9999994648447954,0.00018109822121914476,-0.0003499149461276829,0.00024253016454167664,31.902865295597422,0.013787542073673416,-0.0013957585342299096,0.0032881393345861733,31.902865295597422,0.013787542073673416,-0.0013957585342299096,0.0032881393345861733,-0.024569116532802582,0.01979714073240757,0.007293105125427246,0.0,0.0,0.0,0.9946631386105644,-0.10317589054360288,0.00010234156188462535,0.10317589353295875,0.9946631432672013,-2.4359110399387604e-05,-9.928210556225752e-05,3.4788289172635496e-05,0.9999999944664193,0.0,0.0,0.0
16,1775072678517416854,0.341142719,341,20.000483,11.957741997321136,31.8992589857208,0.5145041771890452,-0.5145041771890452,-0.003438464365899563,0.018215810880064964,0.010614842176437378,0.01457199640572071,-0.0051530697382986546,0.009252404794096947,0.9946307986548935,-0.10348374749758205,-0.0009475111674692692,0.10348339781328342,0.9946312014068919,-0.00041106114048092973,0.0009849621856533944,0.0003108024557904078,0.9999994666255715,0.0007635484798811376,0.0004058415361214429,0.00014942162670195103,-0.003438464365899563,0.018215810880064964,0.010614842176437378,0.01457199640572071,-0.0051530697382986546,0.009252404794096947,0.9946307986548935,-0.10348374749758205,-0.0009475111674692692,0.10348339781328342,0.9946312014068919,-0.00041106114048092973,0.0009849621856533944,0.0003108024557904078,0.9999994666255715,0.0007635484798811376,0.0004058415361214429,0.00014942162670195103,31.8992589857208,0.013174628084149142,-0.002293385162636832,0.003450515935845696,31.8992589857208,0.013174628084149142,-0.002293385162636832,0.003450515935845696,-0.024569116532802582,0.01979714073240757,0.007293105125427246,0.0,0.0,0.0,0.9946631386105644,-0.10317589054360288,0.00010234156188462535,0.10317589353295875,0.9946631432672013,-2.4359110399387604e-05,-9.928210556225752e-05,3.4788289172635496e-05,0.9999999944664193,0.0,0.0,0.0
17,1775072678537396330,0.361122195,361,19.979476,13.313639996340498,32.02797323540149,0.5165802134742176,-0.5165802134742176,-0.0027549248188734055,0.018273284658789635,0.010597854852676392,0.015086119063198566,-0.004894320387393236,0.009095503948628902,0.9946312394692467,-0.10347826772519331,-0.0009621389965327222,0.1034779121792675,0.9946316563230897,-0.00041238574024305384,0.0009996468784816918,0.00031061159950429226,0.9999994521131212,0.0009465227485634387,6.756281072739512e-05,8.98605867405422e-05,-0.0027549248188734055,0.018273284658789635,0.010597854852676392,0.015086119063198566,-0.004894320387393236,0.009095503948628902,0.9946312394692467,-0.10347826772519331,-0.0009621389965327222,0.1034779121792675,0.9946316563230897,-0.00041238574024305384,0.0009996468784816918,0.00031061159950429226,0.9999994521131212,0.0009465227485634387,6.756281072739512e-05,8.98605867405422e-05,32.02797323540149,0.0127835783841715,-0.002014644892296489,0.003523777556092713,32.02797323540149,0.0127835783841715,-0.002014644892296489,0.003523777556092713,-0.024569116532802582,0.01979714073240757,0.007293105125427246,0.0,0.0,0.0,0.9946631386105644,-0.10317589054360288,0.00010234156188462535,0.10317589353295875,0.9946631432672013,-2.4359110399387604e-05,-9.928210556225752e-05,3.4788289172635496e-05,0.9999999944664193,0.0,0.0,0.0
18,1775072678557400514,0.381126379,381,20.004184,12.842704003560357,32.66082475163064,0.5267874959940426,-0.5267874959940426,-0.002296978607773781,0.018340183421969414,0.010538429021835327,0.015417083166539669,-0.004749738611280918,0.008930825628340244,0.9946324052177178,-0.10346712603289165,-0.0009740716653611568,0.10346675595042654,0.9946328306982761,-0.0004230892598098123,0.0010126194768587827,0.00032003425771644743,0.9999994360897797,-0.0009101865580305457,0.001402239897288382,0.00013051615678705275,-0.002296978607773781,0.018340183421969414,0.010538429021835327,0.015417083166539669,-0.004749738611280918,0.008930825628340244,0.9946324052177178,-0.10346712603289165,-0.0009740716653611568,0.10346675595042654,0.9946328306982761,-0.0004230892598098123,0.0010126194768587827,0.00032003425771644743,0.9999994360897797,-0.0009101865580305457,0.001402239897288382,0.00013051615678705275,32.66082475163064,0.01491646269195979,-0.0024074466355360267,0.0035428661395271897,32.66082475163064,0.01491646269195979,-0.0024074466355360267,0.0035428661395271897,-0.024569116532802582,0.01979714073240757,0.007293105125427246,0.0,0.0,0.0,0.9946631386105644,-0.10317589054360288,0.00010234156188462535,0.10317589353295875,0.9946631432672013,-2.4359110399387604e-05,-9.928210556225752e-05,3.4788289172635496e-05,0.9999999944664193,0.0,0.0,0.0
19,1775072678577470174,0.401196039,401,20.06966,11.394379995181225,32.730360033553794,0.5279090327992547,-0.5279090327992547,-0.0016201063990592957,0.018442999571561813,0.010450571775436401,0.015939928591251373,-0.004480768460780382,0.008873558603227139,0.9946343001490836,-0.1034485443537454,-0.0009725514529482573,0.10344815495794868,0.9946347176325683,-0.0004426444327275958,0.0010131244027722919,0.0003396606644340619,0.9999994291046098,-0.00027020438574254513,0.0003628797712735832,6.55595722491853e-05,-0.0016201063990592957,0.018442999571561813,0.010450571775436401,0.015939928591251373,-0.004480768460780382,0.008873558603227139,0.9946343001490836,-0.1034485443537454,-0.0009725514529482573,0.10344815495794868,0.9946347176325683,-0.0004426444327275958,0.0010131244027722919,0.0003396606644340619,0.9999994291046098,-0.00027020438574254513,0.0003628797712735832,6.55595722491853e-05,32.730360033553794,0.013846262711111421,-0.0017086458803896062,0.0035796558162768813,32.730360033553794,0.013846262711111421,-0.0017086458803896062,0.0035796558162768813,-0.024569116532802582,0.01979714073240757,0.007293105125427246,0.0,0.0,0.0,0.9946631386105644,-0.10317589054360288,0.00010234156188462535,0.10317589353295875,0.9946631432672013,-2.4359110399387604e-05,-9.928210556225752e-05,3.4788289172635496e-05,0.9999999944664193,0.0,0.0,0.0
20,1775072678596781430,0.420507295,420,19.311256,12.496561001171358,33.0131610464324,0.5324703394585871,-0.5324703394585871,-0.001174099394120276,0.018517399206757545,0.010382890701293945,0.016325706616044044,-0.004230440594255924,0.008763360790908337,0.9946349891492755,-0.10344359626801114,-0.0009736096049881397,0.10344319290742776,0.9946354030625034,-0.00045604846753136835,0.001015561683948056,0.00035288855713873704,0.9999994220519743,-0.00010669407492969185,-0.0004154853231739253,-0.0005292564164847136,-0.001174099394120276,0.018517399206757545,0.010382890701293945,0.016325706616044044,-0.004230440594255924,0.008763360790908337,0.9946349891492755,-0.10344359626801114,-0.0009736096049881397,0.10344319290742776,0.9946354030625034,-0.00045604846753136835,0.001015561683948056,0.00035288855713873704,0.9999994220519743,-0.00010669407492969185,-0.0004154853231739253,-0.0005292564164847136,33.0131610464324,0.013262928463750651,-0.001018405872092925,0.004642129440060682,33.0131610464324,0.013262928463750651,-0.001018405872092925,0.004642129440060682,-0.024569116532802582,0.01979714073240757,0.007293105125427246,0.0,0.0,0.0,0.9946631386105644,-0.10317589054360288,0.00010234156188462535,0.10317589353295875,0.9946631432672013,-2.4359110399387604e-05,-9.928210556225752e-05,3.4788289172635496e-05,0.9999999944664193,0.0,0.0,0.0
21,1775072678616875333,0.440601198,440,20.093903,9.9076039987267,32.99403206009271,0.5321618074208501,-0.5321618074208501,-0.0009529952076263726,0.0185546875,0.010366320610046387,0.016469795256853104,-0.004149275366216898,0.008743696846067905,0.9946353175361203,-0.10344058960908997,-0.0009707408317227873,0.1034401792670101,0.99463572572134,-0.0004639380276999037,0.0010135233253577205,0.000361035628263685,0.9999994212117865,2.6649300707504153e-05,0.00032585335429757833,-0.0002373591560171917,-0.0009529952076263726,0.0185546875,0.010366320610046387,0.016469795256853104,-0.004149275366216898,0.008743696846067905,0.9946353175361203,-0.10344058960908997,-0.0009707408317227873,0.1034401792670101,0.99463572572134,-0.0004639380276999037,0.0010135233253577205,0.000361035628263685,0.9999994212117865,2.6649300707504153e-05,0.00032585335429757833,-0.0002373591560171917,32.99403206009271,0.013248659523410198,-0.0017474565856951288,0.004096960458848795,32.99403206009271,0.013248659523410198,-0.0017474565856951288,0.004096960458848795,-0.024569116532802582,0.01979714073240757,0.007293105125427246,0.0,0.0,0.0,0.9946631386105644,-0.10317589054360288,0.00010234156188462535,0.10317589353295875,0.9946631432672013,-2.4359110399387604e-05,-9.928210556225752e-05,3.4788289172635496e-05,0.9999999944664193,0.0,0.0,0.0
22,1775072678636672178,0.460398043,460,19.796845,9.828795999055728,33.59976682565533,0.5419317229944408,-0.5419317229944408,-0.00032722484320402145,0.018672805279493332,0.010283291339874268,0.016828207299113274,-0.003844871185719967,0.008642580360174179,0.994637259100144,-0.10342113042251033,-0.000967832626123646,0.10342069017223632,0.9946376528197485,-0.0004945154915858146,0.001013786024228261,0.00039176965258581366,0.9999994093770823,-0.001541289733722806,0.0012628360418602824,-0.00045722495997324586,-0.00032722484320402145,0.018672805279493332,0.010283291339874268,0.016828207299113274,-0.003844871185719967,0.008642580360174179,0.994637259100144,-0.10342113042251033,-0.000967832626123646,0.10342069017223632,0.9946376528197485,-0.0004945154915858146,0.001013786024228261,0.00039176965258581366,0.9999994093770823,-0.001541289733722806,0.0012628360418602824,-0.00045722495997324586,33.59976682565533,0.014969257747321026,-0.0018693105118451766,0.004578697796056499,33.59976682565533,0.014969257747321026,-0.0018693105118451766,0.004578697796056499,-0.024569116532802582,0.01979714073240757,0.007293105125427246,0.0,0.0,0.0,0.9946631386105644,-0.10317589054360288,0.00010234156188462535,0.10317589353295875,0.9946631432672013,-2.4359110399387604e-05,-9.928210556225752e-05,3.4788289172635496e-05,0.9999999944664193,0.0,0.0,0.0
23,1775072678657302343,0.481028208,481,20.630165,10.505586004001088,33.317303359727106,0.5373758606407598,-0.5373758606407598,6.013235542923212e-05,0.0187471192330122,0.010229706764221191,0.017142226919531822,-0.003663473529741168,0.008561690337955952,0.9946377989837016,-0.10341565247881146,-0.0009670835816526641,0.10341519598306781,0.9946381854182549,-0.0005108258458641005,0.0010147255891675352,0.00040807557804102557,0.9999994019029944,0.0004088268615305424,-0.000736486108507961,-0.0003830857458524406,6.013235542923212e-05,0.0187471192330122,0.010229706764221191,0.017142226919531822,-0.003663473529741168,0.008561690337955952,0.9946377989837016,-0.10341565247881146,-0.0009670835816526641,0.10341519598306781,0.9946381854182549,-0.0005108258458641005,0.0010147255891675352,0.00040807557804102557,0.9999994019029944,0.0004088268615305424,-0.000736486108507961,-0.0003830857458524406,33.317303359727106,0.0123035106548795,-0.000894549788935015,0.004255176186770794,33.317303359727106,0.0123035106548795,-0.000894549788935015,0.004255176186770794,-0.024569116532802582,0.01979714073240757,0.007293105125427246,0.0,0.0,0.0,0.9946631386105644,-0.10317589054360288,0.00010234156188462535,0.10317589353295875,0.9946631432672013,-2.4359110399387604e-05,-9.928210556225752e-05,3.4788289172635496e-05,0.9999999944664193,0.0,0.0,0.0
24,1775072678679866316,0.503592181,503,22.563973,11.325491999741644,33.29658144252221,0.5370416361697131,-0.5370416361697131,0.0006008228519931436,0.0188550166785717,0.010138988494873047,0.017570532858371735,-0.003351741237565875,0.008530675433576107,0.9946419527782971,-0.103376355003304,-0.0009694985524378169,0.1033758782718106,0.9946423337646287,-0.0005297192880627695,0.0010190645940900515,0.0004266583180916883,0.9999993897348923,0.0008525406010448933,0.0007549989968538284,0.0004269590717740357,0.0006008228519931436,0.0188550166785717,0.010138988494873047,0.017570532858371735,-0.003351741237565875,0.008530675433576107,0.9946419527782971,-0.103376355003304,-0.0009694985524378169,0.1033758782718106,0.9946423337646287,-0.0005297192880627695,0.0010190645940900515,0.0004266583180916883,0.9999993897348923,0.0008525406010448933,0.0007549989968538284,0.0004269590717740357,33.29658144252221,0.012037415556767935,-0.002436585853503842,0.002712366491875891,33.29658144252221,0.012037415556767935,-0.002436585853503842,0.002712366491875891,-0.024569116532802582,0.01979714073240757,0.007293105125427246,0.0,0.0,0.0,0.9946631386105644,-0.10317589054360288,0.00010234156188462535,0.10317589353295875,0.9946631432672013,-2.4359110399387604e-05,-9.928210556225752e-05,3.4788289172635496e-05,0.9999999944664193,0.0,0.0,0.0
25,1775072678697397397,0.521123262,521,17.531081,12.05307000054745,33.1068471082523,0.5339814049718113,-0.5339814049718113,0.0009031800436787307,0.01892443746328354,0.010101377964019775,0.01775480806827545,-0.003066783305257559,0.008500504307448864,0.9946448362493825,-0.10334838130255286,-0.0009721320061492206,0.10334789813488565,0.994645217683636,-0.0005349076082856452,0.001022208157039045,0.0004315753357925084,0.9999993844164683,0.0013841333566233516,0.00047719295253045857,0.0012529025552794337,0.0009031800436787307,0.01892443746328354,0.010101377964019775,0.01775480806827545,-0.003066783305257559,0.008500504307448864,0.9946448362493825,-0.10334838130255286,-0.0009721320061492206,0.10334789813488565,0.994645217683636,-0.0005349076082856452,0.001022208157039045,0.0004315753357925084,0.9999993844164683,0.0013841333566233516,0.00047719295253045857,0.0012529025552794337,33.1068471082523,0.011474259957743642,-0.0024233453678360094,0.001093342334201417,33.1068471082523,0.011474259957743642,-0.0024233453678360094,0.001093342334201417,-0.024569116532802582,0.01979714073240757,0.007293105125427246,0.0,0.0,0.0,0.9946631386105644,-0.10317589054360288,0.00010234156188462535,0.10317589353295875,0.9946631432672013,-2.4359110399387604e-05,-9.928210556225752e-05,3.4788289172635496e-05,0.9999999944664193,0.0,0.0,0.0
26,1775072678717431115,0.54115698,541,20.033718,11.301056001684628,33.77176583686976,0.5447059005946736,-0.5447059005946736,0.0013539014616981149,0.019033124670386314,0.010064750909805298,0.01798127219080925,-0.0027664881199598312,0.008528975769877434,0.9946483095399111,-0.10331403096818592,-0.0009589373187883256,0.10331353649812858,0.9946486701306304,-0.0005517335516582213,0.0010108075686130168,0.0004497096314567649,0.9999993880144572,0.00020829503773711622,-4.459754563868046e-06,-0.0007507690461352468,0.0013539014616981149,0.019033124670386314,0.010064750909805298,0.01798127219080925,-0.0027664881199598312,0.008528975769877434,0.9946483095399111,-0.10331403096818592,-0.0009589373187883256,0.10331353649812858,0.9946486701306304,-0.0005517335516582213,0.0010108075686130168,0.0004497096314567649,0.9999993880144572,0.00020829503773711622,-4.459754563868046e-06,-0.0007507690461352468,33.77176583686976,0.012379284731491602,-0.0013172210455936724,0.004923817582441358,33.77176583686976,0.012379284731491602,-0.0013172210455936724,0.004923817582441358,-0.024569116532802582,0.01979714073240757,0.007293105125427246,0.0,0.0,0.0,0.9946631386105644,-0.10317589054360288,0.00010234156188462535,0.10317589353295875,0.9946631432672013,-2.4359110399387604e-05,-9.928210556225752e-05,3.4788289172635496e-05,0.9999999944664193,0.0,0.0,0.0
27,1775072678738650927,0.562376792,562,21.219812,11.049471999285743,33.63526284512263,0.5425042394374618,-0.5425042394374618,0.0015922384336590767,0.01908823475241661,0.010065078735351562,0.018008848652243614,-0.0025600839871913195,0.008570528589189053,0.9946511181541502,-0.10328782462351982,-0.0009413178464913532,0.10328732020693132,0.9946514527960226,-0.000569715044174416,0.0009951277147881542,0.0004694415309091024,0.9999993946725865,-0.000573015830013901,-0.00010679353727027774,0.00044468301348388195,0.0015922384336590767,0.01908823475241661,0.010065078735351562,0.018008848652243614,-0.0025600839871913195,0.008570528589189053,0.9946511181541502,-0.10328782462351982,-0.0009413178464913532,0.10328732020693132,0.9946514527960226,-0.000569715044174416,0.0009951277147881542,0.0004694415309091024,0.9999993946725865,-0.000573015830013901,-0.00010679353727027774,0.00044468301348388195,33.63526284512263,0.013511888355431724,-0.0009319532525324742,0.0026928746214772946,33.63526284512263,0.013511888355431724,-0.0009319532525324742,0.0026928746214772946,-0.024569116532802582,0.01979714073240757,0.007293105125427246,0.0,0.0,0.0,0.9946631386105644,-0.10317589054360288,0.00010234156188462535,0.10317589353295875,0.9946631432672013,-2.4359110399387604e-05,-9.928210556225752e-05,3.4788289172635496e-05,0.9999999944664193,0.0,0.0,0.0
28,1775072678757341891,0.581067756,581,18.690964,11.555351004062686,33.68517038570509,0.5433091997694369,-0.5433091997694369,0.001915963483043015,0.01914602890610695,0.010067254304885864,0.01802664063870907,-0.002284895395860076,0.00858358759433031,0.9946552471671247,-0.1032493984675007,-0.0009073566792876468,0.10324888074006777,0.9946555337141724,-0.0006001455531920771,0.0009644717809267015,0.0005032544210041342,0.9999994082644972,-0.00047987495781853795,0.0001773342228261754,4.976501077180728e-05,0.001915963483043015,0.01914602890610695,0.010067254304885864,0.01802664063870907,-0.002284895395860076,0.00858358759433031,0.9946552471671247,-0.1032493984675007,-0.0009073566792876468,0.10324888074006777,0.9946555337141724,-0.0006001455531920771,0.0009644717809267015,0.0005032544210041342,0.9999994082644972,-0.00047987495781853795,0.0001773342228261754,4.976501077180728e-05,33.68517038570509,0.013421977876644838,-0.0011596034742100809,0.0034241369070537485,33.68517038570509,0.013421977876644838,-0.0011596034742100809,0.0034241369070537485,-0.024569116532802582,0.01979714073240757,0.007293105125427246,0.0,0.0,0.0,0.9946631386105644,-0.10317589054360288,0.00010234156188462535,0.10317589353295875,0.9946631432672013,-2.4359110399387604e-05,-9.928210556225752e-05,3.4788289172635496e-05,0.9999999944664193,0.0,0.0,0.0
