step,timestamp_ns,experiment_time_s,reference_index,tick_dt_ms,solver_ms,px4_collective_command_newton,px4_collective_normalized,px4_thrust_body_z,state_raw_0,state_raw_1,state_raw_2,state_raw_3,state_raw_4,state_raw_5,state_raw_6,state_raw_7,state_raw_8,state_raw_9,state_raw_10,state_raw_11,state_raw_12,state_raw_13,state_raw_14,state_raw_15,state_raw_16,state_raw_17,state_used_0,state_used_1,state_used_2,state_used_3,state_used_4,state_used_5,state_used_6,state_used_7,state_used_8,state_used_9,state_used_10,state_used_11,state_used_12,state_used_13,state_used_14,state_used_15,state_used_16,state_used_17,control_raw_0,control_raw_1,control_raw_2,control_raw_3,control_used_0,control_used_1,control_used_2,control_used_3,reference_0,reference_1,reference_2,reference_3,reference_4,reference_5,reference_6,reference_7,reference_8,reference_9,reference_10,reference_11,reference_12,reference_13,reference_14,reference_15,reference_16,reference_17
0,1774128399948916418,0.0,0,0.0,0.6617240142077208,42.88891017045737,0.5361113771307171,-0.5361113771307171,-0.010075264610350132,-0.014645100571215153,-0.06260642409324646,-0.006228254176676273,-0.007529140915721655,-0.03006763756275177,0.9944413510429505,-0.1052904193367179,0.0006443854505952416,0.10529007291852555,0.9944414444731259,0.0005498725545438135,-0.0006986998602633021,-0.00047896862156869297,0.9999996412037324,0.0005452724290080369,-3.610923886299133e-05,-0.0005793991149403155,-0.010075264610350132,-0.014645100571215153,-0.06260642409324646,-0.006228254176676273,-0.007529140915721655,-0.03006763756275177,0.9944413510429505,-0.1052904193367179,0.0006443854505952416,0.10529007291852555,0.9944414444731259,0.0005498725545438135,-0.0006986998602633021,-0.00047896862156869297,0.9999996412037324,0.0005452724290080369,-3.610923886299133e-05,-0.0005793991149403155,42.88891017045737,-0.003383045364118544,0.003401785645806594,0.00011670237389577972,42.88891017045737,-0.003383045364118544,0.003401785645806594,0.00011670237389577972,-0.004474498797208071,-0.013456557877361774,-0.06343916058540344,0.0,0.0,0.0,0.9944454110131885,-0.10525299940589838,0.00031526008774698973,0.10525284921270117,0.9944453703965196,0.00046020385901807473,-0.00036194678285039403,-0.0004244655947961123,0.9999998444117283,0.0,0.0,0.0
1,1774128399958827232,0.009910814,9,9.910814,0.3860020078718662,42.8870203921897,0.5360877549023713,-0.5360877549023713,-0.010907708667218685,-0.014833000488579273,-0.06253360211849213,-0.0070591759867966175,-0.007610435597598553,-0.029998239129781723,0.9944408793678718,-0.10529435396339526,0.0006853505190609916,0.1052939744004362,0.9944409933615077,0.0005682578424969515,-0.0007413749736936964,-0.0004929355514843008,0.9999996036887726,-0.0006487980135716498,-0.0007789947558194399,-0.0007194746285676956,-0.010907708667218685,-0.014833000488579273,-0.06253360211849213,-0.0070591759867966175,-0.007610435597598553,-0.029998239129781723,0.9944408793678718,-0.10529435396339526,0.0006853505190609916,0.1052939744004362,0.9944409933615077,0.0005682578424969515,-0.0007413749736936964,-0.0004929355514843008,0.9999996036887726,-0.0006487980135716498,-0.0007789947558194399,-0.0007194746285676956,42.8870203921897,-0.0031993299495041137,0.003957671434546714,0.00014082000895917829,42.8870203921897,-0.0031993299495041137,0.003957671434546714,0.00014082000895917829,-0.004474498797208071,-0.013456557877361774,-0.06343916058540344,0.0,0.0,0.0,0.9944454110131885,-0.10525299940589838,0.00031526008774698973,0.10525284921270117,0.9944453703965196,0.00046020385901807473,-0.00036194678285039403,-0.0004244655947961123,0.9999998444117283,0.0,0.0,0.0
2,1774128399968855805,0.019939387,19,10.028573,0.5699789908248931,42.88651809418447,0.5360814761773058,-0.5360814761773058,-0.011319558136165142,-0.014926628209650517,-0.0625080019235611,-0.007488259579986334,-0.007684435695409775,-0.029990417882800102,0.9944414057131962,-0.10528905840051861,0.00070909713810081,0.10528865853999103,0.9944415320045369,0.0005795185727959194,-0.0007661726104048229,-0.0005016373775384346,0.999999580669648,0.0007866968517191708,-8.282193448394537e-06,0.0009663967648521066,-0.011319558136165142,-0.014926628209650517,-0.0625080019235611,-0.007488259579986334,-0.007684435695409775,-0.029990417882800102,0.9944414057131962,-0.10528905840051861,0.00070909713810081,0.10528865853999103,0.9944415320045369,0.0005795185727959194,-0.0007661726104048229,-0.0005016373775384346,0.999999580669648,0.0007866968517191708,-8.282193448394537e-06,0.0009663967648521066,42.88651809418447,-0.0036277043391977014,0.003959714798004467,-0.00011635458464705809,42.88651809418447,-0.0036277043391977014,0.003959714798004467,-0.00011635458464705809,-0.004474498797208071,-0.013456557877361774,-0.06343916058540344,0.0,0.0,0.0,0.9944454110131885,-0.10525299940589838,0.00031526008774698973,0.10525284921270117,0.9944453703965196,0.00046020385901807473,-0.00036194678285039403,-0.0004244655947961123,0.9999998444117283,0.0,0.0,0.0
3,1774128399978811799,0.029895381,29,9.955994,0.3295700007583946,42.88562176631404,0.5360702720789254,-0.5360702720789254,-0.011730102822184563,-0.015025632455945015,-0.06246885657310486,-0.007906791754066944,-0.007730323355644941,-0.029965316876769066,0.994442330540198,-0.10528110342094643,0.0007326848333871899,0.10528068436946914,0.9944424704670897,0.0005888673455699597,-0.0007906093971769366,-0.0005084570747366443,0.9999995582040337,-0.00020983176364097744,-0.0007220727275125682,0.0005112553481012583,-0.011730102822184563,-0.015025632455945015,-0.06246885657310486,-0.007906791754066944,-0.007730323355644941,-0.029965316876769066,0.994442330540198,-0.10528110342094643,0.0007326848333871899,0.10528068436946914,0.9944424704670897,0.0005888673455699597,-0.0007906093971769366,-0.0005084570747366443,0.9999995582040337,-0.00020983176364097744,-0.0007220727275125682,0.0005112553481012583,42.88562176631404,-0.003438076309667778,0.00433081578789977,-5.452414962268203e-05,42.88562176631404,-0.003438076309667778,0.00433081578789977,-5.452414962268203e-05,-0.004474498797208071,-0.013456557877361774,-0.06343916058540344,0.0,0.0,0.0,0.9944454110131885,-0.10525299940589838,0.00031526008774698973,0.10525284921270117,0.9944453703965196,0.00046020385901807473,-0.00036194678285039403,-0.0004244655947961123,0.9999998444117283,0.0,0.0,0.0
4,1774128399988867738,0.03995132,39,10.055939,0.3838519915007055,42.88550112282778,0.5360687640353473,-0.5360687640353473,-0.012137982994318008,-0.0151243070140481,-0.06243729591369629,-0.008330011740326881,-0.0077973539009690285,-0.030001135542988777,0.9944420945783508,-0.10528395336145602,0.0007490957421068135,0.10528352152904641,0.9944422448055503,0.0005943817198052984,-0.0008075110857406111,-0.0005122108023922194,0.9999995427829383,-0.0006642842781729996,0.00041081185918301344,-0.0004375191929284483,-0.012137982994318008,-0.0151243070140481,-0.06243729591369629,-0.008330011740326881,-0.0077973539009690285,-0.030001135542988777,0.9944420945783508,-0.10528395336145602,0.0007490957421068135,0.10528352152904641,0.9944422448055503,0.0005943817198052984,-0.0008075110857406111,-0.0005122108023922194,0.9999995427829383,-0.0006642842781729996,0.00041081185918301344,-0.0004375191929284483,42.88550112282778,-0.003378597563811976,0.0042223559745929225,9.004436437474231e-05,42.88550112282778,-0.003378597563811976,0.0042223559745929225,9.004436437474231e-05,-0.004474498797208071,-0.013456557877361774,-0.06343916058540344,0.0,0.0,0.0,0.9944454110131885,-0.10525299940589838,0.00031526008774698973,0.10525284921270117,0.9944453703965196,0.00046020385901807473,-0.00036194678285039403,-0.0004244655947961123,0.9999998444117283,0.0,0.0,0.0
5,1774128399998914035,0.049997617,49,10.046297,0.29545099823735654,42.88338531833434,0.5360423164791792,-0.5360423164791792,-0.012945175170898438,-0.015321113169193268,-0.062395304441452026,-0.009131931699812412,-0.007930256426334381,-0.029868215322494507,0.9944410862712683,-0.10529143549218944,0.0007929946316438466,0.1052909696465143,0.994441265886491,0.000608034412036303,-0.0008526074084797813,-0.0005211592261887762,0.999999500726707,-0.00029618910048156977,-0.0006761291297152638,-0.0002912524505518377,-0.012945175170898438,-0.015321113169193268,-0.062395304441452026,-0.009131931699812412,-0.007930256426334381,-0.029868215322494507,0.9944410862712683,-0.10529143549218944,0.0007929946316438466,0.1052909696465143,0.994441265886491,0.000608034412036303,-0.0008526074084797813,-0.0005211592261887762,0.999999500726707,-0.00029618910048156977,-0.0006761291297152638,-0.0002912524505518377,42.88338531833434,-0.0035841808478721056,0.004861475843925767,7.407452383549098e-05,42.88338531833434,-0.0035841808478721056,0.004861475843925767,7.407452383549098e-05,-0.004474498797208071,-0.013456557877361774,-0.06343916058540344,0.0,0.0,0.0,0.9944454110131885,-0.10525299940589838,0.00031526008774698973,0.10525284921270117,0.9944453703965196,0.00046020385901807473,-0.00036194678285039403,-0.0004244655947961123,0.9999998444117283,0.0,0.0,0.0
6,1774128400008885167,0.059968749,59,9.971132,0.3781959821935743,42.88320301353942,0.5360400376692428,-0.5360400376692428,-0.013344957493245602,-0.01541922613978386,-0.0623878538608551,-0.009519877843558788,-0.00800622720271349,-0.029864786192774773,0.9944412521847681,-0.10528986420110287,0.0008097935652475515,0.10528937466355259,0.9944414371918129,0.0006252157606350273,-0.0008711211490197972,-0.0005364776876937236,0.9999994766696838,0.001119510387070477,-2.8015754651278257e-05,0.0007882054196670651,-0.013344957493245602,-0.01541922613978386,-0.0623878538608551,-0.009519877843558788,-0.00800622720271349,-0.029864786192774773,0.9944412521847681,-0.10528986420110287,0.0008097935652475515,0.10528937466355259,0.9944414371918129,0.0006252157606350273,-0.0008711211490197972,-0.0005364776876937236,0.9999994766696838,0.001119510387070477,-2.8015754651278257e-05,0.0007882054196670651,42.88320301353942,-0.004022303100471288,0.004866868581932004,-8.915197173427229e-05,42.88320301353942,-0.004022303100471288,0.004866868581932004,-8.915197173427229e-05,-0.004474498797208071,-0.013456557877361774,-0.06343916058540344,0.0,0.0,0.0,0.9944454110131885,-0.10525299940589838,0.00031526008774698973,0.10525284921270117,0.9944453703965196,0.00046020385901807473,-0.00036194678285039403,-0.0004244655947961123,0.9999998444117283,0.0,0.0,0.0
7,1774128400018808161,0.069891743,69,9.922994,0.3203009837307036,42.881886634591936,0.5360235829323992,-0.5360235829323992,-0.013735497370362282,-0.015541288070380688,-0.06235159933567047,-0.009910538792610168,-0.008181281387805939,-0.029797250404953957,0.9944415627971397,-0.10528722961582182,0.0008223577938020719,0.10528671527100508,0.9944417476852392,0.0006456462320178907,-0.0008857651563192875,-0.0005554741090245154,0.9999994534341761,0.0017274401616305113,0.0004548003198578954,0.00028468668460845947,-0.013735497370362282,-0.015541288070380688,-0.06235159933567047,-0.009910538792610168,-0.008181281387805939,-0.029797250404953957,0.9944415627971397,-0.10528722961582182,0.0008223577938020719,0.10528671527100508,0.9944417476852392,0.0006456462320178907,-0.0008857651563192875,-0.0005554741090245154,0.9999994534341761,0.0017274401616305113,0.0004548003198578954,0.00028468668460845947,42.881886634591936,-0.004289536913911705,0.004900098104606976,-1.5792432469743885e-05,42.881886634591936,-0.004289536913911705,0.004900098104606976,-1.5792432469743885e-05,-0.004474498797208071,-0.013456557877361774,-0.06343916058540344,0.0,0.0,0.0,0.9944454110131885,-0.10525299940589838,0.00031526008774698973,0.10525284921270117,0.9944453703965196,0.00046020385901807473,-0.00036194678285039403,-0.0004244655947961123,0.9999998444117283,0.0,0.0,0.0
8,1774128400028902661,0.079986243,79,10.0945,0.36570700467564166,42.88064405660596,0.5360080507075745,-0.5360080507075745,-0.014123614877462387,-0.01566355489194393,-0.062322184443473816,-0.010318620130419731,-0.008339975960552692,-0.029727129265666008,0.9944420090457863,-0.10528353604392415,0.0008459425241294427,0.10528299454133894,0.9944422064205417,0.0006611243587546292,-0.0009108462841435558,-0.0005683865045293468,0.9999994236478126,0.0005065875593572855,-0.001528469962067902,0.00038315169513225555,-0.014123614877462387,-0.01566355489194393,-0.062322184443473816,-0.010318620130419731,-0.008339975960552692,-0.029727129265666008,0.9944420090457863,-0.10528353604392415,0.0008459425241294427,0.10528299454133894,0.9944422064205417,0.0006611243587546292,-0.0009108462841435558,-0.0005683865045293468,0.9999994236478126,0.0005065875593572855,-0.001528469962067902,0.00038315169513225555,42.88064405660596,-0.0040843106624722314,0.005580945234265139,-3.358752481646318e-05,42.88064405660596,-0.0040843106624722314,0.005580945234265139,-3.358752481646318e-05,-0.004474498797208071,-0.013456557877361774,-0.06343916058540344,0.0,0.0,0.0,0.9944454110131885,-0.10525299940589838,0.00031526008774698973,0.10525284921270117,0.9944453703965196,0.00046020385901807473,-0.00036194678285039403,-0.0004244655947961123,0.9999998444117283,0.0,0.0,0.0
9,1774128400039014497,0.090098079,90,10.111836,0.4998219956178218,42.87833309081453,0.5359791636351816,-0.5359791636351816,-0.014892347157001495,-0.015907900407910347,-0.06228259205818176,-0.010999382473528385,-0.008543753996491432,-0.02957310900092125,0.9944412854056609,-0.10528906342913946,0.0008694398931875184,0.10528848974095184,0.9944414928466713,0.000681289749767406,-0.0009363394555422615,-0.000585960642875338,0.999999389959092,-0.0002086939348373562,0.0006403644802048802,0.000764700467698276,-0.014892347157001495,-0.015907900407910347,-0.06228259205818176,-0.010999382473528385,-0.008543753996491432,-0.02957310900092125,0.9944412854056609,-0.10528906342913946,0.0008694398931875184,0.10528848974095184,0.9944414928466713,0.000681289749767406,-0.0009363394555422615,-0.000585960642875338,0.999999389959092,-0.0002086939348373562,0.0006403644802048802,0.000764700467698276,42.87833309081453,-0.004052482310143758,0.0053238289289898105,-8.643956136245139e-05,42.87833309081453,-0.004052482310143758,0.0053238289289898105,-8.643956136245139e-05,-0.004474498797208071,-0.013456557877361774,-0.06343916058540344,0.0,0.0,0.0,0.9944454110131885,-0.10525299940589838,0.00031526008774698973,0.10525284921270117,0.9944453703965196,0.00046020385901807473,-0.00036194678285039403,-0.0004244655947961123,0.9999998444117283,0.0,0.0,0.0
10,1774128400048916599,0.100000181,100,9.902102,0.6141579942777753,42.87669797666188,0.5359587247082735,-0.5359587247082735,-0.015263712033629417,-0.01605803146958351,-0.06224764883518219,-0.011363224126398563,-0.008657046593725681,-0.029474547132849693,0.9944417702384394,-0.10528464893962286,0.0008819173065325618,0.10528405935185625,0.9944419841023651,0.0006903450916986714,-0.0009496982852046226,-0.0005936561700795292,0.9999993728225824,0.00034107029205188155,-0.00041080405935645103,0.00015816083760000765,-0.015263712033629417,-0.01605803146958351,-0.06224764883518219,-0.011363224126398563,-0.008657046593725681,-0.029474547132849693,0.9944417702384394,-0.10528464893962286,0.0008819173065325618,0.10528405935185625,0.9944419841023651,0.0006903450916986714,-0.0009496982852046226,-0.0005936561700795292,0.9999993728225824,0.00034107029205188155,-0.00041080405935645103,0.00015816083760000765,42.87669797666188,-0.0042670765585627445,0.005733488616289243,9.471547434787058e-07,42.87669797666188,-0.0042670765585627445,0.005733488616289243,9.471547434787058e-07,-0.004474498797208071,-0.013456557877361774,-0.06343916058540344,0.0,0.0,0.0,0.9944454110131885,-0.10525299940589838,0.00031526008774698973,0.10525284921270117,0.9944453703965196,0.00046020385901807473,-0.00036194678285039403,-0.0004244655947961123,0.9999998444117283,0.0,0.0,0.0
11,1774128400059027018,0.1101106,110,10.110419,0.31363501329906285,42.87544442042492,0.5359430552553115,-0.5359430552553115,-0.015632765367627144,-0.016207819804549217,-0.06221935153007507,-0.01169995591044426,-0.00882896687835455,-0.029401995241642,0.9944423122603758,-0.10527917392646136,0.0008904719542492199,0.10527856410674818,0.9944425247899311,0.0007061485291178383,-0.000959865904854652,-0.0006084763686268115,0.9999993542067711,0.0005602400633506477,0.0007101823575794697,0.00028207115246914327,-0.015632765367627144,-0.016207819804549217,-0.06221935153007507,-0.01169995591044426,-0.00882896687835455,-0.029401995241642,0.9944423122603758,-0.10527917392646136,0.0008904719542492199,0.10527856410674818,0.9944425247899311,0.0007061485291178383,-0.000959865904854652,-0.0006084763686268115,0.9999993542067711,0.0005602400633506477,0.0007101823575794697,0.00028207115246914327,42.87544442042492,-0.004426980958435225,0.005583293358843595,-2.2087512372310236e-05,42.87544442042492,-0.004426980958435225,0.005583293358843595,-2.2087512372310236e-05,-0.004474498797208071,-0.013456557877361774,-0.06343916058540344,0.0,0.0,0.0,0.9944454110131885,-0.10525299940589838,0.00031526008774698973,0.10525284921270117,0.9944453703965196,0.00046020385901807473,-0.00036194678285039403,-0.0004244655947961123,0.9999998444117283,0.0,0.0,0.0
12,1774128400068859549,0.119943131,119,9.832531,0.30789501033723354,42.87430102456339,0.5359287628070424,-0.5359287628070424,-0.015999305993318558,-0.016357198357582092,-0.06219762563705444,-0.01203830074518919,-0.008945330046117306,-0.029330367222428322,0.9944433029849931,-0.10526997607698085,0.000903480158300855,0.10526934817279954,0.9944435216774794,0.0007166032903987533,-0.0009738967503920733,-0.0006175125843490298,0.999999335101463,-0.0003207137924619019,-0.00029076001374050975,0.0014091674238443375,-0.015999305993318558,-0.016357198357582092,-0.06219762563705444,-0.01203830074518919,-0.008945330046117306,-0.029330367222428322,0.9944433029849931,-0.10526997607698085,0.000903480158300855,0.10526934817279954,0.9944435216774794,0.0007166032903987533,-0.0009738967503920733,-0.0006175125843490298,0.999999335101463,-0.0003207137924619019,-0.00029076001374050975,0.0014091674238443375,42.87430102456339,-0.004287287551369353,0.005975950265568148,-0.00019859680654513726,42.87430102456339,-0.004287287551369353,0.005975950265568148,-0.00019859680654513726,-0.004474498797208071,-0.013456557877361774,-0.06343916058540344,0.0,0.0,0.0,0.9944454110131885,-0.10525299940589838,0.00031526008774698973,0.10525284921270117,0.9944453703965196,0.00046020385901807473,-0.00036194678285039403,-0.0004244655947961123,0.9999998444117283,0.0,0.0,0.0
13,1774128400078947456,0.130031038,130,10.087907,0.29997702222317457,42.87426841081547,0.5359283551351933,-0.5359283551351933,-0.015999305993318558,-0.016357198357582092,-0.06219762563705444,-0.01203830074518919,-0.008945330046117306,-0.029330367222428322,0.9944433029849931,-0.10526997607698085,0.000903480158300855,0.10526934817279954,0.9944435216774794,0.0007166032903987533,-0.0009738967503920733,-0.0006175125843490298,0.999999335101463,-0.0003207137924619019,-0.00029076001374050975,0.0014091674238443375,-0.015999305993318558,-0.016357198357582092,-0.06219762563705444,-0.01203830074518919,-0.008945330046117306,-0.029330367222428322,0.9944433029849931,-0.10526997607698085,0.000903480158300855,0.10526934817279954,0.9944435216774794,0.0007166032903987533,-0.0009738967503920733,-0.0006175125843490298,0.999999335101463,-0.0003207137924619019,-0.00029076001374050975,0.0014091674238443375,42.87426841081547,-0.004287289510846084,0.005975953037874807,-0.00019859680749385482,42.87426841081547,-0.004287289510846084,0.005975953037874807,-0.00019859680749385482,-0.004474498797208071,-0.013456557877361774,-0.06343916058540344,0.0,0.0,0.0,0.9944454110131885,-0.10525299940589838,0.00031526008774698973,0.10525284921270117,0.9944453703965196,0.00046020385901807473,-0.00036194678285039403,-0.0004244655947961123,0.9999998444117283,0.0,0.0,0.0
14,1774128400088861104,0.139944686,139,9.913648,0.3063420008402318,42.8716159288078,0.5358951991100975,-0.5358951991100975,-0.01708928681910038,-0.016861451789736748,-0.062091633677482605,-0.012967010028660297,-0.009356070309877396,-0.029238775372505188,0.9944427685750258,-0.10527535622300199,0.000935621886275391,0.1052746643173903,0.9944429912013687,0.0007604541859981264,-0.0010104795555324628,-0.0006577309107306042,0.9999992731603587,-0.0003745251160580665,0.00036468743928708136,-0.0005611317465081811,-0.01708928681910038,-0.016861451789736748,-0.062091633677482605,-0.012967010028660297,-0.009356070309877396,-0.029238775372505188,0.9944427685750258,-0.10527535622300199,0.000935621886275391,0.1052746643173903,0.9944429912013687,0.0007604541859981264,-0.0010104795555324628,-0.0006577309107306042,0.9999992731603587,-0.0003745251160580665,0.00036468743928708136,-0.0005611317465081811,42.8716159288078,-0.004564076577241428,0.006201304254181098,0.00010112757544819353,42.8716159288078,-0.004564076577241428,0.006201304254181098,0.00010112757544819353,-0.004474498797208071,-0.013456557877361774,-0.06343916058540344,0.0,0.0,0.0,0.9944454110131885,-0.10525299940589838,0.00031526008774698973,0.10525284921270117,0.9944453703965196,0.00046020385901807473,-0.00036194678285039403,-0.0004244655947961123,0.9999998444117283,0.0,0.0,0.0
15,1774128400098939427,0.150023009,150,10.078323,0.47839799663051963,42.871580564400546,0.5358947570550068,-0.5358947570550068,-0.01708928681910038,-0.016861451789736748,-0.062091633677482605,-0.012967010028660297,-0.009356070309877396,-0.029238775372505188,0.9944427685750258,-0.10527535622300199,0.000935621886275391,0.1052746643173903,0.9944429912013687,0.0007604541859981264,-0.0010104795555324628,-0.0006577309107306042,0.9999992731603587,-0.0003745251160580665,0.00036468743928708136,-0.0005611317465081811,-0.01708928681910038,-0.016861451789736748,-0.062091633677482605,-0.012967010028660297,-0.009356070309877396,-0.029238775372505188,0.9944427685750258,-0.10527535622300199,0.000935621886275391,0.1052746643173903,0.9944429912013687,0.0007604541859981264,-0.0010104795555324628,-0.0006577309107306042,0.9999992731603587,-0.0003745251160580665,0.00036468743928708136,-0.0005611317465081811,42.871580564400546,-0.004564078851114448,0.006201307515291674,0.00010112757424109288,42.871580564400546,-0.004564078851114448,0.006201307515291674,0.00010112757424109288,-0.004474498797208071,-0.013456557877361774,-0.06343916058540344,0.0,0.0,0.0,0.9944454110131885,-0.10525299940589838,0.00031526008774698973,0.10525284921270117,0.9944453703965196,0.00046020385901807473,-0.00036194678285039403,-0.0004244655947961123,0.9999998444117283,0.0,0.0,0.0
16,1774128400108885527,0.159969109,159,9.9461,0.30413499916903675,42.86987212348613,0.5358734015435767,-0.5358734015435767,-0.017805302515625954,-0.01721426285803318,-0.062042295932769775,-0.0135756004601717,-0.009692101739346981,-0.029154393821954727,0.9944422816631201,-0.10527980870748599,0.0009441755411653385,0.10527909445557526,0.994442502066852,0.0007768537866727886,-0.0010207151582963554,-0.0006731343283674935,0.9999992525151526,3.8324156776070595e-05,0.00034974925802089274,-0.0007871193229220808,-0.017805302515625954,-0.01721426285803318,-0.062042295932769775,-0.0135756004601717,-0.009692101739346981,-0.029154393821954727,0.9944422816631201,-0.10527980870748599,0.0009441755411653385,0.10527909445557526,0.994442502066852,0.0007768537866727886,-0.0010207151582963554,-0.0006731343283674935,0.9999992525151526,3.8324156776070595e-05,0.00034974925802089274,-0.0007871193229220808,42.86987212348613,-0.004842972527158694,0.006427374395676408,0.00013851799765819233,42.86987212348613,-0.004842972527158694,0.006427374395676408,0.00013851799765819233,-0.004474498797208071,-0.013456557877361774,-0.06343916058540344,0.0,0.0,0.0,0.9944454110131885,-0.10525299940589838,0.00031526008774698973,0.10525284921270117,0.9944453703965196,0.00046020385901807473,-0.00036194678285039403,-0.0004244655947961123,0.9999998444117283,0.0,0.0,0.0
17,1774128400118896216,0.169979798,169,10.010689,0.2737070026341826,42.86983571027725,0.5358729463784656,-0.5358729463784656,-0.017805302515625954,-0.01721426285803318,-0.062042295932769775,-0.0135756004601717,-0.009692101739346981,-0.029154393821954727,0.9944422816631201,-0.10527980870748599,0.0009441755411653385,0.10527909445557526,0.994442502066852,0.0007768537866727886,-0.0010207151582963554,-0.0006731343283674935,0.9999992525151526,3.8324156776070595e-05,0.00034974925802089274,-0.0007871193229220808,-0.017805302515625954,-0.01721426285803318,-0.062042295932769775,-0.0135756004601717,-0.009692101739346981,-0.029154393821954727,0.9944422816631201,-0.10527980870748599,0.0009441755411653385,0.10527909445557526,0.994442502066852,0.0007768537866727886,-0.0010207151582963554,-0.0006731343283674935,0.9999992525151526,3.8324156776070595e-05,0.00034974925802089274,-0.0007871193229220808,42.86983571027725,-0.0048429749829627024,0.006427377924305302,0.0001385179962846438,42.86983571027725,-0.0048429749829627024,0.006427377924305302,0.0001385179962846438,-0.004474498797208071,-0.013456557877361774,-0.06343916058540344,0.0,0.0,0.0,0.9944454110131885,-0.10525299940589838,0.00031526008774698973,0.10525284921270117,0.9944453703965196,0.00046020385901807473,-0.00036194678285039403,-0.0004244655947961123,0.9999998444117283,0.0,0.0,0.0
18,1774128400128883489,0.179967071,179,9.987273,0.39637001464143395,42.86736014445883,0.5358420018057354,-0.5358420018057354,-0.018850184977054596,-0.01781417801976204,-0.06193329393863678,-0.01443202793598175,-0.010248982347548008,-0.02908371388912201,0.9944430873635904,-0.10527277737541119,0.0009622308233720629,0.10527200172065188,0.9944432934789394,0.0008241710803969932,-0.0010436464825317043,-0.0007182953060609724,0.9999991974267369,0.0013200537068769336,-0.0005942670395597816,-0.0007302325684577227,-0.018850184977054596,-0.01781417801976204,-0.06193329393863678,-0.01443202793598175,-0.010248982347548008,-0.02908371388912201,0.9944430873635904,-0.10527277737541119,0.0009622308233720629,0.10527200172065188,0.9944432934789394,0.0008241710803969932,-0.0010436464825317043,-0.0007182953060609724,0.9999991974267369,0.0013200537068769336,-0.0005942670395597816,-0.0007302325684577227,42.86736014445883,-0.005501625593234113,0.006992898212108175,0.0001241556784694332,42.86736014445883,-0.005501625593234113,0.006992898212108175,0.0001241556784694332,-0.004474498797208071,-0.013456557877361774,-0.06343916058540344,0.0,0.0,0.0,0.9944454110131885,-0.10525299940589838,0.00031526008774698973,0.10525284921270117,0.9944453703965196,0.00046020385901807473,-0.00036194678285039403,-0.0004244655947961123,0.9999998444117283,0.0,0.0,0.0
19,1774128400138874759,0.189958341,189,9.99127,0.5368449783418328,42.867320965955535,0.5358415120744442,-0.5358415120744442,-0.018850184977054596,-0.01781417801976204,-0.06193329393863678,-0.01443202793598175,-0.010248982347548008,-0.02908371388912201,0.9944430873635904,-0.10527277737541119,0.0009622308233720629,0.10527200172065188,0.9944432934789394,0.0008241710803969932,-0.0010436464825317043,-0.0007182953060609724,0.9999991974267369,0.0013200537068769336,-0.0005942670395597816,-0.0007302325684577227,-0.018850184977054596,-0.01781417801976204,-0.06193329393863678,-0.01443202793598175,-0.010248982347548008,-0.02908371388912201,0.9944430873635904,-0.10527277737541119,0.0009622308233720629,0.10527200172065188,0.9944432934789394,0.0008241710803969932,-0.0010436464825317043,-0.0007182953060609724,0.9999991974267369,0.0013200537068769336,-0.0005942670395597816,-0.0007302325684577227,42.867320965955535,-0.005501628436717951,0.006992902268792163,0.0001241556767566997,42.867320965955535,-0.005501628436717951,0.006992902268792163,0.0001241556767566997,-0.004474498797208071,-0.013456557877361774,-0.06343916058540344,0.0,0.0,0.0,0.9944454110131885,-0.10525299940589838,0.00031526008774698973,0.10525284921270117,0.9944453703965196,0.00046020385901807473,-0.00036194678285039403,-0.0004244655947961123,0.9999998444117283,0.0,0.0,0.0
20,1774128400148839645,0.199923227,199,9.964886,0.3915220149792731,42.86537323233006,0.5358171654041257,-0.5358171654041257,-0.01953645423054695,-0.018217487260699272,-0.0618557333946228,-0.014923116192221642,-0.010595686733722687,-0.029017403721809387,0.9944432693415546,-0.10527086288627197,0.0009831903419120474,0.10527005263764666,0.9944434842333341,0.0008425307562357001,-0.0010664208778196002,-0.0007343485786618659,0.9999991617391147,-0.0003186382818967104,-0.0002525124291423708,-0.00016539620992261916,-0.01953645423054695,-0.018217487260699272,-0.0618557333946228,-0.014923116192221642,-0.010595686733722687,-0.029017403721809387,0.9944432693415546,-0.10527086288627197,0.0009831903419120474,0.10527005263764666,0.9944434842333341,0.0008425307562357001,-0.0010664208778196002,-0.0007343485786618659,0.9999991617391147,-0.0003186382818967104,-0.0002525124291423708,-0.00016539620992261916,42.86537323233006,-0.005278196416977062,0.0071325031836385975,3.780023624175309e-05,42.86537323233006,-0.005278196416977062,0.0071325031836385975,3.780023624175309e-05,-0.004474498797208071,-0.013456557877361774,-0.06343916058540344,0.0,0.0,0.0,0.9944454110131885,-0.10525299940589838,0.00031526008774698973,0.10525284921270117,0.9944453703965196,0.00046020385901807473,-0.00036194678285039403,-0.0004244655947961123,0.9999998444117283,0.0,0.0,0.0
21,1774128400158971485,0.210055067,210,10.13184,0.5904120043851435,42.86533145631249,0.5358166432039061,-0.5358166432039061,-0.01953645423054695,-0.018217487260699272,-0.0618557333946228,-0.014923116192221642,-0.010595686733722687,-0.029017403721809387,0.9944432693415546,-0.10527086288627197,0.0009831903419120474,0.10527005263764666,0.9944434842333341,0.0008425307562357001,-0.0010664208778196002,-0.0007343485786618659,0.9999991617391147,-0.0003186382818967104,-0.0002525124291423708,-0.00016539620992261916,-0.01953645423054695,-0.018217487260699272,-0.0618557333946228,-0.014923116192221642,-0.010595686733722687,-0.029017403721809387,0.9944432693415546,-0.10527086288627197,0.0009831903419120474,0.10527005263764666,0.9944434842333341,0.0008425307562357001,-0.0010664208778196002,-0.0007343485786618659,0.9999991617391147,-0.0003186382818967104,-0.0002525124291423708,-0.00016539620992261916,42.86533145631249,-0.005278199585876534,0.007132507677788641,3.780023426392315e-05,42.86533145631249,-0.005278199585876534,0.007132507677788641,3.780023426392315e-05,-0.004474498797208071,-0.013456557877361774,-0.06343916058540344,0.0,0.0,0.0,0.9944454110131885,-0.10525299940589838,0.00031526008774698973,0.10525284921270117,0.9944453703965196,0.00046020385901807473,-0.00036194678285039403,-0.0004244655947961123,0.9999998444117283,0.0,0.0,0.0
22,1774128400168859897,0.219943479,219,9.888412,0.29208799242042005,42.862403701639636,0.5357800462704955,-0.5357800462704955,-0.02055063098669052,-0.018831100314855576,-0.061745092272758484,-0.015734562650322914,-0.011281006038188934,-0.02890770137310028,0.9944442170760058,-0.10526116457852308,0.000987252045440752,0.10526030008932485,0.9944444001044016,0.0008903015743206601,-0.0010754812811572916,-0.0007814368230030276,0.9999991163479376,0.0005424257833510637,-0.000453351327450946,-0.0004976920899935067,-0.02055063098669052,-0.018831100314855576,-0.061745092272758484,-0.015734562650322914,-0.011281006038188934,-0.02890770137310028,0.9944442170760058,-0.10526116457852308,0.000987252045440752,0.10526030008932485,0.9944444001044016,0.0008903015743206601,-0.0010754812811572916,-0.0007814368230030276,0.9999991163479376,0.0005424257833510637,-0.000453351327450946,-0.0004976920899935067,42.862403701639636,-0.005859141599631401,0.007461482512672969,7.966292392557251e-05,42.862403701639636,-0.005859141599631401,0.007461482512672969,7.966292392557251e-05,-0.004474498797208071,-0.013456557877361774,-0.06343916058540344,0.0,0.0,0.0,0.9944454110131885,-0.10525299940589838,0.00031526008774698973,0.10525284921270117,0.9944453703965196,0.00046020385901807473,-0.00036194678285039403,-0.0004244655947961123,0.9999998444117283,0.0,0.0,0.0
23,1774128400179021921,0.230105503,230,10.162024,0.344058993505314,42.86235887339518,0.5357794859174397,-0.5357794859174397,-0.02055063098669052,-0.018831100314855576,-0.061745092272758484,-0.015734562650322914,-0.011281006038188934,-0.02890770137310028,0.9944442170760058,-0.10526116457852308,0.000987252045440752,0.10526030008932485,0.9944444001044016,0.0008903015743206601,-0.0010754812811572916,-0.0007814368230030276,0.9999991163479376,0.0005424257833510637,-0.000453351327450946,-0.0004976920899935067,-0.02055063098669052,-0.018831100314855576,-0.061745092272758484,-0.015734562650322914,-0.011281006038188934,-0.02890770137310028,0.9944442170760058,-0.10526116457852308,0.000987252045440752,0.10526030008932485,0.9944444001044016,0.0008903015743206601,-0.0010754812811572916,-0.0007814368230030276,0.9999991163479376,0.0005424257833510637,-0.000453351327450946,-0.0004976920899935067,42.86235887339518,-0.005859145257831035,0.007461487616425223,7.966292149130946e-05,42.86235887339518,-0.005859145257831035,0.007461487616425223,7.966292149130946e-05,-0.004474498797208071,-0.013456557877361774,-0.06343916058540344,0.0,0.0,0.0,0.9944454110131885,-0.10525299940589838,0.00031526008774698973,0.10525284921270117,0.9944453703965196,0.00046020385901807473,-0.00036194678285039403,-0.0004244655947961123,0.9999998444117283,0.0,0.0,0.0
24,1774128400188871857,0.239955439,239,9.849936,0.27517799753695726,42.85933309430582,0.5357416636788227,-0.5357416636788227,-0.02118743024766445,-0.019297655671834946,-0.061636388301849365,-0.016176419332623482,-0.011649210005998611,-0.028786158189177513,0.9944453664217151,-0.10525074849680727,0.0010001136135707397,0.10524984169243101,0.9944455398196935,0.0009199131383372354,-0.0010913797892805784,-0.00080954158490152,0.999999076765991,0.0007938702474348247,-0.0012698768405243754,0.0010358826257288456,-0.02118743024766445,-0.019297655671834946,-0.061636388301849365,-0.016176419332623482,-0.011649210005998611,-0.028786158189177513,0.9944453664217151,-0.10525074849680727,0.0010001136135707397,0.10524984169243101,0.9944455398196935,0.0009199131383372354,-0.0010913797892805784,-0.00080954158490152,0.999999076765991,0.0007938702474348247,-0.0012698768405243754,0.0010358826257288456,42.85933309430582,-0.006147133488797684,0.00785313953498294,-0.0001588730588290035,42.85933309430582,-0.006147133488797684,0.00785313953498294,-0.0001588730588290035,-0.004474498797208071,-0.013456557877361774,-0.06343916058540344,0.0,0.0,0.0,0.9944454110131885,-0.10525299940589838,0.00031526008774698973,0.10525284921270117,0.9944453703965196,0.00046020385901807473,-0.00036194678285039403,-0.0004244655947961123,0.9999998444117283,0.0,0.0,0.0
25,1774128400198962940,0.250046522,250,10.091083,0.5440259992610663,42.859285722577525,0.5357410715322191,-0.5357410715322191,-0.02118743024766445,-0.019297655671834946,-0.061636388301849365,-0.016176419332623482,-0.011649210005998611,-0.028786158189177513,0.9944453664217151,-0.10525074849680727,0.0010001136135707397,0.10524984169243101,0.9944455398196935,0.0009199131383372354,-0.0010913797892805784,-0.00080954158490152,0.999999076765991,0.0007938702474348247,-0.0012698768405243754,0.0010358826257288456,-0.02118743024766445,-0.019297655671834946,-0.061636388301849365,-0.016176419332623482,-0.011649210005998611,-0.028786158189177513,0.9944453664217151,-0.10525074849680727,0.0010001136135707397,0.10524984169243101,0.9944455398196935,0.0009199131383372354,-0.0010913797892805784,-0.00080954158490152,0.999999076765991,0.0007938702474348247,-0.0012698768405243754,0.0010358826257288456,42.859285722577525,-0.006147137521736982,0.007853145100504768,-0.00015887306160221237,42.859285722577525,-0.006147137521736982,0.007853145100504768,-0.00015887306160221237,-0.004474498797208071,-0.013456557877361774,-0.06343916058540344,0.0,0.0,0.0,0.9944454110131885,-0.10525299940589838,0.00031526008774698973,0.10525284921270117,0.9944453703965196,0.00046020385901807473,-0.00036194678285039403,-0.0004244655947961123,0.9999998444117283,0.0,0.0,0.0
26,1774128400208873425,0.259957007,259,9.910485,0.32664299942553043,42.85418598476302,0.5356773248095378,-0.5356773248095378,-0.022108685225248337,-0.020017042756080627,-0.061483234167099,-0.016921617090702057,-0.012346007861196995,-0.028536329045891762,0.9944466154288029,-0.10523855697725226,0.0009998141647167085,0.1052376094225771,0.9944467574291701,0.0009574143604420644,-0.0010950186514626968,-0.0008468794332711555,0.9999990418643275,0.0006644879467785358,0.00020068680169060826,0.00018174716387875378,-0.022108685225248337,-0.020017042756080627,-0.061483234167099,-0.016921617090702057,-0.012346007861196995,-0.028536329045891762,0.9944466154288029,-0.10523855697725226,0.0009998141647167085,0.1052376094225771,0.9944467574291701,0.0009574143604420644,-0.0010950186514626968,-0.0008468794332711555,0.9999990418643275,0.0006644879467785358,0.00020068680169060826,0.00018174716387875378,42.85418598476302,-0.00646796001266901,0.007727031256474715,-4.073917014950522e-05,42.85418598476302,-0.00646796001266901,0.007727031256474715,-4.073917014950522e-05,-0.004474498797208071,-0.013456557877361774,-0.06343916058540344,0.0,0.0,0.0,0.9944454110131885,-0.10525299940589838,0.00031526008774698973,0.10525284921270117,0.9944453703965196,0.00046020385901807473,-0.00036194678285039403,-0.0004244655947961123,0.9999998444117283,0.0,0.0,0.0
27,1774128400218987213,0.270070795,270,10.113788,0.37693599006161094,42.85413447293971,0.5356766809117464,-0.5356766809117464,-0.022108685225248337,-0.020017042756080627,-0.061483234167099,-0.016921617090702057,-0.012346007861196995,-0.028536329045891762,0.9944466154288029,-0.10523855697725226,0.0009998141647167085,0.1052376094225771,0.9944467574291701,0.0009574143604420644,-0.0010950186514626968,-0.0008468794332711555,0.9999990418643275,0.0006644879467785358,0.00020068680169060826,0.00018174716387875378,-0.022108685225248337,-0.020017042756080627,-0.061483234167099,-0.016921617090702057,-0.012346007861196995,-0.028536329045891762,0.9944466154288029,-0.10523855697725226,0.0009998141647167085,0.1052376094225771,0.9944467574291701,0.0009574143604420644,-0.0010950186514626968,-0.0008468794332711555,0.9999990418643275,0.0006644879467785358,0.00020068680169060826,0.00018174716387875378,42.85413447293971,-0.006467964710487618,0.007727037600315423,-4.0739173543337914e-05,42.85413447293971,-0.006467964710487618,0.007727037600315423,-4.0739173543337914e-05,-0.004474498797208071,-0.013456557877361774,-0.06343916058540344,0.0,0.0,0.0,0.9944454110131885,-0.10525299940589838,0.00031526008774698973,0.10525284921270117,0.9944453703965196,0.00046020385901807473,-0.00036194678285039403,-0.0004244655947961123,0.9999998444117283,0.0,0.0,0.0
28,1774128400228827131,0.279910713,279,9.839918,0.3250559966545552,42.85021346016047,0.5356276682520058,-0.5356276682520058,-0.02268999069929123,-0.02052612043917179,-0.06136053800582886,-0.017313743010163307,-0.012770221568644047,-0.02835232950747013,0.9944473279413858,-0.1052318488368218,0.0009899124101827878,0.10523087176349089,0.9944474289658144,0.0009922887428120974,-0.0010888360324944751,-0.0008826095531361527,0.9999990177178464,0.0006537417648360133,0.0006551849655807018,0.0005340862553566694,-0.02268999069929123,-0.02052612043917179,-0.06136053800582886,-0.017313743010163307,-0.012770221568644047,-0.02835232950747013,0.9944473279413858,-0.1052318488368218,0.0009899124101827878,0.10523087176349089,0.9944474289658144,0.0009922887428120974,-0.0010888360324944751,-0.0008826095531361527,0.9999990177178464,0.0006537417648360133,0.0006551849655807018,0.0005340862553566694,42.85021346016047,-0.006718444195459899,0.007725478955707081,-9.911882731165417e-05,42.85021346016047,-0.006718444195459899,0.007725478955707081,-9.911882731165417e-05,-0.004474498797208071,-0.013456557877361774,-0.06343916058540344,0.0,0.0,0.0,0.9944454110131885,-0.10525299940589838,0.00031526008774698973,0.10525284921270117,0.9944453703965196,0.00046020385901807473,-0.00036194678285039403,-0.0004244655947961123,0.9999998444117283,0.0,0.0,0.0
